hdp.1	hdp.2	hdp.3	hdp.4	hdp.5
1	0.0155087607585585	0.0384655626608	0.0128568330209057	0.0316562164087564	0.00567369599184406
2	0.0276563032726801	0.0300120346731604	0.017810383095757	0.033558414421952	0.00787890205117408
3	0.00415406580717575	0.0807836053605133	0.00896215642830076	0.0229607637114591	0.00210547312197338
4	0.00576160046734534	0.0580866914752535	0.00964479839071164	0.0175995312330943	0.00361254861980696
5	0.00555552220397546	0.0792336045755048	0.00364034479206599	0.0133396806164198	0.00289225518334238
6	0.0034427801085932	0.041174073815945	0.00453273273422926	0.0114812849978875	0.00109706231092297
7	0.00517120849634493	0.0486977867220471	0.0073592581767665	0.010770331491104	0.00199465874713268
8	0.00300360880197421	0.0291615025561442	0.00519248978268115	0.0043787944388841	0.00104165512350262
9	0.00199774814731398	0.0497042777287172	0.00627251634755996	0.0124386156853756	0.00227169468423444
10	0.00249457168532274	0.0221176876672959	0.00824941947865268	0.00250052969287567	0.00937489611152359
11	0.00603485341325016	0.0199842894013015	0.0141160334410974	0.0248555559589591	0.00876541704989971
12	0.00727763679259832	0.00545630170374659	0.00679798578120534	0.0278331253396943	0.00545206724216265
13	0.00187468081675306	0.0136541660286662	0.00672049516521291	0.0142773228048633	0.00310280249553972
14	0.00228756187781909	0.0212816680695435	0.00908177649207563	0.0125176406242013	0.00356822286987068
15	0.00223156572488935	0.0114518260543925	0.00656775824525336	0.0224967292706748	0.00536341574229009
16	0.000651770378925242	0.0233142608125076	0.00968169700101773	0.0197593053897537	0.00305847674560344
17	0.00323421772753328	0.00570092889972104	0.00509534818265597	0.00944009340657455	0.00546314867964672
18	0.00482146542656751	0.00362546484236478	0.00549292717435443	0.0112028462705738	0.00329118693276892
19	0.00543400744697081	0.0118874623362468	0.00533015270139975	0.0107098209665174	0.00576234749171663
20	0.00356771052742166	0.00697574219369851	0.0151406767470206	0.00750330504872723	0.0374220143837059
21	0.00680534391677875	0.00275207768004084	0.00840766998406026	0.00269768562596873	0.0331445795148547
22	0.00591996297008563	0.00665157132926392	0.0089953616432266	0.00195241271718085	0.0227391097173125
23	0.000704764889646177	0.00666107253948057	0.00495452202100404	0.00350626880003295	0.0174532640374109
24	0.0019652476075359	0.00571888850439886	0.00506352136409214	0.00433318575990471	0.0215090701565807
25	0.00137765026893679	0.00686989639451667	0.00446807180745245	0.00234618269807217	0.0140734256047695
26	0.00245844847391335	0.00277186221229075	0.00436440933233007	0.00553102320407021	0.0107933201094846
27	0.00308651622987942	0.00248193046516129	0.00501202588974734	0.00159142679662521	0.0101727596103767
28	0.00475522228816635	0.00330036703059198	0.00464880077660972	0.00144105362731694	0.00867676555002715
29	0.00568314375030146	0.00286869924202937	0.00214436061732859	0.00144918190673901	0.0532573885484425
30	0.00280384433773319	0.00231389229300643	0.0046796909925173	0.00261324183419502	0.0474063895568533
31	0.00278148727852279	0.00192101145712703	0.00220493937026407	0.00158429197357695	0.0229164127170577
32	0.00124526749703821	0.00136936192247488	0.00176091902421484	0.00229380045290773	0.0296871710198247
33	0.00350126037921299	0.00123144953881184	0.00272411766153926	0.00576529827985738	0.0424419055639898
34	0.00111878450465348	0.00144705169625859	0.00267711081124511	0.00156424221766918	0.0237475205283629
35	0.00215134942448168	0.00102100352593387	0.000630757709605003	0.000757736270568385	0.0182732904112321
36	0.000955350261629345	0.000132785206198566	0.00129464994714292	0.000866023015313498	0.018716547910595
37	0.000497341062527519	0.000251753103636942	0.00129682357217532	0.00124462020795029	0.00953003623630057
38	0.00376385232003137	0.00275216458135379	0.00188094553819901	0.00160894775449056	0.00148491262286544
39	0.00159770169431317	0.00213922065396251	0.000505535701640947	0.000246648123351878	0.000398931749426536
40	0.00954573974851207	0.0264104966589632	0.011237676760999	0.0154783212465818	0.00613911636617502
41	0.00192777883237774	0.021319933614349	0.00854066756124591	0.00195033549021744	0.0189825024102127
42	0.00431636149625861	0.00141092971717272	0.0118671090894867	0.00176907485910531	0.0138850411675403
43	0.00268025948265351	0.00587189274941213	0.00811626285573295	0.00823313422661318	0.00747997030174754
44	0.00209856192356825	0.00342979205268954	0.00466878752385885	0.00427439120541842	0.00453230793098481
45	0.00461528365829388	0.031507026927067	0.00542441380646329	0.00558557299041387	0.00270387074611319
46	0.00131937700812451	0.00524652193426796	0.0060136959229704	0.00347059468479165	0.00334659412018927
47	0.00371385945151923	0.004089054379887	0.00405881179017337	0.0061354059362089	0.00147383118538137
48	0.0010976695042881	0.0327890240629156	0.00472903051357794	0.00472794919716984	0.000897596436209705
49	0.000721118664438965	0.00422056503349553	0.00419905478413368	0.00502490233872274	0.000121895812324775
50	0.00101745320388044	0.00248717351104304	0.00162899942367128	0.00651779632590932	0.000465420374330958
51	0.00371675758882429	0.0312093319959801	0.00106410431972278	0.0140246236290528	0.00150707549783358
52	0.00590888794538419	0.00554525968111042	0.0389442211943038	0.00765783267196233	0.0251327002138717
53	0.0103659126058415	0.0061773508644566	0.043961442578031	0.0121990120708562	0.0199355060338427
54	0.00990614382337592	0.0120137009768692	0.036521477527094	0.00792407898014297	0.0134971908555978
55	0.00361335618997621	0.00423249948047498	0.0143657352435998	0.00479234323303578	0.0190157467226649
56	0.0037347674420771	0.00359942341558195	0.0255864824697936	0.00480679350756391	0.0095189547988165
57	0.00849050725476221	0.00595166815470682	0.0207958659136311	0.00283460197712269	0.0152702208530491
58	0.0031248130442676	0.00201984721706366	0.0170345933484211	0.00400543547076375	0.00998437517314746
59	0.00724762037051029	0.0022053235860186	0.0238564536614864	0.00294957197383706	0.00884298711228821
60	0.00163061625370625	0.00528394743304819	0.0196171956501274	0.00591648427710786	0.0163783646014561
61	0.0084817093379433	0.00353149555595376	0.0254927338454288	0.00514628464475897	0.01227823273235
62	0.00695439097818137	0.00444169990786723	0.0242885455774798	0.00346056980683776	0.0190268281601489
63	0.0104784224362198	0.00405988450583771	0.0192347790184111	0.00789319151833911	0.0131647477310757
64	0.000999339845723871	0.00284147016396945	0.0105608311320078	0.00760960488072472	0.0106603428596758
65	0.00655175690258677	0.00325060154537184	0.0123775575371358	0.00127677206877536	0.0102835739852174
66	0.0117052660603901	0.00179109399425605	0.0156598373665476	0.00738409028387022	0.0103611440476059
67	0.00315213833885808	0.00176890519234766	0.00790980382115152	0.00402160171539209	0.0100287009230837
68	0.00487083726565714	0.00224156143352174	0.0107860929067069	0.00186390478569611	0.0077570062388493
69	0.00598465353493052	0.00176606641612439	0.00945613480659871	0.00189786293083719	0.0132312363559801
70	0.0109861139891225	0.0085965096145585	0.0211413662632931	0.0460365877338483	0.0060726277412706
71	0.0763947958562433	0.00644254470449759	0.0209476485591861	0.0814890718895739	0.00818918230072805
72	0.0144342763527108	0.0299868043252985	0.0390740378568078	0.0344993079221643	0.0281136068970867
73	0.00334859064617904	0.00843296134357309	0.00823807421628845	0.00797031985863297	0.00214979887190966
74	0.00855105762345703	0.00164249274909928	0.0316432797866992	0.0104983953873279	0.0200684832836516
75	0.00276637556257503	0.000694660128675353	0.0112728788834749	0.00253656506498018	0.0095189547988165
76	0.00497972442440405	0.00518406885735607	0.00518340650409047	0.00559487535464135	0.00119679524827961
77	0.00290445110417996	0.00121824053924234	0.00277495928119952	0.00228883317103869	0.00221628749681409
78	0.00393163376901307	0.00179008014560489	0.0160672771937589	0.0143476775789721	0.00628317505346794
79	0.00876727936739459	0.00169150508960713	0.0160646441032725	0.010656084008116	0.00791214636362629
80	0.00178504557010397	0.0056387075596437	0.0158227708852364	0.00795866932479467	0.00699238705244844
81	0.00136843833250288	0.00364918890080209	0.0183057045269205	0.0100598295553994	0.0186278964107224
82	0.0201852158149697	0.007380615410766	0.0227120842612989	0.0432080368091843	0.00653804811560156
83	0.0151020899917175	0.00120030990166885	0.0204904804324531	0.0244862611305497	0.0159683514145455
84	0.012846407624254	0.000342767745407425	0.00952282798442207	0.00970561720102879	0.00328010549528485
85	0.0935648103200185	0.0034598309398684	0.0193637651087483	0.0649020533298219	0.00183951862235569
86	0.148790886765842	0.00535572791755082	0.015023371682264	0.0486385402910683	0.00743564455181126
87	0.1132427486017	0.00402344388860434	0.0085067908198873	0.0210756350850498	0.00622776786604758
88	0.140744519053079	0.00513100112224356	0.0135862167573872	0.0185423213318385	0.00985139792333862
89	0	0	0	0	0
