hdp.1	hdp.2	hdp.3	hdp.4	hdp.5	hdp.6	hdp.7	hdp.8
0.0106414622502881	0.00964169525878843	0.000841331686020314	0.0261427077319315	0.0139192565900396	0.0361666154783716	0.011284711275332	0.00712382066218514
0.0250260514928756	0.00371215808223445	0.00105300897182337	0.0375032149332084	0.0255626928294956	0.137217262972973	0.00436477848198184	0.0242845427697679
0.00614158679000648	0.00673011410583613	0.000355359364452086	0.0133764266402916	0.00703648432227986	0.0227458311950247	0.00580980083465597	0.002085805466353
0.0114303620907778	0.00663976119052354	0.00017699771780046	0.0218613145420608	0.0124048912387439	0.0505867824793192	0.00586038485062487	0.00635815317855905
0.00500130650597607	0.00266646507773017	0.000298745137384025	0.00862147248789468	0.00700494894717187	0.0169777425426521	0.00168814652959308	0.0029280318568695
0.00294942644509868	0.00255064072568247	0.000200687596780953	0.0075522206831585	0.00620226242632155	0.0133846738639121	0.00297042459271563	0.00183009505798533
0.00431239694511445	0.00438723796197454	0.000887481672066316	0.00685886558439627	0.0073100831430819	0.0155287550565968	0.00474596014711419	0.00244852583197889
0.0034828524247928	0.00339794422439884	0.00085516103019156	0.0063746494382645	0.00295390942671266	0.0107690448591929	0.00464935227688311	0.00269811989203234
0.0030192077970256	0.00374717820752167	0.000258509236274636	0.0152229947386355	0.00747353059971006	0.0157468015328008	0.00737262736475349	0.00385810887424114
0.00193880109275557	0.00523583115369016	0.00648936105869767	0.00459401958079138	0.00635177412589992	0.00809987847013756	0.00794411133370205	0.0107075302859874
0.0105990543781068	0.0152223952808347	0.00258794319764019	0.0248580560217175	0.0133883107890513	0.0456008313081088	0.0123867081307345	0.0106684797544427
0.00485541456082374	0.00197122134398263	0.00108307130527242	0.0142922025019461	0.00427357982106566	0.0181316370650456	0.00525930205430218	0.00588745574077055
0.00607656377602797	0.00619444507895687	0.0005416027311043	0.0148625521788058	0.00664388853001225	0.0207735430920768	0.00587954034470769	0.00502071168051584
0.0081818741056219	0.00334474438817993	0.000636183371111368	0.0163894978083113	0.00852592233350051	0.0301427310308398	0.00527499520338546	0.00867099540327672
0.00704536464145883	0.010220990631546	0.00103420464126877	0.0143082513560125	0.00761655203121641	0.0173340575084015	0.00801321748796117	0.00643897261867689
0.0086654190152473	0.00712731474781554	0.000837653550020039	0.0154564341177525	0.00799285672721454	0.0287283243246669	0.00627610551831361	0.00542232574824243
0.00623101421121627	0.00173223131050691	0.00075790843120557	0.0134670370001003	0.00404957397605586	0.0181165591894571	0.00452470785689965	0.00236527553547976
0.00541768714954617	0.00212553807170014	0.000737214723799768	0.00751376290419138	0.00221497408740844	0.0168973089961853	0.00376555352931745	0.003403329625014
0.00686823714089724	0.00323182184538054	0.000524352385060458	0.0129983906377643	0.00735297648731592	0.025919286966535	0.00245088987333335	0.00324921855808814
0.00503043665979994	0.00168890258608992	0.0130830626745095	0.0155761603862509	0.00391762263888202	0.0234989601546742	0.00767959380556641	0.0498041696871582
0.00278339956032631	0.000659603563749141	0.00877306986431513	0.00948918438567258	0.00109414666406829	0.0140557121675797	0.00481700859247062	0.0244146327935281
0.00372509745426475	0.00211432766332207	0.00633841214600554	0.00950173933069621	0.00217389958846074	0.0183561480893582	0.00338299255601455	0.024776203076565
0.00225111427808558	0.00114544579763829	0.00540880519597863	0.00667442353020043	0.00256597197201286	0.0148826462356354	0.00652778703571924	0.0159626497087337
0.00143751670816225	0.00278553846406443	0.00538361723121079	0.00719540418968758	0.00395457529419528	0.00897235573486816	0.00171636604879666	0.0137608165920951
0.00226354462119189	0.00138904896376516	0.00393219569816617	0.00520248012366357	0.00147911377430771	0.0131517680320557	0.002951452068084	0.00994988724224362
0.00206435277274626	0.00303110097147861	0.00242612757311746	0.0107653449883311	0.00103056559035472	0.0108878468644338	0.00236293786560111	0.00904474610646074
0.00152199676155993	0.00122947425689688	0.00384080128539338	0.00527573657591	0.0031354799101145	0.00689470460274733	0.00321529401670753	0.0107138034637456
0.00231016329654394	0.00135559135115009	0.00248193685856844	0.0078605189219789	0.00137516480341233	0.0155228185983337	0.00187421238688547	0.0098894294915992
0.00106645434484734	0.00242209305616144	0.0222467528180028	0.00529741863557252	0.00285709189956577	0.00450342273238858	0.0102707649496738	0.0881190665866976
0.000883675503188127	0.00142208494597662	0.0169141264022852	0.00641641940996483	0.0043812319086231	0.00590158612331393	0.00847356862716839	0.0552389372379543
0.000812577460486444	0.00113458261429848	0.0117419405024944	0.00238167307098267	0.00224505700333096	0.00423151109194448	0.00366738338146462	0.0329454749503909
0.000596112193460984	0.00120442445056536	0.0131366807300029	0.00173103782462979	0.00280791765074593	0.00344540383194375	0.00494656503849002	0.0359935074701262
0.000677316815599657	0.00388222394561583	0.0146752707323306	0.00215688173623392	0.0015849731870146	0.0013053834680709	0.00537575507270136	0.0396651199972649
0.0003228336749858	0.00105360477501888	0.0104091360605225	0.00127216284384835	0.00309072846494051	0.000693782587013091	0.000804038141417708	0.0283496403717882
0.000249503124411064	0.000970568387298181	0.0082580413863192	0.0013096790019387	0.00141196043611095	0.001599565931999	0.00228088310402663	0.0255687668098293
0.000403308250754307	0.00105903636668879	0.00703248423507868	0.00181798081891843	0.00169151303105163	0.00115906616088042	0.000584207383093217	0.0211466992551281
0.00021777218039348	0.00291835204119835	0.00496433208666882	0.000367133023954158	0.000931314212680824	0.00151397895704004	0.00126279885385684	0.0117761922553334
0.000858906072771772	0.000940062187508316	0.000779317642270999	0.00155122953632754	0.00323106742677999	0.00247018577727305	0.00119805581728006	0.00345364573828271
0.000165821559230756	0.000724336231595926	5.80228748979527e-06	0.000349382644443775	0.00216517174813002	0.00070804101284136	0.000689555563262166	0.000770450781666701
0.00522453447933231	0.0108347108866682	0.00744707388685434	0.0127675118066455	0.0194575619755502	0.0174899714827841	0.00866271681598475	0.00620213402006507
0.000484770344603886	0.00654571280873235	0.0307599159779581	0.00549459735110153	0.00805109903203017	0.00126737920919019	0.00808931870508522	0.00145020186824643
0.000214425048151691	0.00395692693241833	0.0306549940741204	0.00227778090091213	0.00590821140996193	0.000433780283084565	0.0108059365198467	0.00902634478503676
0.00272586929904875	0.0118105620549056	0.00653688615333952	0.0101839436559177	0.0195275155503748	0.002987640985876	0.0119526342196336	0.00800167347471996
0.00107001983917307	0.000921634458692163	0.00359884925099232	0.00366028684382013	0.00304834544420409	0.00470721078276427	0.00634421237787774	0.00184277210470498
0.00191224565604077	0.00149562224872211	0.00557240957965043	0.00678389934687359	0.00235875446155225	0.00561177405810715	0.00764969941215575	0.00106939384008447
0.00135053689777387	0.00341146119910248	0.00207683881002753	0.00410113887062686	0.00633425301914905	0.00294453792848709	0.00511913338011346	0.00153384423835545
0.00153335484906006	0.00466484438006231	0.00344620101710858	0.00403382123776989	0.00788659167275315	0.00326486994476435	0.00414978937682744	0.0023691439950973
0.00124127111828193	0.00295347137363936	0.00449787959931482	0.00458333135785679	0.00259385657133034	0.00235360539138213	0.00508999901365391	0.00309003667247441
0.00245673314189714	0.00656582705916291	0.0014018058261473	0.00941662175933535	0.00756804512850881	0.0106344183685819	0.00675343059276247	0.00140814543902599
0.0014470268657879	0.0025827590417214	0.000879454615384865	0.00136023743515557	0.00503176351588185	0.00295901487425143	0.00193926506407196	0.000706072294923415
0.00171412606320132	0.00767121796845922	0.00414074265545835	0.00365226654670307	0.0137402246389079	0.00516344398927956	0.00322794705798634	0.00156991501046497
0.00164610790362378	0.0052937929332909	0.0501471360607684	0.0114458643077731	0.00579281287341532	0.00260120668893895	0.0436930767962758	0.0127380010968651
0.00168653422137173	0.00406315299233702	0.0366985404541465	0.0168040340095619	0.00559141828491447	0.00404238208727985	0.0456243052790684	0.00895409868785509
0.00101565745768033	0.00546591734511339	0.0476232080811756	0.0142442789552178	0.00390618615844867	0.00499301664914319	0.048688663573113	0.00966929322876852
0.000783339755188401	0.00235316888606711	0.0181945537404234	0.00500659820179818	0.00188766044717973	0.00230116060672643	0.0183670505684776	0.00437799848095001
0.000897279135103636	0.00365275779890378	0.0189426798950325	0.0080557565769286	0.00116137851357237	0.00277043216942696	0.0254477431365625	0.00857689773690407
0.000743379493828542	0.00263318107763424	0.0254831100274361	0.00629079562123826	0.00210022981175619	0.00249194672090623	0.0253287707695661	0.00446757423168863
0.000726780716314002	0.000746236210794666	0.0249746664190577	0.00490064107366454	0.00326758826990298	0.00389843207939674	0.012178122956372	0.00511530597346101
0.000498057840368028	0.0026783947379732	0.0266631991570562	0.00570419885433814	0.0023790365492773	0.00209194597793845	0.0209702976963639	0.00831290150624748
0.00107012087237608	0.0029301328907107	0.0419158142642385	0.00609560752528207	0.00198170390813455	0.00308116751851201	0.0226071987050492	0.00451122509358928
0.00128827763076813	0.00676081871993357	0.0522740265877359	0.00942056995915199	0.00983957352762544	0.00170460118126779	0.0409920536085854	0.0141224914280947
0.000809119517634897	0.0088502949912317	0.0386985855979555	0.00681564188221952	0.0107574230511004	0.00360228293604406	0.0430157942608169	0.0138352060250108
0.00120984653300897	0.0026825614384323	0.038980315163934	0.00605267291723415	0.0138158441130776	0.00144239546798393	0.0369603358260716	0.00641651986995075
0.000750728844563921	0.00320878098391324	0.030880914354648	0.00441217937375505	0.0039121530178052	0.00147659383797817	0.0230887883751682	0.00666799588333165
0.00052975293389422	0.00427116559204238	0.0319390212900462	0.00474288653747617	0.00640490011052168	0.00258135779474634	0.0229649321312822	0.00735898641339478
0.000522820752513221	0.00311567507008303	0.043086266453943	0.00560942553907424	0.00564317032165808	0.00290880991894039	0.0271375504657896	0.00872970189179699
0.000669902282152656	0.00453617270159904	0.0297516259848614	0.00304974482322034	0.00538157064565854	0.000891379239200262	0.0152424390266971	0.00993519755099322
0.000282612682779453	0.00552784741086566	0.0271360911773469	0.00390585165668364	0.00731879789819473	0.00152319321434413	0.0191813631483086	0.00696926524516807
0.000482032670715762	0.00608799580294215	0.0389277256449514	0.00273148522670357	0.00810767951417412	0.00123580307842874	0.0253525286490752	0.00506679339879778
0.0139619184673459	0.0158857935182163	0.000387188097560847	0.0379501379367207	0.0391522150139973	0.0205548592660593	0.0115067095179245	0.0098601808003017
0.0945561664352545	0.145900166402639	0.000570222877489418	0.0354500684302323	0.0532955821307898	0.00611034550223511	0.0123303676143396	0.0013972196544305
0.00847355044445239	0.0195889733530329	0.00172695752046947	0.0458931808427332	0.0345049344552931	0.0218166844268745	0.0174819710347536	0.0251382699861744
0.00328613426025322	0.00927378552896498	0.00332656656926985	0.0127351993428742	0.0209733405303776	0.00763020628755424	0.00878232253877376	0.0121056125023596
0.0111582112332137	0.0165785570731191	0.000972458911391814	0.0485513270188678	0.0269394147738365	0.0144586629296844	0.021067651518973	0.0237683125167513
0.00232694132651544	0.00644938266240403	0.00085767647274494	0.0203960037808226	0.0191019319238137	0.00324740655987379	0.00843863553656326	0.010112467099143
0.0044827193705827	0.0364878951275225	0.0027373157663322	0.00205722686010885	0.06735504683049	0.00265301412378113	0.0100772536431751	0.00905755384438368
0.00187084159761848	0.31134572941601	0.000463199181651633	0.000753131504772771	0.154997454728843	0.0010770483448772	0.00259566093294828	0.0141068346219399
0.00213044804233096	0.0152166164641266	0.0011676348940447	0.00926572288391647	0.0207107332926008	0.00820779089856454	0.00994769719715572	0.00235450658032822
0.00685231626358357	0.010868490922533	0.000569630351021288	0.0114596664874669	0.0100342553993502	0.00931992990317491	0.00977265173065456	0.00177395011704966
0.00296786989335212	0.0123763900565364	0.0126069844269846	0.0072508276641011	0.0228964226623778	0.00794356387587208	0.0116733806133902	0.00515297117825073
0.00142566649118938	0.01835272820789	0.0655587271373243	0.00719366962491457	0.0251323069279699	0.00268113035555488	0.0304412187274244	0.0190015077059977
0.0148216002143859	0.0282560575330063	0.00111901418442404	0.0397964086811035	0.0304730909494743	0.015363462934958	0.0121223876466233	0.0113196617439821
0.0148012925405801	0.0101715110635942	0.00104074479190756	0.0376150861012348	0.0225981974615122	0.0146384684170769	0.011041502650974	0.0127895457074448
0.00983214066624716	0.00547742537495282	0.000379552331943255	0.0214492149913246	0.0107975161587066	0.0052891475825012	0.00800765803155947	0.00454687765384825
0.128631243719544	0.046441001642052	0.00027789491355268	0.0305917755165257	0.0177611027321372	0.0124429986194275	0.0143864375611399	0.00290753947619279
0.193279271335503	0.0120744034804052	0.000432264828117407	0.0233495876369606	0.00685458670843084	0.0134921310424723	0.00847176708180277	0.0110337616676532
0.137653538080922	0.00421335262317232	0.000150490543160181	0.0119515477579288	0.00330232952339331	0.0104856609221053	0.00286551272431492	0.00513059684424656
0.142974878664419	0.00375881024630334	0.000336253180791083	0.0182404849169103	0.00696115272290364	0.0145091774549049	0.00776157819427505	0.00755416065639605
0	0	0	0	0	0	0	0
