hdp.1	hdp.2	hdp.3	hdp.4	hdp.5
1	0.00172500452807741	0.0101831046046892	0.0169233138281491	0.00485606051690834	0.00271196303971142
2	0.00228437496266253	0.0318349218896362	0.0242187779775249	0.00948628155193595	0.00809034277265821
3	0.000593575526057918	0.009411870921539	0.00661146962133203	0.00195690124239856	0.00140197911811323
4	0.000698129265217186	0.00475113176575569	0.022195085266543	0.00382201699870613	0.00388028398538113
5	0.00100731439138428	0.00369079475325004	0.0117009618896871	0.00157357105575253	0.00101041290560842
6	0.000432312882025142	0.00436114285114687	0.000436538916065635	0.00172944151502164	0.000922478975126581
7	0.0124422297856809	0.00651110976548419	0.00370503004562351	0.00294823565782848	0.00300410344303304
8	0.00492370044178316	0.0100900887508965	0.00768867147492139	0.00136819783277099	0.00150077317480237
9	0.00415118699773718	0.00137119140520395	0.014491373074251	0.000905077661777675	0.00102256662025592
10	0.0300767431141944	0.0025267303080191	0.00367244182465388	0.00728338724771285	0.00759898974954503
11	0.00340195275298824	0.0142868416559751	0.127745109976293	0.00805043136335927	0.009318680205263
12	0.00240182830355188	0.00533480351575881	0.00374227372673165	0.00370592783017235	0.00110658970196505
13	0.0021436776672896	0.0120217799190248	0.0129070841778816	0.00274409893798877	0.0029829246927562
14	0.00181644719662577	0.00887869661507548	0.0328611025562057	0.00375041351791852	0.00404760814594903
15	0.00335722708469459	0.0125393240643928	0.00117747330272667	0.00374134582821179	0.00357899821262178
16	0.00175896290585592	0.0139136852225462	0.00199325316392233	0.00319238107128017	0.00224621103433346
17	0.0067340502856786	0.0055203980160407	0.072590799378317	0.00408181057260783	0.00379978066756745
18	0.00702871454869598	0.00656302813275975	0.00367279993697223	0.0023940832727731	0.00167694187028701
19	0.00552758507578111	0.00612057434174615	0.00550919990545835	0.0025768299095272	0.00327858485997326
20	0.0209626458196885	0.00536475221603987	0.0134832868981027	0.0249724316650092	0.0499481271035478
21	0.0310784183354234	0.00374763170268854	0.00809190594538071	0.0174239779391921	0.0312678977737824
22	0.011719534885475	0.00527151775859555	0.00139126635678014	0.0105741342758273	0.022353027746028
23	0.0136354077009001	0.0045713302622435	0.00596615122366979	0.00926376783712633	0.0147003089510364
24	0.0461989191191095	0.00411182538639835	0.00219164738828686	0.0122308495083578	0.0132233919537475
25	0.00897482741407852	0.00257219986756991	0.00279757343093088	0.0063757228782132	0.0126351100479753
26	0.0253811999724104	0.00289682629032445	0.00272523474262468	0.00578670678963022	0.0108564861095977
27	0.0279464584760234	0.00130779634621484	3.04395470595398e-05	0.00569709584354728	0.0107937019450697
28	0.0155641801180553	0.00393606805044236	0.00255835440227473	0.00497807637291502	0.00795659174463144
29	0.0428718263499319	0.00926092510004943	0.00715544223290193	0.0453588295164613	0.0873862311529429
30	0.0806273569748728	0.00496875170100966	0.0032867548577936	0.0423165343437753	0.0574966067370206
31	0.0221166315023289	0.0016029112759917	2.82908731494546e-05	0.0209488504415055	0.0375042575605581
32	0.0293710714588946	0.00352771642909186	0.00353958215454695	0.0210692318393362	0.0338551649045485
33	0.128025146046577	0.00941427556170755	0.00281333037293817	0.0343296905098014	0.0424550912722912
34	0.0273302029124975	0.00334769632192798	0.00236783864891385	0.015779755652198	0.0302884708238347
35	0.0401492349989879	0.00167701791391344	0.00204016587762586	0.0114063151029564	0.0215534396727209
36	0.0509013173771134	0.00240026809551843	0.0016365732948482	0.0148366022212599	0.020482589111848
37	0.0249814180532182	0.00354673494678859	0.000947923306665903	0.0103084424398123	0.0126288226064868
38	0.00179346757824322	0.00373189223976711	0.000483093517450813	0.00221889778166788	0.00191047970892214
39	0.00013241476420744	0.0011336785376465	1.00271449137307e-05	6.56199425955548e-05	0.000206191980678241
40	0.00373986240213352	0.0304294097111175	0.0104156967791378	0.00723041659013139	0.00288313788214784
41	0.0133127943008009	0.00860555135229312	0.00296409565896248	0.00798225313840131	0.00785803835555909
42	0.0116810299267588	0.00924529493895384	0.00428373955207311	0.0128608976034977	0.0100986538678024
43	0.00217298372969004	0.0132996275649586	0.0242932653397412	0.00845587647976026	0.0031855668260869
44	0.00118970630109242	0.00256542315436762	0.00598620551349725	0.00270367807666285	0.0025625686165938
45	0.00321476754864815	0.00207269052346612	0.00694630463898697	0.00449818523976819	0.00340683061626613
46	0.000882494884479661	0.00182927535731313	0.00421748877317882	0.00164425071235372	0.00174297504764166
47	0.00135044027292315	0.00119838521854572	0.0185885361084651	0.00265134698967199	0.00145065414360745
48	0.00115183574901872	0.00279812674158797	0.0100156853195436	0.00172792075828399	0.000694416324773247
49	0.000309396595047913	0.00144016085731106	0.00531008945645712	0.00140645836676866	0.000746189945833541
50	0.000137860087888582	0.00187496352051562	0.00323840969481668	0.000774491559856957	0.000393220802370191
51	0.000645297289825397	0.00255394646265408	0.00396501958874381	0.00220491250475343	0.00162739442468196
52	0.0142781497417489	0.00804024230903167	0.0136813230101489	0.0277820084187956	0.0255354658930968
53	0.0155594396906436	0.0119626476312436	0.0136831135717406	0.0373765479527004	0.0271937560230832
54	0.0177799862961116	0.0120294310468339	0.0120633715558548	0.0312123523878183	0.027046647942325
55	0.00548190779752376	0.00473845275395787	0.00657422594022389	0.0123945937922312	0.0100298830963068
56	0.00920811283443759	0.00339185425956866	0.00813523753590076	0.0198220123369472	0.00862480538262752
57	0.00884105572455248	0.00218144584018018	0.00505618782274873	0.0159181871533634	0.0113046994624027
58	0.00630920930410913	0.00643678452391076	0.00529719741299661	0.00952708615561622	0.00601491549588389
59	0.00611060478020471	0.00164040180225595	0.00930805537848891	0.0166410866855786	0.0120687589787823
60	0.00962657450476896	0.00157547651770504	0.0121070612586932	0.0191757333614858	0.0113675738772871
61	0.0135284749368316	0.00510592549244298	0.00427048939629425	0.0329361656816427	0.0211624149623539
62	0.0115820272457211	0.00877977846268731	0.00793397841298945	0.0322331496884552	0.0225828051531509
63	0.0087464410227918	0.00540421017516929	0.0071310905952543	0.0309043209787056	0.0204263932233294
64	0.00665242329768168	0.00335928231546737	0.00399080367566484	0.015204895392687	0.0124635441206616
65	0.00708582876892439	0.00340453327136648	0.0038504236468726	0.0191051958316825	0.0166636152018422
66	0.00919880820368147	0.00269855277824474	0.00752429792079988	0.0209852491144506	0.0140698801288751
67	0.00782246299285774	0.00279878255254303	0.00225037780849586	0.0150890478397096	0.0115974114513142
68	0.00746088645146724	0.00296076785844277	0.00490005085194921	0.0166888839277161	0.0114765662242374
69	0.00598582051811356	0.00680305494231159	0.00745876336654228	0.0184179417003834	0.0120393674460828
70	0.00137618660916311	0.031650966916742	0.017409630356465	0.00684138711888912	0.0038153638957541
71	0.000383992242757534	0.110492669235843	0.042547682655188	0.00594814861937744	0.00705520126942541
72	0.00333752523396476	0.0176038241648411	0.0213012369199476	0.0134348908895415	0.00364596397699145
73	0.0127917526008646	0.008937610299205	0.00813452131126407	0.00558390606169088	0.0046002110775333
74	0.000745057734352721	0.0134927638912237	0.00639337921945839	0.0156932430703095	0.00372637704444884
75	0.00130273641789127	0.00945274980440438	0.00505654593506707	0.00930229841204003	0.0016350055380627
76	0.00230115149387433	0.0284206607557697	0.0338333775005193	0.0119057628834958	0.00442073320231789
77	0.00258374440827817	0.222287013915653	0.00487677355125662	0.0171046332369657	0.0146739257635466
78	0.0011359050933302	0.0114726475459882	0.0207909268663023	0.00534798978983824	0.00200527266648227
79	0.000243136345723988	0.00202033494888719	0.0260566103952844	0.00363600144560009	0.00152514077100157
80	0.00280187455884508	0.00650498886323697	0.010083010435393	0.00766425864075502	0.00467848821989174
81	0.0139192870509956	0.00562587427797946	0.0140594896183239	0.026757245780497	0.0193173667617444
82	0.0011285213049082	0.0237041776688063	0.0180452797215319	0.0081089023280199	0.00426535217223282
83	0.000359638076649645	0.0125718960084941	0.00850731623466384	0.00880074715489155	0.00192440834724342
84	0.000521376525664269	0.00892263594906447	0.00526066995652516	0.00453871980253244	0.00107966501233752
85	0.000512723923957341	0.0389195383353201	0.0355218770815278	0.00480507963449763	0.00393428378189666
86	0.000216544133960743	0.0114643406072241	0.0263119444782662	0.00526208835318077	0.00567864266833481
87	0.000125171955039319	0.0054789726240461	0.00706877905186183	0.00236649646129856	0.00343375530589366
88	0.000900293515282098	0.0114488197479544	0.0159127208657723	0.0052350274108585	0.0075844895256339
89	0	0	0	0	0
