hdp.1	hdp.2	hdp.3	hdp.4	hdp.5
1	0.00206178321165563	0.00427669991986894	0.0122414270467918	0.00682705596302198	0.00208930422459509
2	0.00203075592048228	0.00647175924554118	0.0157911404135071	0.0146456514337885	0.0022613576992991
3	0.000577558432836064	0.0053223512729362	0.00350846390414817	0.00479458151323712	0.00081626291339989
4	0.000734643218215608	0.00347765458880312	0.00744350878889991	0.00689360296611048	0.000671021070395452
5	0.00066115958551746	0.00147568067770768	0.00622564004093985	0.00288146355718389	0.00141035442264646
6	0.000620572260976616	0.0018386066785023	0.000944026161966832	0.00441494386654616	0.00111164989392192
7	0.00604639868226808	0.00324393428687023	0.00234371946403968	0.00418156872908636	0.00262645492224001
8	0.00497254267494812	0.00261745654025177	0.000194132086067532	0.0036207151391316	0.00728247733634681
9	0.00235501887262889	0.00147873003675027	0.00467162182646563	0.00676684935029288	0.00272018087523181
10	0.032202905155171	0.00544933529592405	0.0021205492947664	0.0023207996370262	0.0578962654839781
11	0.0038309123875495	0.0077989012880571	0.00931223444156088	0.0121868805672319	0.00859349309866514
12	0.00148009018220747	0.00168958014586374	0.00202603129545764	0.00868156595177862	0.00298654452525259
13	0.00152449370378812	0.00168558112929074	0.0046338819335575	0.00659354534713569	0.00168850684458184
14	0.0020846723476959	0.00416449221955605	0.00403206285148881	0.00612636154125135	0.000725937968942741
15	0.00247138299646258	0.00242858795360817	0.00638506104079125	0.00997289212164499	0.000881445432800244
16	0.00169676971208275	0.00333358544272237	0.00416287845480475	0.00567949949933948	0.00242723510942484
17	0.00165412715853372	0.000916855139562673	0.00210593410057013	0.0050882716461672	0.000973564774398376
18	0.00166872871003874	0.00092074960668278	0.00291678892068281	0.00159490622792972	0.00147086316344705
19	0.00208739311227217	0.0017871509227722	0.00888911495431959	0.0041932740651345	0.000984080776247857
20	0.0370740691764083	0.00502467284319859	0.00386240160044069	0.00743784690097841	0.0720130590381697
21	0.0183093030298537	0.00425289749442793	0.00428643453731925	0.00202827461856388	0.0282024355394125
22	0.0262436502518725	0.00205333382982707	0.00408292757339556	0.00171979024146184	0.0298094016394948
23	0.0218189904799482	0.00354570757017932	0.000867056010952934	0.00301615620879339	0.0148802260773477
24	0.0203952593209512	0.00301545017003618	0.00288597201449923	0.00291487253715462	0.00823507270229533
25	0.021243588428331	0.00097596043026247	0.000845710135218911	0.00415729099506059	0.00249792601074635
26	0.0156847686896592	0.000889471895360216	0.000689654476136393	0.00342849834763737	0.00900359630571186
27	0.0112662125340847	0.000867141874714052	0.000831094941022643	0.00226752951973304	0.0142505178713609
28	0.0122012681675649	0.00188257843589645	0.00188348507574733	0.000718008564675165	0.0118506160207115
29	0.0809498486385331	0.00424889847785493	0.00211689549621733	0.00444810898534923	0.0514436968253359
30	0.0494052340243581	0.00623847456632865	0.00200881998123967	0.00255758883083337	0.0426352307761644
31	0.0517971918452012	0.00380451102835112	0.000835181426241995	0.00241165146982577	0.00644927197552275
32	0.0599995671375056	0.00146079109312543	0.00113498521245228	0.00273693517181171	0.0399521480185683
33	0.0678675194277735	0.00219063339883327	0.00181814938853441	0.00221369039304866	0.0114154955791062
34	0.0729989159023313	0.00172165940299178	0.000488310945564123	0.00222371579660841	0.00194397892125852
35	0.038248447492019	0.000865547495557498	0.00101431370773967	0.00156182239618254	0.00549411020436097
36	0.0284947892524898	0.000455060206152876	0.000817922035727323	0.00113089261722508	0.00994208687552893
37	0.0325059353387275	0.00042925391619816	0.00116411944825142	0.00215112645569876	0.00182999297264003
38	0.000392680928111488	0.00197534865042644	0.0032493807412413	0.000853730852325941	0.000448348904249299
39	0.000114241076866067	0.00030693976877268	0.00196733013718908	0.00115747348450106	9.64592788693462e-05
40	0.00169261557470267	0.0115673166177984	0.00794715607311078	0.0113666670776179	0.00237916195811293
41	0.00731402094482733	0.00916811577290636	0.00331221646102592	0.00827724413578244	0.00975039935768928
42	0.0101999843230166	0.0173954955687194	0.00242833374622859	0.00298775993060253	0.0028419912299883
43	0.00241372278799636	0.0122214912569779	0.00426191562600314	0.0120688517620798	0.00371225297828195
44	0.00055411870692168	0.00439271496275787	0.00278020416176308	0.00202981907262578	0.00435168431296289
45	0.00123870192595637	0.00439484080163328	0.0015381049602671	0.00662752333649766	0.00576168402919776
46	0.000372709113784183	0.00278464854032976	0.000814508618661747	0.00370365503182456	0.00350374820351635
47	0.000827828542860231	0.00501910558483226	0.00154296066623363	0.00427439854691259	0.00401394121388046
48	0.000865999708913823	0.00370556368364628	0.00211319362137157	0.00606138608791005	0.0110361057742865
49	0.000174143875821647	0.00400196138258601	0.00229179706360557	0.00458291001969992	0.0015829712545924
50	0.000264940628945572	0.000772925392752435	0.000361149140797252	0.000791383680458416	0.000787427368645956
51	0.00106409252007414	0.00377899224939185	0.00292337537333047	0.0019110044926001	0.00363688829836067
52	0.0100299440084697	0.0409705259497013	0.00582155876719106	0.00837373187112371	0.0273693345040036
53	0.00660091050346314	0.0513729874132304	0.00576348260077958	0.0189068001905911	0.0276832914084265
54	0.00940384400907003	0.0522561514915996	0.00650885750478924	0.00910642629722964	0.0360661932240226
55	0.00414739926349903	0.0200247226348755	0.0024610256279834	0.00595023958682331	0.0080436981607012
56	0.00351729685503535	0.0277486096904849	0.00210276106498805	0.00675882902744508	0.0151139150073362
57	0.00460394286972337	0.0255220635545843	0.00235823850564255	0.0042991640032737	0.01563600111503
58	0.00509451499919062	0.0166301674362102	0.00208314593593516	0.00239027297412674	0.0128585038567019
59	0.00440963407080855	0.0216525750412628	0.00343880135023241	0.00897853466262959	0.0226710185665855
60	0.00932739592692439	0.0311134815569843	0.00468479473176095	0.00476894899494652	0.0277251467649941
61	0.0102340887104175	0.0498620125827183	0.00662856748356788	0.012022003322202	0.0277272541383806
62	0.00844279685526927	0.0491058325273369	0.00641193569064557	0.0104715069224734	0.0267562766342785
63	0.00915179683861708	0.0405988874944993	0.00345731072446123	0.0107295933249237	0.0261756013734232
64	0.00674063389122544	0.0241788557461412	0.00500892512410055	0.00400474228684061	0.00598859180719996
65	0.00634619659291009	0.0293549684718492	0.0042437427858512	0.00469817506495174	0.0154943689313906
66	0.00875995501407158	0.0334260806050667	0.00684568003945718	0.00899194702685142	0.0129484949598305
67	0.00690732238933619	0.0264891634187145	0.00544074642104423	0.00524594143890824	0.0112654547670038
68	0.00593437720675258	0.0235332541620985	0.00414009029016978	0.00691013133414142	0.0195543176533625
69	0.00846449860229082	0.0272322835049392	0.00443359608151259	0.00416417329912593	0.0183315611922809
70	0.00478587201739761	0.00913488647179653	0.0134232385722282	0.0194207511492974	0.00279333385635141
71	0.000203784921925718	0.0109724999304964	0.0796274240850035	0.11315567324717	0.000828030820231452
72	0.0108119620944551	0.0189589367996728	0.00782634033950808	0.00988250091549547	0.0104420977253721
73	0.020204331074896	0.00399179394829258	0.00328928406750085	0.0115415426305223	0.0479852675821709
74	0.00772089306831637	0.0218662479856043	0.00990982280952013	0.025625608890853	0.00480666831361722
75	0.00667812872175838	0.00890026007460527	0.00708183080883898	0.010955246192074	0.00468348086338044
76	0.00579173764673426	0.0153319855921444	0.0111771620667827	0.025376680830033	0.00484783512244465
77	0.00499089490444739	0.0263251601769496	0.0332326439400717	0.225382154158463	0.00550531475395059
78	0.000642218834065066	0.0083762059420002	0.00213098185114992	0.0107591276218971	0.000857054150732698
79	0.000294505810891622	0.00778859445449315	0.00923632196907435	0.0125045232859642	0.000802491958596998
80	0.00469594540317704	0.00972902358765473	0.00502046343530813	0.00839343043433435	0.00414044621231975
81	0.0268687950525553	0.0270491999880221	0.00312630542169378	0.00900804186391761	0.0245335610687596
82	0.00476725081497445	0.00871216689640393	0.0129877154004388	0.0283734636238393	0.00687312527228933
83	0.00452381652537069	0.0120058928602124	0.0172587655228146	0.0157983831733627	0.00298825546206144
84	0.00157610546983763	0.00789017296042902	0.0137528015860947	0.0127245402505728	0.00243243051510048
85	0.00116917817241549	0.00860215473460169	0.0948971289845214	0.0357821284717532	0.00127627539906558
86	0.000347163582756267	0.00653930690456174	0.160904634367504	0.0200890391314532	0.000376760804357297
87	0.000340469145539448	0.00346002929353696	0.125654084026117	0.0122811193606936	0.000225280301525488
88	0.000714130009669703	0.00750766136212655	0.13851651259736	0.022892846454577	0.000824337700534313
89	0	0	0	0	0
