hdp.1	hdp.2	hdp.3	hdp.4	hdp.5	hdp.6	hdp.7	hdp.8	hdp.9	hdp.10	hdp.11	hdp.12	hdp.13	hdp.14	hdp.15	hdp.16	hdp.17	hdp.18	hdp.19	hdp.20	hdp.21	hdp.22	hdp.23	hdp.24	hdp.25	hdp.26	hdp.27	hdp.28	hdp.29	hdp.30	hdp.31	hdp.32	hdp.33	hdp.34	hdp.35	hdp.36
0.00225294172244832	0.0625263701181947	0.00832973927156216	0.00338354350235306	0.00126621790031701	0.0160197438200833	0.00744695163098899	0.0151757040684854	0.00139110590932546	0.00563396646010372	0.00174990905105822	0.000914364436429603	0.000782191338310539	0.0684305816685791	0.00176300704964112	0.00815468548836403	0.0352855127789249	0.00269578562418285	0.0215899714229933	0.00943850028983278	0.0265158269706945	0.00498273710883821	0.0096267895986233	0.00368016527785952	0.0197485550379314	0.0152217034627999	0.000732820265744482	0.00993332679578584	0.151866377574482	0.00177588419257712	0.00282445515203959	0.000405848287891169	0.000181509179689244	0.00499565629114534	0.00668697187186423	0.000918426300240379
0.00302199964950706	0.0340108876283895	0.00831907523535153	0.00491762813204881	0.00102429386613089	0.0160628817053563	0.0197244531682214	0.0255054183148769	0.00176018531267153	0.0178807476434871	0.000477617972186182	0.00209903563640423	0.000883203964687214	0.14129823515166	0.00467354925101981	0.00376921130758087	0.111113945874113	0.0053735226816429	0.0269781383688571	0.00723816552996716	0.0250763781684863	0.00247415121885337	0.00969310896384946	0.0103907775313003	0.0265715024987641	0.0364122973755357	0.000397772344913241	0.0134654124447151	0.154120380130954	0.00247310454332424	0.00432467097118126	0.00028760946583334	0.000326370623905477	0.0120592525451222	0.0134611269325006	0.00103880596178898
0.000286416645356028	0.0944572040153553	0.00636977754976692	0.000543204203125075	0.000356481889802173	0.00984530939227725	0.00340999927262394	0.00775464386034377	0.000898748777308839	0.00477367408572576	0.000549652428161748	0.000418921057452927	0.00114367470836795	0.063697719303799	0.00597677744828647	0.00331221934578004	0.0155792532559809	0.00146400577706903	0.0169052059024708	0.0563675052604454	0.0195436078236265	0.00306950926440039	0.00640713700236496	0.00144691499768388	0.0122067714677169	0.0136813143300334	0.000156054389188387	0.00623181779638292	0.0256705325455179	0.000987191370843804	0.00127920959864759	0.000144142236690384	7.26949509196984e-05	0.00644522396004004	0.00695579419590874	0.000917109309067088
0.000875973883013046	0.053522262643415	0.00589365076144934	0.00115871770996387	0.000259576932757111	0.00964788327535418	0.0070073839383375	0.0176181164586554	0.000779325619087271	0.0105006197830607	0.0012372561923956	0.00126286443564961	0.000331563659625249	0.0629303116096759	0.000930195261744738	0.00612645668747995	0.0421575619863832	0.00202508082169405	0.0232837280098566	0.041149906867854	0.0229204858329656	0.0019701723394996	0.00751055122011909	0.00316685955542193	0.0151282632288614	0.01186396362788	5.45685914814944e-05	0.00308597525639321	0.0371535584354953	0.00115352336544839	0.00141284432036249	0.00038475430203404	0.00017107614509861	0.00395831676137304	0.00408652329365643	0.000899354934389167
0.000442904706809156	0.0928328066109558	0.00373259763241825	0.000857175174738643	0.00073521476752132	0.00485702448166665	0.00497448295975472	0.00317163746418707	0.00154465486458868	0.00138225810648483	0.000688650810874683	0.0006348295121572	0.000337759180362825	0.0262239747668503	0.00192335837176315	0.000989160293138374	0.0111981762873376	0.00058857816886823	0.0131847098236054	0.0665359110032351	0.0134312280516948	0.000828843874005012	0.00304079779299122	0.000597271985930516	0.00700096057430677	0.00920789891525147	0.000245055715653697	0.00709070178020333	0.00797799658611776	0.000469985640051201	0.000791755952295931	0.0001559267434559	5.51357453500433e-05	0.00200006763164916	0.00206898837667103	0.000783509723462528
0.000481845931455873	0.0385678008558479	0.00240159245575432	0.000334770669082838	0.000437486241584511	0.00429046002220622	0.0024896801690813	0.00418170222857637	0.000565679627668367	0.00153021853749318	0.000254385275446619	0.000664039310162053	0.000443870852232036	0.0177604696884568	0.000741917455570528	0.00198296302943963	0.0109350557053105	0.000424825658791187	0.0157183067303812	0.0500490991430569	0.0111352711448981	0.00211289534218148	0.00296993530493947	0.000696222911237084	0.00593555950927829	0.0037154606576841	0.000267074241704618	0.00238628301751165	0.00787875615643764	0.000597520856594225	0.000624826744944401	0.000166726864214751	9.0350239693565e-05	0.000924038466282675	0.000811094660525342	0.000703706726670785
0.00273845760877092	0.0527237892130357	0.00424531032882112	0.00172751873825951	0.00599698408361962	0.00483473483006223	0.00357182409544338	0.00419275003370033	0.00044527997826639	0.0025847231339699	0.0013424432038079	0.000475988668983413	0.00217187725642409	0.00922256019067426	0.00174826742818287	0.0018317754308394	0.0128095986266408	0.00146672019233494	0.00962991442592255	0.106298105336025	0.00897617530395611	0.000450491250109869	0.00247237620856812	0.000977188844387286	0.00719959621770744	0.00945390864282033	0.00483412670839913	0.00357546818744908	0.00943233872592191	0.00103350790668335	0.00151958038945189	0.000448992520297618	0.000105803621704251	0.0094379244352306	0.00415779821210821	0.0104642450566486
0.0026276361221677	0.0274199950091754	0.0029563468031474	0.00110970057494094	0.00312247239533028	0.00374408239070129	0.00189100663985153	0.00337063782808996	0.00128636438165846	0.00181095014823405	0.00122835041366401	0.000642920619271291	0.000566198160840876	0.0071321984484225	0.000628218425894178	0.000281936743645553	0.00960686853798283	0.000805558460907825	0.0100929018778778	0.0677460274455355	0.00684635291504095	0.0010892343015416	0.00235735890834492	0.000490515080869193	0.00436052396976695	0.00540828630652024	0.00465326552051686	0.00388236767370964	0.00348281910088343	0.000785489875391585	0.00118283150576042	0.000906703888082849	0.000130753227064509	0.00229069117740323	0.00257100266321574	0.00986428055872967
0.00104083729193997	0.0503640367237435	0.00362162169475092	0.000365593015445886	0.00214032095918474	0.00910893180672885	0.0025535522003109	0.0091125591874435	0.000923469422454977	0.00517595141700992	0.000707556473254682	0.000446182611156957	0.000408082945681418	0.0110783187904285	0.000360958497188985	0.00201389964648302	0.0129597730093069	0.00011374153968415	0.0107846115697738	0.0767603445387076	0.00979209981242368	0.00224232682978071	0.00388435853544252	0.000273378450345692	0.0109018829233395	0.00610232785905471	0.00182056607982015	0.00279727315852331	0.0131752485429863	0.000761779348484385	0.000550384223334263	0.000512161976611101	9.85573467199656e-05	0.00765844187992398	0.00759871165722987	0.00250460046688837
0.0191955506885162	0.0197115923498849	0.00772344968434677	0.00961352494382566	0.0167849128532103	0.00749593699621645	0.00158899550556508	0.00155953005710066	0.000981219453492834	0.00380152576368819	0.00147214757701231	0.00103231294904734	0.00114691684005164	0.00230326240931457	0.00243057748376817	0.0139339186369625	0.00753208675666622	0.00792358961021463	0.00176990430158237	0.0215392262510359	0.00217947262039403	0.000126296190694653	0.00235750189199462	0.00139498320641251	0.00561794213330051	0.00719896518545445	0.027487529168354	0.00169365819819718	0.0114173335385754	0.00938313256857506	0.008107216267899	0.00379117989013015	0.000919588326707396	0.00883236845915006	0.00262207757988364	0.0301329580942077
0.00418391870404667	0.0183161423904389	0.0115570915110124	0.00528459489612409	0.00212900051699375	0.0151045983169626	0.00796593051870855	0.206782194290946	0.00136408965333415	0.0039675746767557	0.00297953003817403	0.288134911411217	0.00278417342702773	0.00601603249609932	0.0196980671976098	0.00652903453395652	0.0365585038819869	0.00871565221478677	0.054523929435577	0.0162254504999599	0.0287396094747083	0.00725502344237378	0.0107709906852091	0.011438854539465	0.0202780342845622	0.00252547195001732	0.00226092218805729	0.0174507865416205	0.00698173182514237	0.00376737995253514	0.00773291255440452	0.000517983916707669	0.00108360235629646	0.0112994795612222	0.0121861230719532	0.00778955267911347
0.00149124014064273	0.00421307382717685	0.00673602127288505	0.00207733719982789	0.00221086308915597	0.00650522100658061	0.00342572320155062	0.0067586259142735	0.000895459543859041	0.00155699112175805	0.000933424433449827	0.185572606159815	0.00168186358953845	0.00307385927105025	0.0125661530318022	0.00160972620399501	0.0159553068493958	0.00231454796705299	0.0441250693458368	0.0404377305224831	0.021922566348565	0.00335337422260715	0.00404654687227227	0.00479178260881348	0.00719894555163285	0.00547602282038063	0.000748102618149878	0.0102057875474997	0.00240845693479603	0.000825380266455038	0.00231189621985802	0.000356713363501296	0.000555232809403631	0.00125720256003843	0.0055045596334549	0.00469265627050505
0.00135238062424757	0.0117738886693277	0.00625060201587405	0.00168314734848716	0.00075064032651633	0.00682890863690532	0.00419763184759796	0.00715169822258999	0.000764935222744405	0.00199754282943035	0.00182016705711506	0.0945498212347189	0.00105403256761974	0.00339485943197982	0.00576335421871258	0.00226111169551278	0.0195985005930822	0.00189475282785787	0.0393943092728875	0.037587156912458	0.0220939099327078	0.00154170855995009	0.00623445136956007	0.00265781099936977	0.00976545606206246	0.000651371854918696	0.000805795179971394	0.00529081986762365	0.00242379851969606	0.000950697099928689	0.00212515722120525	0.000399323214932697	0.000301741295892591	0.00451567616185337	0.00306420162923495	0.00447756993989986
0.00165453766348803	0.0248403424688264	0.00621708175333128	0.002331871401181	0.00105618694881188	0.00934450596329217	0.005149025079611	0.0503879510510446	0.00112467799989183	0.00512988082784346	0.000365336925668006	0.00191296097254137	0.000505674220811087	0.00762921978010974	0.00120742065778805	0.00228776868217829	0.0265690170705449	0.00401655928049486	0.0261338736235383	0.0216221336584458	0.020238204692453	0.00482897357346671	0.00639655412493526	0.00561318665181973	0.0129531538892614	0.00733481662945378	0.00110088186313711	0.0109860050001839	0.00385972646025746	0.00059283639178411	0.00128410286860494	0.000491039865439495	0.00018789871276931	0.0164843119243864	0.00452212693952726	0.00455997357748949
0.00192650748703857	0.0129604839942837	0.00658816672550203	0.00248342659119393	0.00193805656599988	0.00866673604031189	0.00344283706784536	0.0066630709362371	0.0040697582685804	0.00661007857422788	0.00116928051272439	0.00276550851862887	0.000746865171051532	0.0103870477272696	0.00211861200507405	0.00311191157754635	0.0243407448639416	0.00160941303614602	0.0299051543173486	0.0548542592055389	0.0234624209578993	0.00218356011087696	0.00698310436625716	0.00473348621283011	0.0149283946873061	0.00446715197293003	0.00149539271575572	0.00815670054371026	0.00453851638823624	0.000917739155957025	0.000859667179056541	0.000458020746244469	0.000184960168107174	0.00338796053151737	0.0061911940815367	0.00513581546493056
0.00125465856910053	0.0250766996434739	0.00659589117539992	0.00159355280710366	0.000751310321016549	0.00766180959544008	0.0047242553908419	0.00530349771844106	0.00159601487439334	0.006296205131595	0.000776920372067671	0.00106727041440231	0.00081114276526865	0.013213371591322	0.000198011518457957	0.00257811253928268	0.0309209984394202	0.00122321370328552	0.0278314077393793	0.0595694202175766	0.0229798790344631	0.00309081320490586	0.00724908839600003	0.00182098177650503	0.012714609278281	0.00269307121490324	0.000953527989574683	0.00643996812784069	0.00201258388129722	0.00071459820407496	0.000895398590802886	0.000240780817230513	8.85326657472305e-05	0.00609328666829769	0.00431100876674872	0.00375139100941139
0.00167964211414826	0.00774849739934923	0.0042632459354745	0.00432765366122926	0.00498485095378535	0.00517402549558417	0.00422560381222951	0.0977033143507934	0.000872914589588552	0.00151181748211519	0.000319902160197218	0.00395954654440567	0.00124546146369175	0.00384210222335762	0.00448242085767679	0.00208386009458381	0.01960356184417	0.00310272826935622	0.0186845691712299	0.0175254516113652	0.0146894601903007	0.00375032424865423	0.00384032270236643	0.00372778351643572	0.00671135008213709	0.00174506014411318	0.000852958604543468	0.00871045521523809	0.00249780626795563	0.000260600812226688	0.00093502372133048	0.000214230520365006	0.000202215110196826	0.102535055637862	0.00349709869252898	0.00654362901685642
0.00123934646552325	0.00362276732083694	0.00340899137870117	0.00304930172963326	0.0060732402135091	0.00368919548411184	0.00361035496494504	0.00486219230970534	0.000699595970778107	0.00392102390249075	0.000259467569253812	0.00226431747230208	0.000616909829778852	0.00304904356056516	0.00452821565642128	0.00125732185459222	0.016269281721811	0.00151239481877495	0.0209184280241106	0.0367958477438729	0.0148382456105828	0.000648899269609808	0.00270085468768832	0.00208945109375891	0.00446474242585041	0.00485330621193418	0.000818730050627627	0.00538873261522656	0.00305509542737974	0.000219683795852338	0.000437203314561816	0.000258977895696596	0.000235187663108746	0.0160580640572804	0.00196202631522228	0.00694169376667744
0.00162006464434072	0.00976319376987034	0.00420522708518136	0.0031600816482567	0.00446310226007295	0.00469135211813885	0.00486477238982473	0.00533693527571067	0.000674943851328841	0.00256713748724973	0.000356678202885381	0.00193163222486206	0.000746534112691509	0.00472668809831596	0.00189343879424334	0.000574180491355248	0.0235840321437683	0.00179565700097621	0.0189337281458347	0.0437675428804679	0.0161541724950128	0.00182541273370021	0.00439715217440178	0.00294393627986127	0.0096158941102337	0.00263593035684224	0.00108679457051192	0.00471839428616874	0.00176380239133338	0.000725336486727478	0.00136758943281764	0.000229811944584805	0.000150434270060502	0.277594043793779	0.00385280610271911	0.00543377221480706
0.0361174670130322	0.00444603133392293	0.00684104980073701	0.0255594883536735	0.0166697455042697	0.00481330891292276	0.00439700177618144	0.018153726228128	0.000991618227992977	0.00323473973569018	0.0043788196393809	0.0463386994983964	0.00365127625636299	0.00990086576883689	0.0476280044001015	0.00688556636644026	0.0206950322173542	0.0238584537868289	0.015582949602413	0.0119605706934916	0.0056060454031827	0.000911326300263901	0.00295355167477265	0.00777096385640717	0.00325472077789682	0.00127220943080959	0.0324872371143603	0.0065370798717231	0.00242015292365772	0.00242952048213615	0.0206884129664713	0.0103304842577271	0.00460943959030762	0.00993439128326722	0.00113549656314879	0.0952910797220435
0.0180852246638668	0.00232400601445607	0.0049154365254842	0.0159344998010291	0.0289945721930502	0.00421483651160442	0.00208002237488421	0.00291738367610995	0.000550758157174753	0.00243532214766609	0.00278557935367081	0.0387816678531197	0.00335742711359406	0.00301997562659669	0.0233527053520701	0.00258028941599267	0.0110085508151998	0.0123020381433715	0.00942076134383027	0.0218107675504487	0.00363794904920393	0.000409518011074833	0.00158495392697867	0.00434542858090449	0.00239062536830796	0.00171861015112628	0.0136584054876448	0.00521285698063967	0.00706162696032437	0.00204262606242984	0.0118321061397707	0.00950961882942554	0.00135963338812878	0.00308488169094527	0.00394341983758943	0.0678091748473491
0.0196054374030681	0.00362444839082733	0.00401882247607293	0.0128179515998509	0.00919369814377015	0.00304700751404961	0.00366224665988733	0.00149166967005085	0.000754228082608344	0.00118124628218953	0.00216068074219701	0.0555603707002777	0.00171642433991244	0.00328865350638301	0.014935153197623	0.00094279828091344	0.0158425775189291	0.0100082810236813	0.0103264704322	0.0177903206659876	0.00410758083407105	0.000315057142795892	0.00263998644364712	0.00438141009480791	0.00414329817745065	0.00318680006771303	0.0225754989750666	0.00524424659052656	0.00397028327842593	0.00118280944924132	0.00965406748328663	0.00935057017606278	0.00149933036011865	0.00744688237953654	0.00378966985914864	0.0682966116184361
0.0152490833494948	0.00579274789724877	0.00357066431618423	0.0114752658955642	0.00821249455937576	0.00350681704484635	0.00126846482059126	0.00609873605066761	0.00222311065788215	0.00184608067124151	0.00092017752875793	0.00095655328543495	0.00199233908054629	0.00383098759456511	0.0291188638069406	0.00242818503239809	0.0117419633172068	0.0118122533801188	0.00517514979346555	0.0129111940041149	0.00224507239386576	0.000450946806070364	0.00155720674952836	0.00473047306940333	0.00236510926464849	0.00700624690897514	0.0187836193324076	0.00408261860383538	0.00129359928737121	0.00106069244640284	0.00901179575012412	0.00446312177828038	0.000900099450119826	0.0209498058839294	0.00121180137194873	0.0529377438600871
0.0116233745130844	0.0047763887156532	0.00302307595116109	0.00962160977172187	0.0392449256095471	0.00249197649113208	0.00107634377231481	0.00201123327907444	0.000498575839007646	0.00117851013313775	0.00106339939174119	0.00159649260559822	0.00124841609732594	0.00379099960899476	0.0107346623635933	0.00669402852445039	0.0107065491572136	0.00638866809518398	0.0062040829155841	0.0322105095518999	0.00295292284329882	0.00013680077519546	0.000803528451566571	0.00131992597985865	0.00292588674434613	0.00351739235795633	0.0160021549269914	0.00149703169927084	0.00155879670291435	0.00078105155139956	0.00554709801853529	0.00574223295534223	0.000299715541670465	0.00400392600519945	0.00126011765637488	0.0674630729011629
0.0131590981934246	0.00502208627326518	0.0020509118399393	0.00820755132485841	0.00622857362069868	0.00216161270968046	0.00153800349062614	0.000754282672605782	0.000431026633317266	0.00204840620948551	0.000375230928195435	0.000331645259379089	0.00051216346249966	0.00149994335905438	0.00403200490949907	0.00213776705225161	0.0116095575305715	0.00531574710671219	0.00512779005158579	0.0207603083942044	0.00210012109953786	0.000453760534061651	0.00121625649661998	0.00161550301552046	0.0018935132285627	0.00339622085579729	0.0176166074250812	0.00138351929357526	0.000564859680077389	0.000269849787144431	0.00523131982947677	0.00296063935364877	0.000414062561615857	0.00425513786928294	0.0010523495893033	0.0423903116394546
0.00823073036926801	0.00184661921296059	0.00258383244141957	0.00621854295837184	0.0331772335779194	0.00223347988235069	0.00151509576909395	0.00490158675463813	0.00035391809291341	0.00161046833956632	0.00274768567692783	0.00134882984876667	0.000457869891455871	0.0022282220547171	0.00820438385543305	0.00153159271519991	0.0109899162089221	0.00580478032443375	0.00465074179732462	0.00753033359756058	0.00244144270477338	0.000242275378754585	0.00157525817438282	0.00248969169273291	0.00275799860329476	0.00224943684807112	0.0134486544802417	0.00392638304942302	0.00144823988474588	0.000642427535216231	0.00431972961920619	0.00368129428647174	0.000871858995015323	0.00704801209282769	0.00272028583404726	0.0579317077061121
0.0070133388576617	0.00155593291271428	0.00260958515689188	0.00648454014040072	0.0276592373015651	0.00194364254990201	0.00146876802283048	0.00174304169030472	0.00081876215763641	0.000378345087177333	0.000291090730720792	0.000785787245829085	0.000522128816968476	0.000857947782980371	0.00468365377139056	0.00286796094236884	0.00825700913452662	0.00389425815354103	0.00434351142793709	0.020175324098095	0.00191179999160407	0.000317174138141718	0.000830149502316028	0.00094201083539768	0.00274562508533882	0.00249521169657053	0.00904044707750878	0.00274104800786591	0.0020316856585747	0.000897683352842486	0.00360559561194223	0.00523746793643836	0.000341231492823525	0.00247030013890963	0.00270946896731548	0.045360726883104
0.0073095426938592	0.00246183205077467	0.00278873866671453	0.00592364052226018	0.0226067236256105	0.00224224699647555	0.00216569878612497	0.00125585631633163	0.000343896209746057	0.00142702857184689	0.0017928614924704	0.00084055301711803	0.000399236468903056	0.00142483181767984	0.00371781458228295	0.00113617749531749	0.0131317837451025	0.00380543317572713	0.00380627151635126	0.0177295079206123	0.00185061807833452	0.000746307852927242	0.00158735333873517	0.0021432542056848	0.00324807724916198	0.00121300685647236	0.0103886366533728	0.00131528351254523	0.00230986110952347	0.000843244170005948	0.00388812693505474	0.00460355147345991	0.000306921781986329	0.00472398645489697	0.00260188230988747	0.0474543927623767
0.120025514913262	0.000866030469813165	0.00523033930519972	0.0789444731614301	0.059383369329292	0.00590140921926851	0.0012081873101685	0.00334583940348105	0.000802555830326469	0.00492090517899017	0.00192851873758787	0.00709314150406887	0.00134439688554632	0.017191473779371	0.0392558530608064	0.0289821445706112	0.00841753314557508	0.0560973032768699	0.000614281165518964	6.49686007019697e-05	0.000495328985507175	0.000885091636421324	0.000481830894905305	0.00958324452049031	0.00126204560506568	0.00942079069402863	0.0846778854334803	0.00290202320307749	0.00789737089927386	0.0139329972975265	0.0519130884075696	0.00963542336107746	0.00429188460038855	0.00852790569693151	0.00256065424346841	0.0262911448047466
0.0923109013441508	0.000519521161437674	0.00645888813692822	0.0756833189156834	0.100163082039236	0.0067593724309939	0.0014250763284788	0.00115423337606927	0.000861282352544735	0.00262543920628339	0.00137872513459814	0.00476245892697152	0.00328052947512644	0.0159423404190595	0.0151925635365172	0.0201018413146762	0.00964515322448248	0.0468774812092329	0.000550255727353242	5.98405039916323e-05	0.000664505251126775	0.00110466960937952	0.000280065310046774	0.00861651886070432	0.000524944136678546	0.0120776774834002	0.0583098798597695	0.00481764351511747	0.0105528187562349	0.0129166148719398	0.0466772220534556	0.0256242427610644	0.00182110500408934	0.00623667298497097	0.00822789747058265	0.0575717356756705
0.0633169001941104	0.000358375817761708	0.0037035300260887	0.0383023209663999	0.0314373071581047	0.00276533310021154	0.000920487071804638	0.000192541583770846	0.00121300762315828	0.00241015773047634	0.00201071778117782	0.00248716611399968	0.00124520383556948	0.00775782106577141	0.00564490421042154	0.00859615842587751	0.00332244611431474	0.0241379303760008	0.000528988195938074	7.21555615190597e-05	0.000342321455262702	0.000438512808089816	0.000409983176449846	0.00350571660795425	0.000805921083003809	0.00519316317658335	0.0565088635166755	0.0020284954551071	0.00307792158567871	0.00776697351484605	0.0246247277921519	0.00457067298083727	0.00135333993825293	0.00568430773651913	0.00174529624220583	0.0220786901892626
0.0675748770276048	0.000504970275361575	0.00491615409340757	0.0473297414281146	0.0358832786223443	0.00271171458559081	0.000495457032229436	0.00108899969673559	0.00193048880081966	0.0015681305100334	0.00264822801061762	0.00215909841355021	0.00384870278490474	0.0128132734295022	0.0226476369501452	0.018986188099594	0.00215897526821561	0.0374763252195972	0.000520587196499102	5.1395348442638e-05	0.000605240986912882	0.00122016644406952	0.00103739438761893	0.00824404147098899	0.00141351175994745	0.0011647261588643	0.0595848278849532	0.00118382154281451	0.0054399884899437	0.00698399022538046	0.0328941912809268	0.00299551474359923	0.00175782620718237	0.0120999879779328	0.00101348268495736	0.017221743437583
0.0794911975990725	0.000876524271159886	0.00475563939243748	0.0669328787154603	0.162694457500748	0.000765325946145948	0.0003609816416705	0.00069933367501103	0.000502259095214451	0.00289976532901232	0.000630310313212944	0.00134817812291515	0.00215254643519146	0.0079053532883474	0.00805842452218771	0.024171395287619	0.00343308881433881	0.0351437909731283	0.00040185033061957	6.07555547057446e-05	0.000341278235421912	0.000346088542928378	0.000220492268262989	0.00492324024168568	0.000198750786312028	0.00718853916453854	0.0725716608213881	0.00152035374129875	0.00491095449038449	0.00930671519167763	0.0322236829205303	0.00854792995154177	0.00107750907976271	0.0272435806794429	0.00492608438911544	0.0119698160293363
0.0629518869600173	0.000325521705682049	0.00264456102643838	0.0330215213099735	0.0280915966287132	0.00201140384427964	0.000323396643444239	0.000116081145850949	0.00181608514989388	0.00231178320595925	0.00255262912293879	0.000595497163692561	0.00121094800736919	0.00450497450825242	0.00150981465273649	0.00875248782287158	0.000709033800690587	0.015862301103301	0.000464997374303648	5.66378264922394e-05	0.000326900556132995	0.000727683653365862	0.00131270679590882	0.00214131945043182	0.00174370035208747	0.00136207677254654	0.0688288903287724	0.000712959692771438	0.00201595731103014	0.00354554320345115	0.018874515149313	0.00164384025518885	0.000517095784265342	0.019279953991224	0.00104474560643455	0.0263194184380365
0.0528308046689029	0.000270267494230626	0.00267846269895844	0.0389334601572373	0.0875177604562165	0.00138099629137468	0.000251358205276421	0.00114149065539474	0.000511767035655273	0.000536566077129831	0.00113481032555986	0.00129506246601622	0.000611556889904944	0.00704201903923573	0.0146996668868726	0.0136428218457989	0.00246991983743179	0.0244156342356376	6.27294817753169e-05	5.95545506434722e-05	0.000203870944347192	0.000298255167076488	0.00016154647592055	0.00334047300311417	0.00010464969887413	0.00219315721326475	0.0423233952292127	0.00166279078963084	0.00178902074821153	0.00901908406720608	0.021065012596312	0.00344689791562732	0.00171046519443978	0.00759478148418737	0.00147135885563417	0.0107741714225052
0.0518283372256017	0.00043472931138146	0.00288107004923962	0.0450063436753152	0.102150570306489	0.00101486846112832	0.000434943316438242	0.000768771732239586	0.000510019630385068	0.00289981968958951	0.00223423282757334	0.00100853188872058	0.0004274946646336	0.00448885782192476	0.00492632448882657	0.0137301582954522	0.00205417044437383	0.0216078289879764	9.76553983200827e-05	5.82201016853919e-05	0.000164421996322695	0.000123241286018398	0.000209917740243484	0.00319361838353835	0.000668091759341322	0.00764077271507978	0.0347290461528574	0.00120039479658955	0.00238070313391479	0.0101351924704514	0.021643107780975	0.00791190408997761	0.0010748107431111	0.00546552777536762	0.0043375115097779	0.00729117988005578
0.0336540720058989	0.000126961025057376	0.00247560897650738	0.0230931152154012	0.0481529887401486	0.00123548354607368	0.000151386645137643	0.000154698068844281	0.000720136548415127	0.000952202520257831	0.00111739876344262	0.000895824915929965	0.000586010634649928	0.00273283664262468	0.001178706206551	0.00549802593173561	0.00126555162078858	0.0120339929141419	5.07110548158809e-05	5.10331408683019e-05	0.000251562501271058	0.000372671573093686	0.000354984567779907	0.00203254673479726	0.000339400025049014	0.00146113049566621	0.0325990839002018	0.000376038056014243	0.0018031232601948	0.00674242793807709	0.0125015765758424	0.00208968274026514	0.000505685903765225	0.00287440525967244	0.000680984693542101	0.00795222609517652
0.00105378461427277	0.000657861737199272	0.00110613670017525	0.00485073279241226	0.00059697630361659	0.00118127827807248	0.00127428177146472	0.00460976096723236	0.00379831085185099	0.00197009073795063	0.000633039693220511	0.00293048529136219	0.00062652172344223	0.00881234401494087	0.0362958079798132	0.000206830595938179	0.00106652898500689	0.063280516453631	0.000752654258776325	5.54940130995991e-05	0.000451691920076898	0.000122276579278528	0.000611138210687433	0.317252990369525	0.0019366364213757	0.00216964320864591	0.000118216034097253	0.00205891589474654	0.000566413892926739	0.00071543788699237	0.00345505035212928	0.000330416194466074	0.000316754296550641	0.0065043715677991	0.000831838817897221	0.000538999476137587
0.000214604703599008	0.00136824990337227	0.000156637392010746	0.00123464825777841	2.34991047618638e-05	0.000519506280198294	0.000661569244936482	0.000932588199913603	0.000428919468138489	0.000401692955079391	0.000196821239338756	0.00182804248073899	0.000114888452150726	0.002625842916695	0.00199698695253807	9.10230956943922e-05	0.00101574649580676	0.0357104620405298	0.000300631593109174	6.62267954338741e-05	0.000173270610455422	0.000150038695459233	0.000735028846601694	0.242389986459568	0.00097399171470715	0.000773065310565392	6.05937345844232e-06	0.000509894186036637	0.000680358465370519	7.20974497546127e-05	0.00104771456338384	0.000176120719249792	0.000204352961490532	0.00169000901233844	0.000456726346260443	0.000139601064368927
0.00141780849453374	0.0207820306216557	0.0092924439125468	0.00437864944654146	0.00227619987724087	0.017326105220999	0.00382515592779833	0.0217806994638791	0.452977572584431	0.00559649843227719	0.00331136147133535	0.00198028286635269	0.00273432176307763	0.00285718095901782	0.0051282758432089	0.0022681962978521	0.017219248072111	0.0136891240139287	0.0190988230377196	6.9601044942163e-05	0.012699998928414	0.0491316031496603	0.0122330757353468	0.0679094759100082	0.0278523359509517	0.0142573813455207	0.000383778134833749	0.0197757064785327	0.00816008300671228	0.00556672385764154	0.00389139651225979	0.00672645021012141	0.00276776477358333	0.00991904780414356	0.0235728389990537	0.00358653372190908
0.00321458236805002	0.0122023264021948	0.00749782880305355	0.00493039011234305	0.00681282899194823	0.00762222153323468	0.000267235405242176	0.00388627268868928	0.0478020185717316	0.000879160024710144	0.000838013778874973	0.000585014084038315	0.00889152809609164	0.00198049681631377	0.00323543961210693	0.00047958388478926	0.00144338264880215	0.00183392107704352	0.00271606497030504	7.85799800743894e-05	0.00178458812319811	0.00968645959057846	0.00551800309168432	0.000775537304176381	0.00877277100432101	0.00872408717870713	0.004002151912318	0.00727938904888336	0.00235186783008308	0.00954742065967752	0.00398322854283682	0.215144986839884	0.00741408430044081	0.0137541955389827	0.0206792419761242	0.0107648858011947
0.00457647045703928	0.000478529820574485	0.0149660247085306	0.00942835405575561	0.013433412137235	0.00544314924763708	0.000125934204436126	0.00158856371364965	0.0114198587777897	0.000482495423020603	0.00099016494972782	0.000330903401228954	0.011098364368586	0.00288149361627831	0.000561565672255942	0.000411632561250562	0.000349945802265313	0.00433347791719792	0.000268712987720774	5.18528737996941e-05	0.00112441047617493	0.000161802758203759	0.00250507667362015	0.000469053041724061	0.00377650717454394	0.0031222866166389	0.00356621632420252	0.00549595205246604	0.00156541464149867	0.0245892729955821	0.00820070065550811	0.0414463071715221	0.00832871633519763	0.0035890503637969	0.0205577202038558	0.00462734017661952
0.00189582237178164	0.00509591318831948	0.0106144899053186	0.00439142524598057	0.00043862680078388	0.0152908258863114	0.00250490754183344	0.0255950431454226	0.0108823089486868	0.00237427068943636	0.00248928868345285	0.00738900424089798	0.00902298066746622	0.00310093397526089	0.00994841016612086	0.00312304173749904	0.0071555290896051	0.0146781366239768	0.0288444886536973	5.88491990513441e-05	0.00553758908279861	0.0292636822213123	0.00802305158604504	0.0570305127572599	0.0158379519943132	0.00464776092849575	0.000623683082781494	0.0139727531548029	0.0047002691209077	0.00763099940709039	0.00820175198731867	0.00750054324044911	0.00661950822934628	0.00426374225169347	0.0145704188552466	0.00272877236951185
0.00069688956011007	0.00286969408378891	0.00305580645801642	0.00125195171159371	0.00023859198795928	0.00382142150958203	0.00147292523731503	0.00972489062575223	0.0160895081282012	0.000736282307668835	0.00140123075509157	0.00447911764639609	0.00528489369053943	0.00144975193543796	0.00229588144616544	0.000755333305026134	0.00180972403254427	0.00191571824359377	0.0120092124715115	7.48435229917644e-05	0.00192092875128955	0.00247524991264045	0.00265713195749477	0.00482979755401193	0.00479798013263377	0.0069254224114118	0.000241028544354162	0.00505689580319234	0.00779442041311465	0.00161462612610242	0.00174174520164221	0.0197437738850718	0.00362078345363951	0.00248377833233591	0.003521954773431	0.00116727094889514
0.00111456284381278	0.0410805148892394	0.00391114167639207	0.00164599834634208	0.000473580794793636	0.00518734012282903	0.00211883774062964	0.00496441587538125	0.0275364516876791	0.00185770930471155	0.00186290773628528	0.00150173582673938	0.00914164268708909	0.00288914856770543	0.00525639003726737	0.000553589890503414	0.00263618501285832	0.00227256796139158	0.0180774384829568	4.33695911376118e-05	0.00381256295172401	0.00798332343615678	0.00202432285263077	0.00656506509142207	0.00364851713853354	0.00672983339075039	0.000551914638453295	0.00566457882465414	0.00224497809476653	0.00239318043869566	0.00180977709577422	0.00126597665520148	0.00754589444275165	0.00457091268669855	0.00478849819753193	0.0028644224603609
0.000380492270988039	0.00530982324065851	0.00335728339104546	0.000830238520657928	0.000155716581301749	0.00679235550597822	0.000752728770129971	0.00684437753367634	0.0145913136860909	0.00227984636686156	0.00366959259732849	0.000805040891463899	0.00329485832812999	0.0013588559126954	0.0116756574108719	0.000263698574077094	0.00269853188931512	0.00113056543223024	0.0127435697299645	5.82201016853919e-05	0.00413961119965469	0.0238400205375346	0.00359629449042324	0.00169827459407575	0.00683364271654281	0.00530312572759501	0.000180647998826007	0.00799399057801008	0.00546760620767223	0.0015039219563863	0.00128975158103302	0.00177088230067772	0.00717828010343837	0.0018336360110372	0.00527599062755879	0.00118664238868457
0.000663779722301566	0.00496167717236768	0.00389663157667222	0.00108870615315749	0.000327517512177318	0.00555979735458269	0.00149601877373706	0.0266556200957045	0.0350937910356499	0.000937715426437346	0.000463535783095418	0.000926185634055588	0.00372306115895477	0.00156798368057373	0.0112406531738102	0.000453633017630033	0.00330398588235078	0.000903151196727378	0.00695337288022506	5.76291314325277e-05	0.00255218693773747	0.00265980367145947	0.00382154070411939	0.000775375193535876	0.00938216594896062	0.00583237351523969	0.00034600763992109	0.00564496529708912	0.0153493129906496	0.00312434485454008	0.00175032460551584	0.00688611762040264	0.00873257005636601	0.00587492790069075	0.00943748909766535	0.00175531584315709
0.000991969657932066	0.0448523539625867	0.00289239921848033	0.00103564000868548	0.000180582564475431	0.00557147451430797	0.00124357612336909	0.00446092928085196	0.0088202165470268	0.00158548512430053	0.00213653984661284	0.000512804246340585	0.00436748492544426	0.00214891049349569	0.00541847952229721	0.000304758838185763	0.0021124422370799	0.000661829680835848	0.00885453008728379	4.51425018962043e-05	0.00312519946451268	0.0103495346897825	0.00320660351179053	0.000843320696773665	0.004797622755107	0.00904600199221817	0.000690953538288708	0.00563787132491251	0.00451452277973246	0.0020266533927597	0.00111998137369209	0.0013066739852485	0.0065883532503807	0.0112592254924625	0.00593104985617376	0.00326915551992011
0.000198718645893027	0.00363920002867205	0.00460307971123856	0.000594709412368886	8.13852851102215e-05	0.00879698412781105	0.00120684146446921	0.00292556411196509	0.0987870900259598	0.00152171563721142	0.00195441255395275	0.00118822795914303	0.00107461045831381	0.00732523800468399	0.000623629675817554	0.00147993285607145	0.0050062674963926	0.00184143489321438	0.00949813361834393	5.00990265976457e-05	0.0023360610906538	0.012457874472359	0.00355829006254106	0.00216848707929386	0.00972072955852144	0.127009186551018	3.4763027887894e-05	0.00776475304915896	0.00460226060187315	0.000736535893950596	0.00169741219432176	0.00261916991059356	0.000656608596780468	0.00263937926180175	0.00461122177053891	0.000517877605041882
0.000227357700081386	0.00276448659272237	0.00128293530865977	0.000332366137874178	9.01131398873226e-05	0.00216992353758555	0.0010321418743673	0.00472025547396272	0.00605109313647819	0.000428275277324109	0.000583522622307371	0.00040962356418815	0.000643370851554985	0.00781013860112952	0.000564787067511754	0.00019028165148697	0.0026256448915282	0.000715048447530307	0.00363128278711523	6.70655919218103e-05	0.0015832009797977	0.00162628118414537	0.00095475192544992	0.000919717098183871	0.00274647888088911	0.141485918849725	8.21696681438797e-05	0.00269081489609006	0.00912133142381453	0.000582140171170126	0.000689708342261467	0.00425212566908014	0.000728062472979101	0.00136948072491982	0.00170380792746207	0.000741966153793628
0.00117069497752265	0.037820652508836	0.00343145075190253	0.00150456128295117	0.000109639334117787	0.00464499720571086	0.00148651177010774	0.00124067818302132	0.00291090307737427	0.00075439797001659	0.00126962052170946	0.000561780750756981	0.00251365269741772	0.014993857293007	0.00075503479164815	0.000312892866752659	0.00346669763163723	0.00286559393570912	0.00716805378965872	4.83261158390532e-05	0.00308163741713837	0.00390462373221456	0.0031376739122003	0.00242409326963809	0.00609058531812737	0.246558548612288	0.000513901528389277	0.0041266870847678	0.00136173397325075	0.00328404818344228	0.00266326203693681	0.00372213224309114	0.0021173055018724	0.0084581680800518	0.00632624403490138	0.0018126299653568
0.00593411044758691	0.00152748810524633	0.0281762206854563	0.0165857703452381	0.00249294421845388	0.0129083092499501	0.00118779386355817	0.00387172192096504	0.000653067022602841	0.00173894956374912	0.00205531726224974	0.00322951652515029	0.0602671818691453	0.0087999385325909	0.07776913975189	0.000403611667853182	0.0014509159122191	0.0191393158137164	0.00339958352548303	5.47886615074709e-05	0.00124443233277931	0.000154594255064174	0.00264810728874382	0.00373038785911687	0.00334160370829695	0.00554298945284673	0.00476784052574607	0.0147561701969342	0.0101779956177787	0.0266595151230897	0.0253830181977866	0.0215987790013477	0.076524435099819	0.00911342489439174	0.0146662044340968	0.0089222817835648
0.00488507408717842	0.00125563042189354	0.0323241856348663	0.0156790378325404	0.00234341220176954	0.0138184621166967	0.000746965359140022	0.00621996365126072	0.00360760383745958	0.00155728104483639	0.00273416818714898	0.00494996877435847	0.0790475053214271	0.00721543951973793	0.0418528306736158	0.00087574033509264	0.00374990789299645	0.016581961270246	0.00245281923099588	5.8601372816272e-05	0.000488804758952299	0.00109805064924764	0.00262650214617258	0.00528969839283617	0.00349930713296215	0.0087214121670829	0.00204245625224695	0.0130169654225413	0.0109684023800628	0.0264410776098606	0.0246470665126545	0.0105343927876794	0.0490246854165833	0.00939911445862369	0.013289334647477	0.00766655570599262
0.00608016807707509	0.00773835446145398	0.0316510350941178	0.0156842262932989	0.00238090500437043	0.0130686729256396	0.000613747630942826	0.00385622084864812	0.00106387857534322	0.00138410183606111	0.00304121167343124	0.00282396971416101	0.0766619274044475	0.006955493884605	0.0125578793763611	0.00050097813546593	0.00387098374523384	0.016050517772704	0.00384105031263801	6.71037190348983e-05	0.000614794067477424	0.00140391628060532	0.00464594059383579	0.00257941288396377	0.0024567738846318	0.00853889808128724	0.00416612011948808	0.0120972184322675	0.0054686805483515	0.0314354835612565	0.0248144215232591	0.0225824900004663	0.0495533672338899	0.0112031465805282	0.014309299881613	0.0123533271931537
0.00286081683019491	0.0012887476815618	0.0122883122595181	0.00885794121265292	0.000833228912785808	0.00673623020789015	0.000218067945549229	0.000974578498517304	0.00075671213911991	0.00100038411183841	0.00125755007391738	0.00307362924806957	0.0268008282910905	0.0050686883584799	0.0519135956900976	0.000321549657826971	0.000514732459351494	0.00984366796528626	0.000990292419059048	6.18231138722089e-05	0.000504164705911533	0.00107050291234246	0.000934145581073973	0.0022927202162305	0.0020851620870022	0.00907196917822899	0.00179421891512815	0.00768540500104504	0.00276376288424546	0.0104261496116738	0.0117201430005625	0.0190106594379358	0.0286026007081092	0.00689180945829817	0.006216589586239	0.00363279512071774
0.00253695491474884	0.0016398607163069	0.0175221244785411	0.0090171547214997	0.00137806216616796	0.00821024051493398	0.000477500175219767	0.00355510182282305	0.00345342101950031	0.00145732553353276	0.00333583177485147	0.00182904780253123	0.0434906625711412	0.00293532031131022	0.0300918874027339	0.000454081657095353	0.000665618992575936	0.00864488317982412	0.00157107127288281	5.47695979509269e-05	0.000286314615697749	0.000486667752854996	0.000453820711033664	0.00172329601902327	0.0019787646056339	0.00244835332221633	0.00110353982021611	0.00829948720140103	0.00721651823719087	0.0141537622435545	0.0135968123541833	0.0183451301214862	0.0277081941878389	0.00833018541300855	0.00537296861691477	0.00451836332472321
0.00295240102440132	0.00363219994110043	0.0164201060723486	0.00833740103526965	0.00163311495546038	0.0072308193534509	0.000260677294412629	0.00148971352358411	0.00096324858948847	0.000504547697166357	0.00132724338066231	0.000926116301518192	0.0391376060651246	0.00449497039318213	0.00990787620711069	0.00062239167841985	0.000555281081268216	0.00830612792465941	0.00144664647820465	7.56251288100686e-05	0.000602891984035417	0.00107261990768828	0.00157359037969518	0.00139888443421771	0.00258036785118669	0.0031451220817238	0.00189807321322356	0.00678495733245687	0.001453088742345	0.0156795626913918	0.0128424142803485	0.0190035999840023	0.0223044827899168	0.00394977254946888	0.00658048772097537	0.00717906892258252
0.00265141864142089	0.000637605702887879	0.012061170407176	0.00723275324221024	0.00142249915925774	0.00482035483728588	0.000410628860711791	0.00141671490953753	0.000457083529552383	0.00033972189708557	0.00056740516277993	0.00222544271858426	0.0215781399685673	0.00349836500583328	0.03650037816631	0.00158762583381205	0.00161567912401941	0.0106131842039269	0.000250915763568061	5.76291314325277e-05	0.000509210842332435	0.000663959413715557	0.000431741739433525	0.00373572341367611	0.00163037800222921	0.0108695117455259	0.0022886439717628	0.00455221920492627	0.00391449634808684	0.0148533084692472	0.0115365487507995	0.00544736715837404	0.0293779921660962	0.00209381328056942	0.00831481094745461	0.00462330584922792
0.00265553396664465	0.000576131803758163	0.016109771592926	0.00750332518933646	0.00222485454621071	0.0060708407114693	0.000132660283527676	0.00517023292634071	0.000804868572595858	0.000541322627633743	0.000507005865543517	0.00184181885591953	0.0347361627661719	0.00535381512955353	0.0337468731897758	0.00161660404205901	0.00159499305522791	0.0102668257994802	0.00087368879692065	5.75528772063517e-05	0.000454653961130468	0.00136664108407312	0.00111664594557008	0.00311759906557453	0.00244038774484027	0.00666993922804201	0.00180252908459475	0.00904980199033139	0.00680248882621233	0.0190395904949601	0.0132573010661083	0.00163194324716543	0.0312612549963767	0.0125945895402721	0.00741331075071871	0.00457496060362607
0.00382061186361521	0.00353449079987809	0.0193709127339614	0.00901567984185551	0.00218445320561221	0.00615114429540785	0.000269845212113035	0.00259855442833044	0.000830651366043492	0.00143686783631784	0.000841296093625452	0.00218470291961048	0.0395709278547267	0.00664700361329843	0.00986606759530144	0.00200227793372486	0.000754415082157806	0.0121741811525627	0.000844546004635573	6.32719441695532e-05	0.000477716152554684	0.000138649796446878	0.00241882100418668	0.00222509188598501	0.00272508619696107	0.0128744786288167	0.00449661360143837	0.00882636620666026	0.00545245800409447	0.0299997986941993	0.0158787770556826	0.00847050096078887	0.0331651997363637	0.00987765049576285	0.00905071276929461	0.00681397896441683
0.00937317139938714	0.0004712340310734	0.0623003748169359	0.0258347738854888	0.0037406532406043	0.0152560225502455	0.000934354951436192	0.00116928397932602	0.00116611891507444	0.00289222279892755	0.00510944643244092	0.00723515534041669	0.0782163721073664	0.0143405952230161	0.0393277898296844	0.00295735723234985	0.0043228593931608	0.0365865215370669	0.000838974906630074	6.27953552559531e-05	0.00168785702865722	0.00138823979608243	0.00419731112859457	0.00507964529247387	0.0111415137882007	0.00441175965905267	0.00278053357995924	0.0209253857909401	0.0080872641954711	0.0759327645729408	0.0509333340776183	0.0275086950815969	0.0702114162780401	0.00779364500773131	0.0282356940372117	0.00521756894232072
0.00793745785634657	0.000673698067595623	0.0569135733815606	0.0217715633806327	0.00280348778969756	0.0147578493950349	0.00198969534238927	0.00108625162977495	0.00120737138459066	0.00119299722695824	0.000895566050413837	0.00828188945724236	0.0759960968567836	0.0164027005605579	0.0446485150700462	0.00267016945635368	0.00453925645110449	0.0297816717860536	0.000570960740134844	5.81819745723039e-05	0.000916319766179597	0.00212749993032674	0.00449662809121218	0.00373543090969433	0.0101453657530873	0.00475310419114166	0.00187994073332225	0.0137837074258944	0.0119340555939501	0.0650354998775886	0.0446521128776056	0.0250970337412085	0.0690053638849098	0.019017851265488	0.028825189615155	0.00957277539852486
0.00847476464332584	0.000636490716713506	0.0528662284783912	0.0188168335971106	0.00171819753463535	0.0149614179337911	0.00208594220631815	0.000321340767060156	0.000800431533723474	0.001791036056791	0.00144024206588937	0.0073724198979529	0.0597098861911964	0.0102936744046852	0.00605230642050726	0.00113125026362445	0.00243008922739492	0.0256986478513257	0.00100466044308022	6.00120760005284e-05	0.000483722285660538	0.00123123377416858	0.00273649310145481	0.00364953341509278	0.00818173266401266	0.003166274246811	0.00236147355711192	0.0165655579437218	0.00953500272123332	0.0676544194878322	0.0414060722825488	0.0242563680915157	0.048464576384566	0.00440893368355777	0.0208208927733606	0.007680809218058
0.0064671233744815	0.000524121270658301	0.036154623186751	0.016526119378232	0.00210481349145741	0.0100194077017931	0.000795083017195456	0.000215747939646567	0.000848193944442414	0.00145549539410078	0.00297678889359746	0.00308114489512327	0.0416772468438041	0.00966286464418072	0.015789773136136	0.00111547766050888	0.00185794658959318	0.0216589349036578	0.000585800414394929	5.81247839026718e-05	0.00111088378295839	0.00217830781862656	0.00279519258619632	0.00355975231340782	0.0073704628668999	0.00380772898546426	0.00141741956909129	0.00684060717657469	0.00512127458403033	0.0470023402414686	0.0288767306531078	0.0159549283960431	0.0413337934117428	0.00749616202425136	0.0179879714643863	0.0017447965845451
0.00597970515732132	0.000635993810871805	0.0387368297873351	0.0149951358902753	0.0012976964379059	0.009177462648049	0.00116488404242271	0.000552338832789207	0.000765654742561548	0.000687865153587113	0.00110399891935375	0.00356848330047838	0.0492605779169796	0.00762340144753091	0.0243205144591399	0.00122159064708901	0.00319820514848455	0.0197126934210095	0.000654927463860444	6.70846554783543e-05	0.00100019581353627	0.00316531000315138	0.00474548852430918	0.00253739098662936	0.00763763135389272	0.00113839360541211	0.00100390606490226	0.00908004541257403	0.00543263999969747	0.0494307499742168	0.0293500652923518	0.013025339389576	0.0621230040365755	0.00506587527207599	0.0144955099238246	0.00336704630687668
0.00798364585611519	0.000253557622354596	0.0384927704990418	0.0149824480308491	0.0029657452203175	0.011064066629738	0.00123612883055256	0.00051113428387036	0.000582554080522799	0.000970648876116811	0.00229976147689293	0.00362361653421552	0.0418695432123458	0.0102098353644424	0.00186803844028385	0.000937804728603787	0.00201398522438813	0.0181729159547559	0.000318441798461123	5.62946824744474e-05	0.000443909968927451	0.000855373309351438	0.00359418313331867	0.00127495084955156	0.00740214563384054	0.00160602478383916	0.00171254108314507	0.0102196435842339	0.00329233133617698	0.0559972401943706	0.0309125496360782	0.0213078788737207	0.0488147276015138	0.00715282911491953	0.015368524758476	0.00241794578184065
0.00478388929361875	0.000237842014305592	0.0262323460607541	0.0112508637114732	0.00098648063137772	0.00844235275678398	0.000278258322436069	0.000142646478782604	0.000767624856346584	0.00137083785522735	0.00267280419525472	0.00519716700318947	0.0334225281719214	0.00698415842683677	0.0142634111725172	0.00120625107858779	0.00315462036204732	0.0179144408423923	0.00119692931203272	5.22341449305742e-05	0.00101189745810999	0.00194404486529478	0.0031909671538367	0.00183124408487788	0.00947782037944803	0.00290240066112717	0.00184116794957885	0.00678448823635536	0.00316923338114579	0.0370540792595307	0.0229976054974867	0.00322369541994441	0.0283421431622928	0.00926318928473995	0.0129842762930598	0.00144585625898221
0.00486205082448179	0.000309656890237447	0.029212013103125	0.0107659147417216	0.00127600340527506	0.00844230252343868	0.000227017504509032	0.00023884939176855	0.000611249216087442	0.000329647070113475	0.0013890779553165	0.00292216538687469	0.0345928866819394	0.00375656419203554	0.0186944287591336	0.00181967777012672	0.00434740074614798	0.0169227449607317	0.000833470878153962	5.78960212241438e-05	0.000665462903497478	0.00186869054994716	0.00594300790076195	0.00227863773537271	0.011673302410582	0.00351268172773024	0.0014585290249979	0.00907303109822597	0.00535131957254763	0.0393377846747474	0.0227158060381632	0.00204099782090689	0.0344923489945353	0.00432631957831546	0.0162921271356599	0.00362634353104605
0.00525754808041451	0.000196025059186765	0.0283173887065143	0.00994133390460506	0.000962414608192594	0.0088741969656432	0.0009862413973703	0.000192646487524583	0.000762810926141411	0.00168412239160736	0.00120720948317437	0.00237495833547831	0.0288292614449414	0.00396764247760547	0.00301800702009235	0.000627416440431438	0.00147543088925968	0.0158079611650837	0.000525881362254231	5.58180935608472e-05	0.000839502449026561	0.000939811946499508	0.00404234190055982	0.00182608473753658	0.00666005174261736	0.000793604180304605	0.00259501165893415	0.00636212915303446	0.00501116182667596	0.0441665487605412	0.0230522456250291	0.00516811091094012	0.0272810883312513	0.00695107740706996	0.0114993135477257	0.00266757395688964
0.00210166952150784	0.00764637804922794	0.0103200137488313	0.00284346368225617	0.00117762177138838	0.0336387910733445	0.0164018782265647	0.0151175030545248	0.00178463185503019	0.0174864431968571	0.0972065277969883	0.0153956227249178	0.000427189742459894	0.0961066432971551	0.000807226029893389	0.0299655934882954	0.0168615213655967	0.00332782967880823	0.0386646339002923	5.73241145278236e-05	0.0683381224039753	0.0711081586320887	0.0210156648179622	0.00406123453152162	0.0325327464810534	0.00570780931541089	0.00358820001936537	0.0154075278356205	0.0194417917779361	0.00201569233708828	0.00417656171282383	0.000609700567214467	0.00026589425378801	0.0057600022335292	0.0132958834416838	0.00147764742565902
0.000390854382753494	0.0064199240031844	0.012249149858799	0.00102179385366132	0.000119346411625978	0.0339012679770552	0.0694056248940731	0.0389343761506952	0.000483037637242195	0.218342062373616	0.0125011368985366	0.0135918674320285	0.000986614897303606	0.00214889151035514	0.000229646083380138	0.00465342507674895	0.0214930130366545	0.000654760071511041	0.0486172003602949	0.000288393483397711	0.120893711762198	0.0516137131991176	0.165957017417885	0.00143694519329282	0.0337536176327682	0.0021040467040849	2.24286897845296e-05	0.0504147449012695	0.0134624198065562	0.0009864404855633	0.00103546428238802	0.000236730771945944	0.000172357254488097	0.00375692607656167	0.0238100103950279	0.000533398095957511
0.0072538543191809	0.0312574505215266	0.0148732831845798	0.00944407521748245	0.00259953160438003	0.0500076203635971	0.0067506224040328	0.00774859235360859	0.00360445165540353	0.00966549182587249	0.352595203333458	0.0202293970998546	0.00118594812286624	0.0271444055569537	0.000368235605896358	0.14515639002184	0.01695227953254	0.0087493430912213	0.0304256939161171	8.01813188240859e-05	0.0326097159639874	0.0198198195784017	0.0185104837767145	0.00298349480028887	0.0362758415724785	0.0116235909979778	0.00438543700992584	0.0257902177186086	0.0227609887933662	0.00431713546974029	0.0123909153497294	0.000470620887129794	0.00033279218472028	0.00814197206909163	0.0195204271630829	0.00383677871560886
0.0231337512833998	0.00854167984505194	0.00901430840818449	0.0127880438296215	0.0140262922871847	0.0143743847814932	0.0069570816430744	0.00526172545509023	0.000898423280248703	0.00129772287891007	0.0462590852913488	0.0122813923429492	0.000226839694791473	0.00375482723467514	0.00239850258424267	0.053586075117352	0.0179581174644049	0.00650000747570617	0.00949793024622256	7.92281409968856e-05	0.00835148236956242	0.0025246375382399	0.0122250467337623	0.000390587967575236	0.0347675259188323	0.00105310640552934	0.1946183041067	0.0150636671169089	0.0040374940313213	0.0137807015609662	0.00731824213772451	0.0203230709873375	0.0019589683882655	0.00406018542865288	0.0202169273885644	0.00931607881515339
0.00527174224638793	0.00128506316317779	0.0127816592414243	0.00996578750960849	0.00117580001376738	0.056048782237906	0.0130314533262701	0.00227860415024139	0.00069831111396178	0.0054028434060946	0.0314002228844655	0.00447040254644543	0.00257738018714186	0.00602083523065868	0.000241419240142386	0.16193499106474	0.013974016076157	0.00649683983832612	0.0134489745870546	5.75338136498077e-05	0.0120994524307846	0.0146736986642027	0.0159498323851206	0.00191312405491038	0.030563571324679	0.00507405339070055	0.000943850407485208	0.0211539108247691	0.0159380230338069	0.00219995054937493	0.00932911672469356	0.000274221816142682	9.04943644998823e-05	0.0182984526913606	0.0097201519007958	0.000626771103066462
0.00417937895569685	0.000507982004034525	0.00752882680357136	0.00672719992744647	0.0016271589508397	0.0267609014363488	0.00236038869900841	0.000587646145198952	0.000778880202057611	0.00225266154821968	0.00837536137373649	0.00285324191144952	0.000328296636335548	0.00258797629708121	0.000202716146061769	0.0922072659088608	0.00852187199436014	0.00405195814044816	0.00488423462798461	0.000157503104166571	0.00236249557812516	0.00181139768856265	0.00768406344453388	0.000626804315657314	0.01880102446776	0.00189478250204694	0.00309084616547039	0.00952500076659596	0.00740163429850095	0.00314536496883435	0.00508415140675457	0.000722933083295538	0.00024392322775831	0.00473030435806554	0.00827437782137279	0.00042645507853135
0.00302298932560434	0.00932680644782325	0.0148216093155191	0.00786590311862729	0.00137980997790766	0.0221274167366203	0.0123996102645014	0.0454973647919944	0.146896908896611	0.00725084481773007	0.00377833250857822	0.00313362962593189	0.000984317402068258	0.00334238528571216	0.0364620227048109	0.00548228843953472	0.0187384190728268	0.0249582435524981	0.00974033899722456	6.76756257312185e-05	0.00350177721173841	0.0427580536934333	0.0267375980790996	0.0459734710659167	0.0591316356126597	0.00683214932316791	0.00170392163941375	0.0225732894175004	0.0447243870664394	0.0170877623530467	0.010910000299759	0.00698970315361839	0.00569082402597353	0.0132216865576321	0.0515517673073357	0.000627021164681644
0.00324136839795986	0.00630110834549577	0.0180883053229563	0.00848514214129644	0.00165294141478459	0.0343690939125388	0.0205864683884198	0.0546231809341994	0.00232888007100222	0.00963560709856363	0.00165386310975746	0.00711457219137791	0.00183779083252904	0.00368873268506225	0.0362274865897835	0.0132593872502469	0.037457872374713	0.0139963037023815	0.0142361134016016	5.80104025634078e-05	0.0064220859552056	0.00630398338131856	0.328982811571228	0.0179224449374558	0.0839993173980613	0.00853918515570545	0.00102265829439813	0.0381392035689044	0.0511362026480406	0.0150467237431082	0.0107722836921358	0.00747047727927408	0.00418968409884223	0.00699801040203646	0.0791967165746456	0.00139577725284844
0.000943764923218234	0.00426509882887264	0.00498484524020275	0.00416178811855288	0.00021394336086092	0.0169955412038516	0.000776253775025013	0.0165684371571441	0.0340286276034904	0.00571653111675543	0.00459249950609398	0.00324571260588595	0.000873445210548338	0.00864767001644747	0.00219956404556722	0.00153941854796019	0.00875286960408101	0.00463360438772246	0.0194487810243928	5.99548853308964e-05	0.00807983730027758	0.266386026330063	0.00998609289882965	0.00196685315980475	0.0213854364421449	0.0108550144874062	2.57892699503813e-05	0.039130350526176	0.021484457198253	0.00282956941493078	0.00474680981972927	0.00166650925865665	0.000669243538134283	0.00305449558522978	0.026770226257291	0.000622936824967005
0.000690915409836138	0.00199886772656634	0.0064240530514788	0.00398476424453098	2.86215376297593e-05	0.0141803689505675	0.00803525836904831	0.0176363799964874	0.000820680877148792	0.00994522682603158	0.00234103158493838	0.000343168327094272	0.000718928077038605	0.00523805119268936	0.0014096269427302	0.00152428184252156	0.00861044242306549	0.0075912392932453	0.00874611327479697	6.36913424135214e-05	0.0037541742888821	0.00531529295999897	0.00927981733360748	0.00962210173619051	0.0157728071765752	0.0025998633708453	4.85950941781122e-06	0.103294904021853	0.0100392839115421	0.00164315197749518	0.00521097004013036	0.000294528293194478	0.000151178914893141	0.00306382201371671	0.0182793928065896	0.000124197268873717
0.0032115295508343	0.0053187530772132	0.00864027594855271	0.0063384045677515	0.00123827756110888	0.0154323667089073	0.00372085183630153	0.0129106695273303	0.00443489744435641	0.00105609464335946	0.0029450480864405	0.00863643525372329	0.000804497951042472	0.00656754018695261	0.0060131398163179	0.00347363982540232	0.00891392259939197	0.00850984593776392	0.0226241619308025	6.13655885151527e-05	0.00660712267887659	0.0935634230367682	0.011029957035678	0.00328842843922332	0.020696813398203	0.00668617198150808	0.00219196003234865	0.0265708423113054	0.0137643883224153	0.0100720978547965	0.00828714703777325	0.0280969079085516	0.00537475031878606	0.00445069201497668	0.0308885471644372	0.00133314515363252
0.0134586548756384	0.00115167265580104	0.0287538107880245	0.0259468182558685	0.00830966168818178	0.0180006357908931	0.00265155223297443	0.0155144670864113	0.000722911839138394	0.00205522846192255	0.00379306174896389	0.0072717837199229	0.0110897369379406	0.0112164685957872	0.0108676665892991	0.00370527823316634	0.0102226179421773	0.0250456416592437	0.0026611263716046	6.11177622800807e-05	0.00242108819630672	0.00538070543644405	0.00871714536178402	0.00179061774870955	0.0260765020365631	0.00416401443613737	0.0157436628959998	0.020143229997761	0.00900940661184779	0.064496767730186	0.0339286278101861	0.221457151167771	0.109398510734356	0.00899771701064741	0.101963377240617	0.00180659514504374
0.00285489101968477	0.00853012169761662	0.0111195801484653	0.00415338796289629	0.00107523585599035	0.0390574543558912	0.015744720248109	0.00740002803398548	0.00203999286441918	0.0191750911065153	0.246815704697271	0.0111515631800547	0.00054672172371305	0.0353903306241386	0.000430230082941658	0.0570197665242771	0.0164886123711495	0.00422710840810462	0.0324430068939406	5.24247804960143e-05	0.0663106738739983	0.0586859783091049	0.0225328820673331	0.000443615767742196	0.030679929754134	0.00290806385646822	0.00255609895110594	0.0233160721161971	0.02138232321101	0.00331357106093363	0.00522262530615687	0.000375247945741093	0.000446834941185669	0.00719579085646578	0.017876088343707	0.000825620099459173
0.00243913585780913	0.00104029295213663	0.00818779586054092	0.00516330551782142	0.000701042807225866	0.0362403704447444	0.0233135265543708	0.00220641391217949	0.000834488805068257	0.00944389093296739	0.02474467679429	0.0078466544537402	0.000562503001927686	0.00472142976838338	0.000298523685540373	0.0936871285431029	0.0108629805005469	0.0036644319240383	0.016053011807952	5.56846486650392e-05	0.0285275615622607	0.0259114870847205	0.0137763316641057	0.00129434774010243	0.0214746939235284	0.00123641647039367	0.00107828442370523	0.0138636838857669	0.0152348885460357	0.00174007070354495	0.00550117737997584	0.000338291282519403	0.0002231292209802	0.00529193586449794	0.00840779530797349	0.00057957614089445
0.00127125199868327	0.000502216268553747	0.00501964225648307	0.00220488099747347	0.000245654940015101	0.0236796703627602	0.0149351951097863	0.000253058708059055	0.00072174690229159	0.0011581883373658	0.0250140383660712	0.00211581411045401	0.000714189959833312	0.00146919067136202	0.000396602424551852	0.0593511468636973	0.00633111810647454	0.00149586245623148	0.00709110556765344	5.00037088149256e-05	0.00968024085803421	0.00673043735516	0.00826756510745616	0.000572141312507867	0.0129900930387311	0.0007479593478092	0.000282939711218849	0.00707112808155259	0.00432638423997803	0.000975776979868177	0.00247366909313602	0.000143748482287718	0.00011499558157382	0.00468782398057022	0.00156209088519753	0.000895037203833691
0.000843228527023499	0.005741202619937	0.00918020450943681	0.00155017137061889	0.000212820727935804	0.03129805951036	0.0945620267828186	0.0298617976350436	0.000632115290784598	0.239505495781873	0.00925839815816731	0.0115573595881786	0.000485502063295093	0.00191483413314841	0.000389557070898854	0.00181926424157608	0.0163173826564395	0.00208612566066333	0.0330130438053965	0.000701843897724095	0.0964047132503616	0.0398070157761709	0.0517194842684958	0.00243712555547696	0.0254664803234343	0.00346792421616385	0.000942089045507645	0.0374430870814381	0.0103854149915905	0.00157232885172283	0.0015105733330168	0.000143748482287718	0.000120560400484403	0.00389411483107913	0.0159533122076361	0.000826236918109956
0.000483447588962693	0.00428638484635728	0.00591766378772203	0.00184704994444801	6.39026861446392e-05	0.0237453134844111	0.2068778075521	0.0167979768550025	0.000982778413096645	0.148846055411693	0.00877512142829303	0.00818864412769875	0.000415435926098773	0.00144269020715305	0.000203226007181394	0.000286922493529722	0.0154577553885978	0.00246022404503312	0.0196565948794305	0.000462195928409406	0.059347576453673	0.0314529233829907	0.0214839018293841	0.00160680190309857	0.0157724878179343	0.00966038039369934	8.00810159250033e-06	0.0276412399571227	0.00996306302148318	0.000353140412709046	0.00123959695095152	0.000163098698647324	8.54019546766718e-05	0.0059246889094565	0.00884346993066015	0.000189580045856632
0.00068958832218763	0.00245777813105065	0.00342981916477745	0.00167641302793124	7.94694145493944e-05	0.0129078104049239	0.156161383389629	0.00667689354849422	0.00074845479264698	0.0678922793339278	0.00466618100172929	0.00422058354770087	0.000209624660070272	0.00171244063438049	8.72557779721688e-05	0.00100916961329166	0.00863086326706055	0.00149805234680833	0.00865261835083206	0.000330638324699226	0.0255964935885479	0.0144750226706084	0.00752819248019742	0.00193765914793639	0.00790232861330676	0.00667757279779896	4.85662686155746e-05	0.0165809540318082	0.00330878307311226	0.000336443341264146	0.000959156733282806	0.000153226713266188	8.98938444735603e-05	0.00551552946615884	0.0072787576350648	0.000241826252655321
0.00145934910941185	0.00318394656181075	0.00588902571654581	0.00404235113380672	0.000142401841100071	0.0225224392056921	0.170836754693734	0.0200304975781477	0.000795960232002655	0.0546334265146107	0.00588275508182617	0.00524710029662193	0.00065484837108932	0.00524077527335841	0.000427379495772846	0.0030174398097881	0.0133955505378215	0.00443500376861564	0.0086600392697287	0.000429139721362101	0.0192416507711025	0.00738724186055486	0.0112870520745857	0.00356409758340223	0.0162733649136303	0.0072031147156813	8.33118810594354e-05	0.0286660688995697	0.00832209358114677	0.00150541593768091	0.00302597798416042	0.000254477845380409	0.000117189481403316	0.00306502542384406	0.0200586774800003	0.000630555368842883
0	0	0	0	0	0	0	0	0	0	0	0	0	0	0	0	0	0	0	0	0	0	0	0	0	0	0	0	0	0	0	0	0	0	0	0
