Samples	ID1	ID2	ID4	ID5	ID6	ID8	ID9	ID14	ID19	ID20	ID21	ID25
SP135192	0	0	0	0	0	0	2	0	0	0	0	0
SP135335	14	11	0	31	0	0	0	0	0	0	0	0
SP135278	3	5	0	0	5	0	0	0	0	0	11	0
SP135287	9441	54838	0	0	0	0	0	0	0	0	0	0
SP135345	49	71	0	163	0	0	0	0	0	0	0	0
SP85122	15147	85293	0	0	0	0	0	0	0	0	0	0
SP84384	11846	89792	0	0	0	0	0	0	0	0	0	0
SP135184	0	0	0	7	0	0	0	0	0	0	0	0
SP135226	132	97	0	0	0	0	0	0	0	0	0	0
SP135436	608	698	0	0	0	0	0	0	0	0	0	0
SP135262	38	22	34	39	0	0	0	0	0	0	0	0
SP135431	857	775	0	0	0	0	0	0	0	0	0	0
SP135425	286	253	0	301	0	0	0	0	0	0	0	0
SP135222	274	198	0	0	0	0	0	0	0	0	0	0
SP135230	106	149	0	0	0	0	55	0	0	0	0	0
SP135205	36	63	0	0	0	0	0	0	0	0	0	0
SP135180	0	0	0	5	0	0	0	0	0	0	0	0
SP135213	87	153	0	0	112	0	0	0	0	0	0	0
SP135217	0	0	0	0	0	1	0	0	0	0	0	0
SP135405	316	262	0	230	0	0	0	0	0	0	0	0
SP135238	0	8	0	0	0	0	0	0	0	0	0	0
SP135270	285	267	0	0	169	144	0	0	0	0	0	0
SP135411	84	103	0	97	0	0	0	0	0	0	0	0
SP135188	37	44	0	83	0	0	0	36	0	0	0	0
SP135194	166	201	0	0	0	0	0	0	0	0	0	0
SP135186	162	147	0	0	0	0	124	0	0	0	0	0
SP135420	188	335	0	254	0	0	0	0	0	0	0	0
SP135258	41	29	0	0	0	0	0	0	0	0	0	0
SP135234	599	547	0	0	0	0	0	0	0	0	0	0
SP135293	0	0	0	0	3	0	0	0	2	0	0	0
SP135393	141	186	0	144	0	0	0	126	0	0	0	0
SP135299	293	207	0	0	0	0	190	127	0	0	0	0
SP135415	61	36	0	0	0	0	48	0	0	0	53	0
SP135310	0	0	0	0	0	0	0	0	0	0	1	0
SP135323	16	20	0	0	0	35	76	0	0	0	0	0
SP135390	8	9	0	0	0	0	0	0	0	0	0	28
SP135209	17	16	19	0	0	0	14	10	0	0	0	0
SP135240	441	253	0	0	0	0	0	0	0	0	0	0
SP135182	1005	1823	0	0	0	0	0	0	0	0	0	0
SP85251	181	79	89	0	0	0	67	0	0	0	0	0
SP84408	110	75	0	0	0	0	96	0	0	0	0	0
SP84491	1673	1574	0	0	0	0	0	0	0	0	0	0
SP84743	0	995	0	0	0	0	0	2189	0	0	0	0
SP83967	130	168	110	0	0	0	73	0	0	0	0	0
SP105253	1148	934	0	0	0	0	0	0	0	0	0	0
SP84998	376	539	0	0	0	0	0	0	0	0	0	0
SP84062	67	23	0	121	0	0	0	0	0	0	0	0
SP84982	5045	47931	0	0	0	0	0	0	0	0	0	0
SP84790	258	338	0	369	0	0	0	254	0	0	0	0
SP105673	137	204	0	0	679	212	145	0	0	0	0	0
SP85339	788	866	0	0	0	0	0	0	0	0	0	0
SP84719	290	571	0	0	0	0	0	0	0	0	0	0
SP105425	685	938	0	0	0	0	0	0	0	0	0	0
SP84056	621	393	0	0	314	0	0	0	0	0	0	0
SP105261	189	243	0	0	0	100	0	0	0	0	0	0
SP85379	873	998	0	0	0	0	0	0	0	0	0	0
SP105086	472	533	0	568	0	0	0	0	0	0	0	0
SP84392	14104	88071	0	0	0	0	0	0	0	0	0	0
SP105018	327	286	0	0	3303	791	0	0	0	0	0	0
SP84858	692	1237	0	0	0	0	0	0	0	0	0	0
SP84086	514	125	0	0	0	0	0	0	0	0	0	0
SP105213	391	607	0	0	0	0	0	0	0	0	0	0
SP105577	310	503	0	0	0	0	0	0	0	0	0	0
SP85431	269	114	0	0	0	0	140	0	0	0	0	0
SP84962	447	265	0	0	0	0	0	0	0	0	0	0
SP105006	258	406	0	319	0	0	0	0	0	0	0	0
SP84439	13167	82712	0	0	0	0	0	0	0	0	0	0
SP105159	192	231	146	0	0	0	104	0	0	0	0	0
SP85230	81	63	0	0	459	319	125	0	0	0	0	0
SP84922	371	1169	0	560	0	0	0	226	0	0	0	0
SP85130	594	984	0	0	0	0	0	0	0	0	0	0
SP104984	358	389	0	0	0	0	0	0	0	0	0	0
SP85222	127	120	0	0	0	0	65	0	0	0	0	0
SP105375	1035	906	0	0	0	0	0	1146	0	0	0	0
SP85287	510	294	0	245	0	0	0	0	0	0	0	0
CPCT02060042T	74	0	0	55	0	36	0	0	52	0	0	0
CPCT02130027T	286	196	0	0	0	0	0	0	216	0	0	0
CPCT02290024T	1247	1507	0	0	0	0	0	0	0	0	0	0
CPCT02230080T	785	1012	0	0	0	0	0	0	0	0	0	0
CPCT02070282T	777	1020	0	0	0	0	0	0	0	0	0	0
CPCT02060201T	891	776	0	0	0	0	0	0	0	0	0	0
CPCT02010752T	205	205	0	0	0	148	0	0	183	0	0	0
CPCT02130046T	663	810	0	0	0	0	0	0	0	0	0	0
CPCT02190033T	1218	1179	0	0	0	0	0	0	0	0	0	0
WIDE01010213T	562	1001	0	0	651	0	0	0	0	0	0	0
CPCT02440010T	897	1128	0	0	0	0	0	668	0	0	0	0
WIDE01010272T	354	550	0	0	0	0	0	0	0	0	0	0
DRUP01070085T	18263	72838	0	0	0	0	0	0	0	0	0	0
CPCT02380045T	1241	740	0	0	0	0	0	0	0	0	0	0
CPCT02150013T	269	264	0	0	0	122	0	0	210	0	0	0
CPCT02010769T	479	593	0	0	0	0	0	285	0	0	0	0
CPCT02450014T	130753	70724	0	0	0	0	0	0	0	66009	0	0
CPCT02130122T	803	427	0	0	0	0	0	0	0	0	0	0
CPCT02230107T	630	1399	0	0	0	0	0	0	0	0	0	0
DRUP01090017T	964	1316	0	0	0	0	0	1116	0	0	0	0
CPCT02020781T	716	930	0	0	741	0	0	0	0	0	0	0
CPCT02310016T	490	711	0	0	0	0	0	0	0	0	0	0
CPCT02300050T	871	1579	0	0	0	0	0	0	0	0	0	0
CPCT02020808T	603	955	0	0	423	0	0	0	0	0	0	0
CPCT02050414T	1371	1166	0	0	0	0	0	0	0	0	0	0
CPCT02230042T	139	30	0	0	0	46	0	0	117	0	0	0
CPCT02040170T	134	185	0	0	0	0	0	355	142	0	0	0
CPCT02330059T	1448	1783	0	0	0	0	0	0	0	0	0	0
CPCT02330063T	1105	1413	0	0	0	0	0	0	0	0	0	0
CPCT02020512T	536	450	0	0	0	0	0	0	0	0	0	0
CPCT02110031T	610	635	0	0	0	0	0	0	0	0	0	0
CPCT02030347T	16396	150922	0	0	0	0	0	0	0	0	0	0
CPCT02050179T	1317	1766	0	0	0	0	0	0	0	0	0	0
CPCT02010591T	406	413	0	0	0	0	0	0	231	0	0	0
CPCT02170007T	418	845	0	0	0	0	0	0	410	0	0	0
CPCT02210025T	477	625	0	0	0	0	0	618	392	0	0	0
CPCT02030376T	415	723	0	0	0	0	0	0	0	0	0	0
CPCT02050110T	1196	1106	0	0	0	0	0	0	0	0	0	0
CPCT02030318T	1204	1581	0	0	0	0	0	0	0	0	0	0
CPCT02100056T	120	408	0	220	0	0	0	0	0	0	0	0
CPCT02030326T	804	811	0	0	0	0	0	0	0	0	0	0
CPCT02120007T	530	995	0	0	0	0	0	532	0	0	0	0
WIDE01010573T	699	729	0	0	0	348	0	0	0	0	561	0
WIDE01010693T	501	614	0	0	0	0	0	0	0	0	0	0
