NMF_Replicate	L1	L1 %	L2	L2 %	KL Divergence	Correlation	Convergence Iterations
1	1260.221	5.336	289.163	3.24	4.535	0.997	1000000.0
2	1221.023	6.018	284.398	3.821	0.017	0.993	1000000.0
3	1262.813	5.331	297.692	3.319	4.534	0.997	1000000.0
4	1256.754	5.212	290.516	3.176	4.533	0.997	1000000.0
5	1237.646	5.339	285.326	3.215	4.535	0.996	1000000.0
6	1252.702	5.77	290.48	3.523	0.016	0.994	1000000.0
7	1229.936	5.308	285.397	3.302	4.534	0.996	1000000.0
8	1244.709	5.306	291.378	3.32	0.01	0.996	1000000.0
9	1245.923	5.835	293.29	3.68	0.016	0.994	1000000.0
10	1211.738	5.364	279.723	3.362	0.011	0.996	1000000.0
11	1265.005	5.282	305.279	3.239	0.009	0.997	1000000.0
12	1268.321	5.315	302.837	3.227	9.058	0.997	1000000.0
13	1217.262	5.265	280.515	3.295	0.01	0.996	1000000.0
14	1225.865	5.346	283.332	3.364	0.01	0.996	1000000.0
15	1242.284	5.485	290.885	3.432	4.535	0.995	1000000.0
16	1214.176	5.996	283.256	3.802	0.017	0.993	1000000.0
17	1270.902	5.267	309.107	3.223	4.534	0.997	1000000.0
18	1220.578	5.308	283.202	3.327	0.01	0.996	1000000.0
19	1227.156	6.062	290.351	3.847	0.017	0.993	1000000.0
20	1245.088	5.366	300.492	3.309	4.535	0.996	1000000.0
21	1260.258	5.371	305.862	3.329	0.01	0.996	1000000.0
22	1274.814	5.285	299.366	3.288	4.533	0.996	1000000.0
23	1241.044	5.863	289.64	3.667	0.015	0.994	1000000.0
24	1236.721	5.384	297.963	3.356	4.535	0.996	1000000.0
25	1273.297	5.247	297.49	3.189	0.009	0.997	1000000.0
26	1223.716	5.393	287.316	3.437	0.011	0.996	1000000.0
27	1265.28	5.23	294.476	3.195	0.009	0.997	1000000.0
28	1216.585	5.403	281.742	3.405	4.535	0.995	1000000.0
29	1266.571	5.316	300.406	3.332	0.01	0.996	1000000.0
30	1258.981	5.316	299.852	3.229	0.009	0.997	1000000.0
31	1210.088	5.98	281.426	3.799	0.017	0.993	1000000.0
32	1244.65	5.214	304.221	3.233	4.535	0.997	1000000.0
33	1225.903	5.43	283.232	3.404	4.535	0.995	1000000.0
34	1259.138	5.915	301.937	3.954	0.013	0.994	1000000.0
35	1272.789	5.263	300.289	3.197	0.01	0.997	1000000.0
36	1206.407	5.928	283.844	3.809	0.017	0.993	1000000.0
37	1247.025	5.825	292.109	3.648	0.016	0.994	1000000.0
38	1282.907	5.212	303.516	3.183	4.533	0.997	1000000.0
39	1254.257	5.3	291.606	3.219	0.01	0.997	1000000.0
40	1234.857	5.426	285.494	3.412	4.535	0.996	1000000.0
41	1233.103	5.277	287.435	3.318	4.534	0.996	1000000.0
42	1256.73	5.288	295.747	3.306	0.01	0.996	1000000.0
43	1241.669	5.429	291.793	3.426	0.011	0.996	1000000.0
44	1229.635	5.47	284.176	3.405	0.011	0.996	1000000.0
45	1240.561	5.264	288.835	3.291	4.534	0.996	1000000.0
46	1214.796	5.367	281.959	3.391	0.011	0.996	1000000.0
47	1255.034	5.406	305.119	3.369	4.535	0.997	1000000.0
48	1229.34	5.454	284.255	3.418	0.011	0.995	1000000.0
49	1277.819	5.286	311.242	3.254	0.009	0.997	1000000.0
50	1270.882	5.243	295.304	3.182	4.533	0.997	1000000.0
51	1219.374	5.406	282.836	3.383	4.535	0.996	1000000.0
52	1238.084	5.854	290.199	3.719	0.016	0.994	1000000.0
53	1248.338	5.821	295.516	3.673	0.016	0.994	1000000.0
54	1223.039	5.41	282.71	3.419	4.535	0.996	1000000.0
55	1254.417	5.896	289.567	3.646	4.54	0.994	1000000.0
56	1272.736	5.346	309.966	3.308	4.533	0.997	1000000.0
57	1258.278	5.307	296.373	3.321	4.534	0.996	1000000.0
58	1234.548	5.279	287.796	3.294	0.01	0.996	1000000.0
59	1282.885	5.35	308.333	3.276	4.533	0.997	1000000.0
60	1250.662	5.337	302.644	3.318	4.535	0.997	1000000.0
61	1236.851	5.289	285.142	3.3	4.534	0.996	1000000.0
62	1243.02	5.856	295.808	3.734	0.016	0.994	1000000.0
63	1220.957	5.471	282.482	3.419	4.535	0.995	1000000.0
64	1227.444	5.264	284.912	3.299	4.533	0.996	1000000.0
65	1248.455	5.323	290.933	3.304	4.534	0.996	1000000.0
66	1237.271	5.28	287.298	3.304	4.533	0.996	1000000.0
67	1252.37	5.285	293.898	3.293	4.534	0.996	1000000.0
68	1218.71	5.93	285.836	3.777	0.017	0.993	1000000.0
69	1240.559	5.251	289.148	3.274	4.534	0.996	1000000.0
70	1260.53	5.809	293.679	3.573	0.016	0.994	1000000.0
71	1251.011	5.414	302.403	3.356	0.01	0.997	1000000.0
72	1258.386	5.372	304.822	3.359	0.01	0.996	1000000.0
73	1228.81	5.385	288.833	3.433	0.011	0.996	1000000.0
74	1225.357	5.294	293.996	3.288	4.535	0.997	1000000.0
75	1269.907	5.387	301.149	3.41	4.534	0.996	1000000.0
76	1233.684	5.488	287.634	3.425	0.011	0.995	1000000.0
77	1265.776	5.308	306.315	3.286	0.009	0.997	1000000.0
78	1238.509	5.815	288.751	3.666	0.016	0.994	1000000.0
79	1286.066	5.278	313.08	3.235	4.534	0.997	1000000.0
80	1236.504	5.369	298.942	3.339	4.535	0.997	1000000.0
81	1213.962	5.903	284.161	3.757	0.017	0.993	1000000.0
82	1237.66	5.411	296.468	3.352	0.01	0.996	1000000.0
83	1229.791	5.419	283.993	3.376	0.011	0.996	1000000.0
84	1270.441	5.248	294.004	3.21	4.533	0.997	1000000.0
85	1224.682	5.385	285.539	3.384	0.011	0.996	1000000.0
86	1254.486	5.317	291.527	3.246	4.535	0.997	1000000.0
87	1241.453	5.849	293.365	3.701	0.016	0.994	1000000.0
88	1231.291	5.881	287.926	3.733	0.016	0.993	1000000.0
89	1220.223	5.46	282.9	3.442	0.011	0.995	1000000.0
90	1219.684	5.893	287.48	3.781	0.017	0.993	1000000.0
91	1220.889	5.488	283.166	3.436	4.535	0.995	1000000.0
92	1224.742	5.462	288.789	3.464	4.535	0.996	1000000.0
93	1216.144	5.911	285.715	3.785	0.017	0.993	1000000.0
94	1210.043	5.913	285.706	3.772	0.017	0.993	1000000.0
95	1225.774	5.808	285.594	3.679	0.016	0.993	1000000.0
96	1206.572	5.99	280.726	3.812	0.017	0.993	1000000.0
97	1245.422	5.276	289.022	3.296	4.533	0.996	1000000.0
98	1266.276	5.266	304.678	3.229	4.534	0.997	1000000.0
99	1229.669	5.284	286.101	3.307	0.01	0.996	1000000.0
100	1226.795	5.454	285.491	3.446	0.011	0.996	1000000.0
