Samples	ID83A	ID83B	ID83C	ID83D	ID83E	ID83F	ID83G	ID83H	ID83I	ID83J	ID83K	ID83L	ID83M	ID83N	ID83O	ID83P
SP23435	8	47	21	0	9	8	0	1	9	44	44	4	10	8	2	0
SP112829	4	51	0	0	12	12	0	1	26	80	13	14	168	18	0	12
SP112947	2	49	3	7	0	8	0	1	14	34	21	20	15	12	0	139
SP112985	0	0	0	3	1	0	0	0	0	0	0	0	0	0	0	28
SP112925	6	36	11	0	9	10	32	6	26	0	25	12	14	24	12	113
SP112937	6	14	0	17	0	7	0	1	9	12	15	11	3	17	0	10
SP112989	3	23	2	1	0	4	0	0	7	12	25	5	19	10	1	10
SP111145	28	54	10	0	6	13	0	0	4	39	63	27	11	10	3	1
SP111143	9	36	9	5	23	8	0	0	18	65	13	13	7	13	0	0
SP125584	2	3	0	0	0	3	0	2	0	0	0	1	3	0	0	0
SP111144	15	98	2	0	15	13	0	1	28	29	70	23	0	21	0	0
SP116296	0	11	0	0	0	0	0	0	0	41	4	1	0	11	0	2
SP116254	16	79	11	3	10	48	0	2	26	35	0	0	15	9	0	0
SP116256	18	78	11	0	0	49	0	1	29	15	0	3	14	22	0	1
SP116274	12	29	0	1	0	11	0	0	8	0	37	13	6	0	2	0
SP116259	6	62	0	0	3	0	22	0	16	5	42	3	14	13	5	0
SP116290	3	0	0	0	12	8	0	0	3	45	0	9	1	2	0	0
SP116258	4	77	12	4	11	28	0	0	19	27	11	3	10	20	0	0
SP116261	0	4	0	0	0	2	0	0	6	21	7	4	0	3	0	0
SP23463	0	15	1	0	4	5	0	2	6	1	5	10	11	0	0	0
SP116268	4	6	0	0	5	0	0	0	9	6	16	10	6	0	0	0
SP23471	5	20	0	0	11	2	0	0	11	0	17	7	9	6	0	0
SP116266	5	13	0	0	24	1	0	0	13	9	22	20	11	9	0	1
SP116264	5	36	20	0	18	0	0	5	27	1	32	13	17	1	4	0
SP116269	1	43	16	0	1	1	0	2	13	17	35	20	10	6	0	0
SP116275	15	36	0	1	6	7	0	1	5	8	43	10	8	0	1	0
SP23447	5	19	0	1	6	3	0	0	1	4	22	7	9	7	0	0
SP116255	25	93	3	0	1	55	0	2	19	25	4	3	15	19	0	1
SP23455	6	6	0	3	6	0	5	0	8	13	1	27	11	7	0	2
SP23475	10	7	0	0	6	0	0	1	4	28	11	13	2	0	0	0
SP116227	4	83	23	5	24	12	0	0	2	26	3	9	7	15	0	1
SP116226	3	13	6	0	0	2	0	0	7	14	11	4	0	2	4	1
SP23443	16	72	11	1	0	0	0	4	23	39	9	6	3	8	7	0
SP116260	16	41	3	0	13	6	0	1	6	33	30	3	10	7	0	0
SP116280	18	147	36	5	30	21	0	4	29	0	57	44	24	29	6	0
SP116224	4	24	4	0	0	12	0	0	3	18	13	2	0	0	0	1
SP116249	0	0	0	0	0	0	0	0	0	0	0	2	0	1	0	0
SP116232	1	0	0	0	0	0	0	0	4	4	3	2	3	0	0	0
SP116251	3	4	0	0	3	1	2	0	0	21	0	7	2	12	2	1
SP116272	9	42	0	8	0	6	0	0	2	0	45	4	3	2	2	0
SP116286	3	7	0	0	0	0	0	1	6	16	4	0	5	7	0	0
SP116282	5	33	4	0	0	0	0	0	16	28	18	6	2	2	5	1
SP116288	2	7	0	0	0	0	0	0	1	5	0	0	0	7	0	0
SP23467	4	34	0	0	3	7	0	0	4	18	25	10	3	3	1	2
SP116263	3	13	0	0	0	4	0	0	8	11	8	14	0	2	0	1
SP116292	5	11	0	0	0	0	0	0	4	26	9	5	0	1	0	0
SP116248	2	14	0	0	0	3	0	0	0	10	20	0	5	0	1	0
SP116276	1	1	0	0	0	1	0	0	5	0	0	1	3	5	0	0
SP116265	16	42	12	1	28	4	0	3	22	11	47	22	32	23	2	0
SP116267	11	30	0	2	25	0	0	1	15	19	38	16	21	7	0	0
SP116253	3	27	2	2	0	14	2	0	15	21	34	18	5	7	1	0
SP23481	1	3	5	0	1	0	0	0	12	10	4	11	1	1	0	1
SP116233	14	54	4	3	3	50	0	0	17	28	6	4	9	10	1	0
SP116284	16	40	0	0	16	13	0	0	1	23	15	2	18	0	2	0
SP116270	1	13	0	0	0	4	0	0	0	29	11	7	6	4	0	0
SP116257	3	72	11	4	9	11	0	0	16	22	10	13	12	13	0	0
SP116298	1	5	0	1	0	2	0	0	0	0	4	0	0	0	0	0
SP116294	0	3	0	0	0	5	0	0	11	4	7	0	1	0	0	1
SP23439	8	8	16	0	44	72	0	4	26	13	35	65	12	8	6	3
SP23483	0	0	0	0	0	0	0	0	2	2	0	0	1	5	0	0
SP116262	2	15	11	1	0	0	2	0	7	0	27	1	1	0	0	0
SP116228	30	87	22	0	5	78	0	1	47	52	22	40	11	19	8	0
SP116222	3	8	0	0	4	0	22	1	9	27	11	3	0	9	0	1
SP23451	3	0	6	1	23	1	0	0	7	26	20	1	0	15	0	0
SP116247	15	44	0	0	3	7	0	1	4	38	16	21	0	0	2	0
SP116225	0	7	0	6	0	11	0	1	9	32	28	4	3	0	0	0
SP116273	9	33	0	4	6	4	0	0	1	0	36	10	2	0	0	0
SP116221	6	19	1	0	2	6	0	0	4	11	6	6	15	0	2	0
SP116271	2	6	0	0	0	0	0	0	0	1	15	3	1	8	0	0
SP23459	3	25	0	0	0	0	3	0	2	17	11	12	4	6	1	1
SP23479	7	0	4	0	21	3	5	0	5	19	14	1	0	0	0	0
SP116223	7	9	0	0	4	0	13	0	9	10	11	8	10	1	0	1
SP116229	26	123	0	16	54	3	0	8	1	20	56	14	19	11	0	0
SP23477	2	3	0	0	0	8	18	1	3	20	8	0	1	5	0	0
SP116252	13	19	0	3	0	13	0	0	13	43	0	20	7	7	2	0
SP116278	0	0	0	0	0	0	0	0	4	0	2	0	0	0	0	0
SP23431	261	271	118	27	30	6	0	0	9	35	42	0	2	20	0	0
SP116231	1	53	13	0	0	2	0	1	9	3	18	2	7	4	0	1
SP116250	2	5	0	0	0	0	0	0	6	0	5	12	5	1	0	0
SP112815	12	116	24	0	0	19	0	3	33	24	45	3	10	33	4	26
SP112799	2	33	1	0	11	3	0	0	14	25	23	14	9	16	5	0
SP112835	4	24	0	0	4	5	0	2	6	81	50	25	22	0	7	8
SP112955	1	27	0	20	0	5	0	1	7	64	2	10	18	12	2	38
SP112807	17	67	2	3	13	7	0	2	8	62	55	7	10	21	1	29
SP112953	21	101	31	0	5	3	0	1	46	0	23	37	14	16	0	125
SP112911	4	24	0	0	12	3	0	1	24	0	31	1	11	8	0	37
SP112847	12	38	0	0	18	3	24	0	16	8	29	15	3	14	0	10
SP112859	14	83	0	0	38	17	0	6	38	73	57	49	23	8	13	33
SP112919	14	19	0	0	17	2	19	1	1	86	19	14	0	0	0	12
SP102652	10	32	3	7	19	4	27	3	15	16	19	20	27	16	4	0
SP112981	4	52	3	16	0	14	0	0	23	40	46	7	2	3	1	36
SP102620	20	54	0	18	0	13	0	2	19	71	32	20	13	16	2	24
SP112987	22	97	16	13	10	8	0	1	19	21	52	14	6	18	0	23
SP112825	22	51	0	0	0	4	0	5	29	43	31	22	8	22	2	16
SP112967	0	0	0	3	1	0	0	0	0	0	5	4	3	0	0	4
SP102622	16	77	0	0	23	5	0	0	27	69	68	46	15	5	12	0
SP112785	12	119	0	1	0	188	0	8	42	125	100	15	14	23	17	2
SP112793	12	61	16	4	20	5	0	3	28	32	49	1	17	18	5	0
SP112963	28	71	0	11	0	0	14	0	20	44	38	15	14	10	1	21
SP112801	24	175	0	9	14	0	0	0	30	74	57	41	11	17	12	0
SP112997	17	57	0	16	10	11	10	5	57	2	57	7	10	18	2	23
SP112973	11	203	22	4	12	7	0	3	36	40	34	24	21	12	0	27
SP112819	37	104	0	28	22	16	0	0	8	50	37	7	18	15	0	13
SP112941	6	34	20	10	2	17	0	5	14	35	35	26	13	16	3	5
SP112965	18	87	0	1	15	4	0	1	31	16	38	19	4	18	2	16
SP112791	24	98	6	0	13	8	0	3	27	29	27	27	30	21	0	2
SP112949	4	15	0	6	1	4	0	0	4	26	0	9	2	10	0	5
SP112857	10	82	0	3	12	14	0	3	17	77	4	27	7	15	0	25
SP112843	15	81	0	14	0	12	0	2	27	97	48	56	8	2	5	25
SP112915	11	46	7	19	0	8	0	3	21	0	72	15	39	14	1	15
SP112837	55	52	11	7	11	0	0	5	71	3	132	24	19	15	2	13
SP112823	8	21	0	0	2	7	53	0	19	25	18	11	15	0	0	12
SP102633	7	13	2	0	0	1	0	0	12	19	29	17	4	0	1	13
SP112899	3	9	0	0	29	2	6	4	14	0	40	6	9	8	7	58
SP112893	0	36	25	2	15	5	5	4	27	35	9	23	0	9	4	30
SP112895	8	105	0	33	18	11	0	1	7	39	15	28	3	0	2	16
SP102626	6	75	0	4	0	13	0	1	25	157	26	23	19	13	0	0
SP112795	19	106	0	0	43	2	0	1	15	42	34	36	4	5	7	3
SP112927	12	65	18	0	20	11	17	0	10	12	54	7	1	7	0	37
SP112779	5	157	9	14	3	13	5	3	4	111	58	10	0	24	6	0
SP112975	16	99	5	0	23	9	51	0	27	11	41	18	13	27	4	20
SP112867	4	25	0	2	0	14	32	2	18	58	42	4	12	9	2	36
SP112903	13	39	0	0	28	2	0	0	25	54	0	25	0	12	1	46
SP112933	12	32	0	2	15	9	0	0	7	33	23	2	5	0	1	14
SP112869	13	86	0	5	45	8	8	0	16	54	54	10	11	18	17	29
SP112999	0	6	0	6	0	3	5	0	12	3	13	10	2	6	1	14
SP112939	6	43	0	0	0	4	32	0	19	4	30	16	0	4	0	14
SP112921	11	6	3	0	0	12	20	0	25	50	5	10	3	5	1	29
SP112901	0	30	2	25	19	8	0	4	21	52	13	13	12	0	0	10
SP112831	0	41	0	12	7	0	0	0	19	52	28	19	5	0	0	25
SP112891	7	45	0	11	38	1	0	0	29	0	59	12	25	10	0	14
SP112775	20	102	17	0	1	10	0	3	42	44	70	40	8	15	1	1
SP112897	9	64	6	4	23	1	0	0	25	44	26	49	26	19	0	30
SP112885	14	34	0	0	38	6	0	0	4	20	28	11	8	17	2	24
SP112789	19	95	5	6	3	187	0	8	67	76	38	101	6	0	5	0
SP102630	36	40	25	0	56	19	0	0	42	69	63	31	20	25	2	19
SP112971	34	66	15	0	0	16	0	1	13	62	29	4	59	28	0	13
SP112821	7	111	0	0	5	2	0	3	10	5	31	13	5	0	0	16
SP112813	0	11	0	1	0	2	0	0	8	29	18	5	0	11	1	19
SP112961	44	80	0	4	61	103	0	7	16	48	31	12	31	53	2	32
SP112977	22	34	12	0	0	8	0	1	16	51	23	20	0	1	10	23
SP112905	25	86	6	0	11	2	0	5	29	27	45	15	4	6	4	24
SP102647	12	111	0	14	17	18	0	0	37	92	48	25	20	7	1	9
SP112873	12	69	0	9	14	12	26	1	2	44	28	37	11	1	0	24
SP112959	0	0	0	4	2	0	0	0	3	1	1	0	0	0	0	37
SP112931	9	36	0	1	12	10	0	0	11	40	39	17	11	0	2	19
SP112865	1	68	0	54	14	4	0	0	17	0	39	29	19	0	3	15
SP113003	10	22	0	6	10	2	0	2	32	43	32	2	12	6	0	2
SP113001	24	67	0	0	21	15	20	1	5	43	22	10	1	9	0	29
SP112879	7	34	9	0	0	15	0	2	18	53	26	19	0	0	0	28
SP112945	14	69	0	7	5	13	0	3	27	104	26	21	22	18	3	9
SP112935	15	66	1	2	29	10	21	0	29	46	0	18	2	15	2	5
SP112863	11	172	0	7	35	6	0	4	20	89	16	22	12	9	3	22
SP112983	30	121	6	0	0	23	0	3	40	82	41	34	9	8	22	32
SP112809	32	146	0	16	50	12	0	0	16	27	84	31	11	28	4	6
SP112923	17	65	10	0	23	12	8	1	11	28	30	20	25	3	5	36
SP112853	18	37	0	0	29	5	0	2	17	49	22	21	0	4	2	27
SP113005	0	13	0	17	0	10	0	2	3	14	16	5	1	0	0	16
SP112957	6	46	0	0	19	1	0	1	22	57	32	14	12	13	7	33
SP112783	36	94	14	1	0	9	0	2	14	31	37	11	22	17	3	0
SP112943	7	28	0	0	0	6	0	1	4	54	0	20	11	16	2	6
SP112861	0	1	6	11	3	0	32	1	7	9	52	0	37	0	7	57
SP112917	32	53	0	13	13	5	0	2	2	56	39	5	1	28	0	9
SP112787	13	91	0	2	15	13	0	0	20	66	56	19	0	39	7	32
SP112995	21	57	2	10	22	1	0	1	30	21	48	19	19	15	1	56
SP112811	19	74	23	0	4	11	0	0	9	49	22	28	0	38	0	14
SP112797	28	127	3	0	41	9	5	2	24	43	32	20	26	18	2	2
SP112909	17	78	13	19	0	8	0	1	11	33	48	5	17	18	8	21
SP112781	22	59	1	0	3	4	0	3	15	45	45	18	11	12	0	24
SP112991	24	144	0	26	26	7	17	1	26	106	56	23	37	0	2	3
SP112907	19	1113	3	19	71	6	0	4	47	61	45	35	0	0	0	18
SP112817	202	90	0	172	0	1	0	0	0	127	265	0	177	61	0	0
SP112993	12	60	0	8	21	16	0	0	18	42	46	23	22	9	3	16
SP112827	15	76	0	8	0	8	0	0	23	25	19	8	24	24	2	6
SP112855	13	23	0	7	0	10	0	0	7	67	21	4	0	8	3	18
SP112969	5	24	0	27	0	7	0	2	27	62	29	1	10	3	0	37
SP112883	6	80	0	20	0	3	0	4	21	0	19	14	13	11	3	31
SP112929	21	119	0	15	12	10	0	0	17	60	41	46	24	9	5	0
SP112833	6	16	0	7	11	4	0	0	12	9	24	16	7	13	4	17
SP112777	295	0	0	0	0	0	0	0	14	0	196	20	0	0	45	32
SP112887	10	30	0	0	0	10	0	0	29	102	14	10	0	15	2	23
SP112877	0	0	1	5	0	0	0	0	2	0	0	0	0	0	1	10
SP112871	8	51	12	9	0	2	0	0	16	40	31	0	8	14	3	18
SP112875	13	65	12	2	34	13	51	4	26	45	24	21	8	15	6	43
SP112913	4	27	12	0	2	14	5	0	29	15	22	5	20	4	6	51
SP112849	12	79	0	0	7	10	0	0	21	94	31	22	2	17	1	6
SP112881	2	21	4	0	7	0	42	0	18	13	21	18	14	27	1	17
SP112951	0	2	0	0	2	0	0	0	3	3	0	0	5	0	0	11
SP112845	15	48	0	17	4	5	0	5	16	39	44	10	24	11	0	3
SP114910	97	345	26	0	153	21	0	0	26	0	91	23	28	49	7	1
SP114906	44	236	5	0	120	13	0	0	25	0	61	29	22	43	6	1
SP114921	109	195	0	3	52	71	45	1	188	269	83	106	19	6	33	0
SP114901	59	284	0	14	75	33	0	30	14	21	67	138	27	191	22	0
SP114926	50	240	24	2	38	5	0	3	41	52	27	5	32	24	9	0
SP114974	74	266	10	0	103	18	0	4	37	99	62	16	38	0	0	2
SP114958	399	189	0	4	143	34	29	0	97	155	53	48	70	39	0	1
SP114935	46	229	20	0	24	6	0	3	35	63	21	5	28	26	9	0
SP114900	48	275	0	23	79	28	0	26	14	23	44	142	27	202	21	0
SP114941	100	259	0	3	25	73	0	4	285	170	129	67	90	0	0	0
SP114937	83	259	0	15	29	63	0	3	283	211	98	56	75	0	1	0
SP114945	96	286	0	16	41	67	0	2	286	216	98	60	72	0	0	0
SP114943	104	289	0	19	53	61	0	7	292	207	99	58	83	0	3	0
SP114949	20	307	23	0	40	24	39	5	32	76	36	30	15	22	5	4
SP114960	368	195	0	14	142	35	7	0	100	154	54	52	74	50	5	0
SP114962	88	362	88	3	6	1387	0	63	389	142	99	32	42	0	28	0
SP114996	71	155	4	7	9	479	0	18	427	0	90	6	0	50	23	2
SP114987	72	151	0	8	17	520	0	15	452	0	87	21	0	19	30	0
SP114966	102	362	23	11	61	1440	0	75	461	130	81	56	39	73	50	0
SP114903	55	334	15	20	90	13	0	24	35	13	67	120	49	176	12	0
SP114914	60	310	30	0	129	17	0	0	22	0	81	22	20	46	12	0
SP114944	85	280	7	15	12	66	0	6	279	207	100	58	89	0	0	0
SP114930	57	216	0	2	42	32	0	3	100	169	70	29	21	7	2	0
SP114946	16	327	32	0	34	14	0	6	23	66	29	20	16	35	12	4
SP114951	16	267	13	0	24	13	71	7	39	42	31	23	29	24	8	2
SP114953	365	226	0	15	109	39	6	2	104	137	76	52	96	47	9	0
SP114924	66	147	0	6	53	59	0	0	178	276	60	83	9	0	20	0
SP114957	380	196	0	8	137	32	0	0	97	142	60	43	76	39	6	0
SP114986	72	259	0	0	96	18	0	3	42	106	60	22	36	5	5	3
SP114971	79	279	4	4	73	33	0	3	28	103	66	23	34	3	3	3
SP114991	67	160	0	10	12	466	0	19	427	0	95	13	0	35	22	0
SP114992	66	158	0	8	15	530	0	7	450	0	96	7	0	42	25	0
SP114920	88	352	22	0	142	16	0	0	27	5	77	37	22	45	10	1
SP114898	53	316	4	18	82	19	34	28	25	47	16	134	36	155	15	0
SP114932	41	229	24	2	40	6	0	2	40	58	33	6	31	21	10	0
SP114934	41	222	13	0	22	7	0	3	38	53	27	3	31	25	9	0
SP114968	106	350	23	10	71	1467	0	87	488	127	89	64	54	40	65	0
SP114982	77	267	13	0	70	35	0	3	43	93	63	15	34	0	1	2
SP114973	86	311	14	0	44	28	0	3	32	97	67	10	31	3	2	2
SP114908	54	256	7	0	148	14	0	0	25	0	66	30	22	44	6	0
SP114904	91	320	37	0	143	16	0	0	24	6	77	34	18	46	9	1
SP114918	51	227	9	0	140	13	0	0	26	0	71	27	21	52	4	0
SP114984	78	239	1	0	61	16	0	1	42	77	68	12	36	12	1	5
SP114994	65	158	0	6	9	518	0	7	446	0	75	17	0	32	24	2
SP114978	82	261	16	12	27	23	0	2	50	109	47	15	33	6	0	0
SP114912	88	338	15	0	125	13	0	0	26	0	83	22	31	39	7	0
SP114917	90	336	30	0	150	19	0	0	21	5	70	30	19	42	10	2
SP114980	98	307	5	0	69	42	0	4	44	108	63	20	36	0	1	2
SP114976	92	319	19	0	17	42	0	3	32	96	54	13	35	0	0	3
SP114916	66	308	29	0	141	14	0	0	30	0	79	27	26	45	8	1
SP125579	0	0	0	0	0	0	0	0	0	1	0	0	0	0	0	0
SP111131	29	97	0	0	44	14	0	2	33	24	47	9	7	5	0	0
SP111126	1	14	0	16	0	9	0	0	47	94	30	21	9	21	0	0
SP111146	15	44	1	5	5	5	0	3	40	45	16	21	27	15	0	0
SP111123	10	44	12	3	4	12	0	4	43	59	47	11	15	2	1	0
SP111127	48	123	26	4	11	17	0	2	8	43	54	22	5	0	4	2
SP111121	2	5	0	0	0	0	0	1	8	0	2	3	3	4	0	0
SP111156	5	35	6	0	1	5	0	3	32	91	22	7	1	1	3	1
SP111122	21	85	4	2	17	13	2	5	19	83	34	15	0	9	0	0
SP111129	23	114	14	4	0	6	0	4	27	104	55	14	0	25	5	0
SP111152	25	67	22	0	0	10	0	4	25	52	30	3	28	15	2	1
SP111154	10	104	0	10	14	13	0	7	43	103	34	60	19	22	14	0
SP111124	6	45	0	8	0	0	0	3	9	34	23	10	0	10	0	0
SP111128	13	55	0	0	1	2	0	1	29	38	21	10	3	0	5	2
SP111125	35	170	40	0	17	4	0	9	42	79	23	27	19	37	3	0
SP111130	1	44	2	0	0	11	0	4	8	50	6	1	0	16	1	0
SP106835	8	11	0	2	3	3	0	1	9	6	15	2	8	5	2	0
SP106834	2	13	0	0	20	6	4	0	18	0	39	25	10	17	0	1
SP106825	47	116	0	0	46	19	0	0	35	115	51	58	18	28	12	1
SP106841	1	8	5	0	0	10	0	1	7	0	31	3	11	2	0	0
SP106827	27	72	0	0	44	7	0	1	24	34	40	26	39	27	3	1
SP106833	4	28	11	0	8	2	2	1	23	3	34	20	17	1	3	0
SP106839	16	58	22	8	28	5	0	0	15	55	42	17	10	17	2	0
SP106840	2	21	14	5	12	2	0	1	6	51	29	15	2	8	2	0
SP106828	9	22	0	0	0	3	5	0	10	15	14	21	10	20	1	1
SP106829	36	93	0	0	19	10	0	2	14	63	49	27	0	0	0	0
SP106836	2	3	0	1	0	0	0	0	2	8	0	3	0	4	0	0
SP106837	4	18	2	4	0	0	0	0	14	12	18	4	1	16	2	0
SP80037	17	57	3	3	7	0	62	0	28	11	6	14	78	21	0	4
SP102690	12	32	3	0	0	7	39	0	21	53	24	28	0	2	1	6
SP80213	0	1	0	2	0	0	0	0	0	0	0	1	1	2	0	3
SP79939	0	0	0	2	0	1	0	0	3	2	1	5	0	0	2	7
SP109649	1	5	0	5	0	0	0	1	14	31	0	7	3	11	0	4
SP79988	4	0	0	0	7	5	0	0	9	0	9	19	5	5	1	0
SP80183	6	49	0	0	0	1	0	0	12	51	15	15	18	17	0	0
SP79971	3	30	2	0	27	11	0	0	7	41	35	3	10	5	8	6
SP80217	0	0	0	2	0	0	0	0	0	0	0	0	0	1	0	6
SP79968	11	128	28	6	29	13	0	3	21	97	13	16	9	18	24	8
SP80160	0	5	0	0	0	2	0	0	0	4	0	0	1	0	0	4
SP80244	6	1	0	0	14	3	0	2	7	0	25	2	15	13	1	0
SP79998	0	0	0	2	1	0	0	0	0	0	0	0	0	0	0	4
SP80216	2	2	0	9	0	9	0	1	12	25	24	3	0	8	0	0
SP80042	8	9	0	0	0	3	6	4	13	25	19	9	7	12	4	0
SP79907	14	40	0	15	2	4	0	4	32	64	50	8	21	7	3	0
SP79958	24	85	0	21	17	12	33	6	23	35	34	28	10	27	2	0
SP80205	12	50	0	15	30	1	4	0	23	8	37	18	14	6	5	1
SP80014	0	11	2	0	0	2	0	0	0	15	5	17	5	8	0	0
CPCT02070032T	172	220	40	0	112	68	81	55	56	46	44	9	35	0	23	9
CPCT02060045T	33	60	2	5	96	67	0	51	157	118	36	6	20	65	39	0
CPCT02020310T	102	140	0	4	117	30	252	37	53	79	49	44	15	21	33	4
CPCT02020323T	10918	1083	861	1543	0	10	0	58	0	0	41	0	55	52	0	0
CPCT02140007T	35	154	0	8	41	28	143	63	49	49	37	0	0	27	11	1
CPCT02140011T	79	54	0	23	76	6	177	86	42	24	54	15	31	28	26	0
CPCT02020348T	106	88	14	13	117	10	0	45	39	15	59	19	19	25	9	0
CPCT02020357T	99	153	4	9	98	47	436	57	122	21	113	26	42	11	35	0
CPCT02020351T	31	111	4	8	37	11	61	37	25	22	29	24	22	110	5	4
CPCT02140020T	242	8	17	30	54	38	220	73	56	39	71	47	51	28	20	11
CPCT02010399T	30	108	0	0	28	382	21	55	131	278	100	40	0	18	30	0
CPCT02020370T	67	102	0	0	82	123	0	45	307	421	98	148	25	0	6	4
CPCT02140023T	37	105	26	0	0	19	72	120	21	56	23	16	24	27	22	8
CPCT02140022T	8706	2365	1708	97	972	37	619	281	153	0	0	8	0	0	130	54
CPCT02020378T	97	252	0	7	214	33	93	77	50	10	46	25	32	89	9	0
CPCT02010415T	63	216	13	0	79	135	101	114	72	96	95	25	16	13	15	2
CPCT02070021T	103	370	23	7	70	45	98	62	31	0	121	50	29	12	20	0
CPCT02070024T	17870	3111	3660	1563	1709	0	0	120	0	0	0	0	0	0	0	70
CPCT02020380T	161	247	69	0	0	26	19	68	51	53	59	52	19	43	15	6
CPCT02070023T	80375	14740	20216	10134	907	0	0	601	0	0	0	0	0	0	0	0
CPCT02020386T	123	144	0	37	70	577	26	59	204	0	170	48	5	0	107	0
CPCT02020387T	69480	8000	8904	11356	2489	0	0	0	0	0	0	0	0	0	0	315
CPCT02020388T	96	163	0	11	93	521	116	123	156	82	62	37	31	0	87	13
CPCT02040046T	33	267	0	0	61	25	169	62	21	13	0	52	23	18	16	2
CPCT02070036T	240	175	0	39	114	64	174	58	108	130	59	67	37	10	33	0
CPCT02070035T	77	129	0	0	12	25	114	24	17	44	22	6	24	0	8	2
CPCT02020394T	88	207	0	0	67	26	111	22	10	0	130	40	13	9	12	4
CPCT02140026T	122	258	10	5	47	21	99	51	24	0	59	13	64	59	22	0
CPCT02140029T	57	127	0	31	49	27	386	47	21	24	1	6	22	9	0	0
CPCT02140030T	180	183	73	6	110	34	237	49	23	35	83	30	18	50	14	6
CPCT02020656TII	44	132	15	1	119	40	141	50	142	204	57	54	34	0	246	15
CPCT02011011T	96	418	3	2	121	55	74	40	114	126	61	56	47	0	19	7
CPCT02070269T	77	123	3	34	99	25	221	42	27	44	36	55	40	50	20	0
CPCT02330130T	186	114	0	0	74	38	246	32	17	48	24	69	63	7	33	1
CPCT02070256T	58	158	25	24	24	403	56	92	72	39	109	12	41	0	21	4
CPCT02070425T	326	353	6	39	288	15	437	49	24	0	0	17	36	0	18	0
CPCT02080281T	62	105	0	38	12	10	124	30	29	47	25	14	20	24	22	2
CPCT02070270T	154	69	0	0	113	2	124	55	45	33	10	13	42	41	30	1
CPCT02390037T	103	111	29	7	38	29	46	58	15	61	32	35	43	24	14	15
CPCT02140098T	95	141	0	41	31	1190	0	137	179	86	222	125	51	306	58	0
CPCT02020888T	29	277	24	7	42	15	0	23	36	120	26	0	27	45	23	3
CPCT02340055T	38	187	28	0	57	222	0	97	54	118	54	38	1	0	0	2
CPCT02070430T	149	201	20	12	165	21	103	31	30	89	84	17	33	31	25	0
CPCT02050418T	140	136	38	23	46	17	142	46	19	0	6	23	22	36	13	0
CPCT02340108T	47	154	26	2	40	12	0	32	7	31	83	71	15	37	21	6
CPCT02100137T	45	182	0	2	35	15	148	84	11	43	31	31	7	45	23	30
CPCT02070433T	45	280	28	0	148	38	79	35	52	72	42	37	8	1	22	6
CPCT02070264T	230	183	10	54	206	32	0	112	29	109	83	12	25	57	41	0
CPCT02070420T	3	54	19	5	42	255	0	35	52	31	56	12	19	25	24	2
DRUP01070028TII	118	119	6	0	145	1	260	61	13	24	5	5	34	1	310	6
CPCT02080180T	109	177	35	32	28	74	214	106	31	21	117	52	60	48	23	6
CPCT02070446T	35	138	0	17	140	13	103	28	18	25	33	14	33	33	38	0
CPCT02020704TII	46565	1476	5363	5552	5673	0	0	306	0	0	508	0	376	70	236	0
CPCT02220031T	245	84	0	44	48	1019	270	198	143	68	46	67	58	30	84	7
DRUP01070071T	74	210	31	24	80	775	0	113	60	8	42	51	19	165	311	0
CPCT02140102T	50	95	0	8	63	14	70	35	7	37	52	28	34	4	18	7
CPCT02070280T	50	91	0	1	43	7	112	80	55	0	67	10	36	36	15	10
CPCT02100194T	10	124	39	0	5	11	13	15	98	75	4	36	23	21	16	0
CPCT02070268T	102	256	0	22	131	39	170	85	59	0	187	49	21	144	22	1
CPCT02011043T	66	108	0	0	63	18	169	42	14	0	30	15	43	27	19	1
CPCT02070449T	14	61	0	12	29	11	138	33	34	55	21	26	32	60	19	0
CPCT02340056T	125	159	0	9	126	25	285	110	35	38	41	13	13	6	13	7
CPCT02070450T	150	259	77	15	241	31	92	35	35	38	94	47	26	101	32	0
CPCT02220069T	79	287	0	17	44	28	402	111	0	19	46	80	60	39	70	7
CPCT02070452T	28	148	30	2	0	16	0	31	23	126	14	25	32	43	14	6
DRUP01070038T	18213	827	1704	730	869	24	520	217	115	0	0	0	150	0	80	61
CPCT02150043T	32	49	10	0	30	19	63	28	16	13	49	13	21	15	13	2
CPCT02090033T	78	99	41	1	116	61	0	91	7	78	77	28	0	24	108	6
CPCT02070426T	25	65	16	12	49	30	0	53	28	21	78	22	66	45	26	3
CPCT02150047T	37	63	0	8	66	4	107	26	44	0	41	28	38	20	25	8
CPCT02070125T	113	164	0	42	26	1051	0	108	204	0	0	53	59	21	221	0
CPCT02190054T	133	240	0	5	81	109	255	50	46	57	130	27	40	90	34	5
CPCT02130169T	54	140	0	39	35	1016	99	153	218	20	150	23	73	162	83	5
CPCT02020918T	63	53	0	19	50	1	291	35	18	0	72	33	17	17	20	11
CPCT02070459T	56	292	0	26	86	27	16	53	5	42	65	44	33	88	38	0
CPCT02140055T	36	38	0	0	0	211	118	68	71	0	70	14	29	0	24	3
DRUP01070028T	123	171	0	5	58	13	190	320	87	23	9	0	26	0	13	0
CPCT02160061T	122	182	51	9	108	43	0	41	170	243	21	45	48	14	29	1
CPCT02020656T	53	200	32	4	88	39	47	114	174	248	49	53	29	16	16	8
CPCT02020931T	37	162	11	0	34	27	233	42	0	23	41	35	23	21	8	6
CPCT02070106T	69	229	0	50	53	594	136	145	102	19	144	57	48	0	38	0
CPCT02070289T	38	123	18	12	0	17	52	109	45	38	34	11	27	13	4	0
CPCT02210043T	57	294	62	9	79	17	57	183	63	6	96	12	27	37	79	0
CPCT02010753T	346	214	120	26	112	1628	0	206	256	50	159	106	65	86	55	8
CPCT02020924T	81	216	0	8	38	45	99	25	35	45	30	20	53	48	24	0
CPCT02070293T	58	83	4	16	68	18	23	88	24	84	25	37	29	37	27	14
CPCT02020938T	9	104	0	23	45	21	161	39	56	88	0	64	306	27	19	3
CPCT02200006T	33	134	41	0	67	29	2	33	136	187	52	86	37	32	2	8
CPCT02020658T	27	62	15	6	50	28	54	52	35	40	27	40	23	25	13	3
CPCT02070292T	63	214	29	0	90	13	0	174	79	17	43	24	63	24	26	7
CPCT02070055TII	164	84	6	35	134	1313	51	173	215	73	58	20	49	37	394	10
CPCT02070466T	21	160	28	11	0	35	0	52	50	145	34	82	0	49	15	2
CPCT02070454T	30	51	1	0	36	20	50	22	40	0	52	16	24	10	6	6
CPCT02010762T	33	135	0	23	0	52	84	62	75	79	84	83	57	82	13	0
CPCT02260016T	95	172	0	28	155	88	191	70	11	79	47	8	58	0	32	0
CPCT02350020T	689	207	0	65	232	23	312	62	14	15	42	43	72	37	19	15
CPCT02070295T	65	168	2	30	86	19	0	71	31	114	67	32	28	44	2	0
CPCT02020942T	45	100	0	5	37	10	114	23	24	17	43	62	46	40	22	4
CPCT02140060T	48	358	0	20	106	55	116	79	70	0	67	41	29	87	21	0
CPCT02310008T	32	192	0	23	16	4	11	59	40	79	54	26	47	24	16	1
CPCT02070300T	59	184	2	13	53	21	58	69	67	121	44	39	26	41	5	0
CPCT02160062T	25	63	0	0	34	7	30	18	17	18	26	35	17	23	17	11
CPCT02070473T	12	64	0	13	58	29	40	43	38	106	41	43	24	25	20	2
CPCT02070468T	32	146	0	8	44	22	0	36	17	90	18	32	26	33	18	9
CPCT02300052T	332	169	72	11	371	20	0	31	55	130	48	28	41	52	18	18
CPCT02070301T	63	228	57	32	76	936	0	184	46	0	317	136	36	81	32	0
CPCT02430002T	36	146	0	12	19	307	0	41	64	120	137	38	25	24	10	0
CPCT02070474T	40	239	0	28	67	14	4	37	23	121	42	24	19	32	29	0
CPCT02070472T	41	136	0	6	48	8	62	30	26	46	48	39	18	12	6	0
DRUP01070036T	61	131	10	21	87	66	34	293	255	182	28	46	28	8	26	2
CPCT02150052T	1074	115	0	115	50	3006	131	180	184	287	441	124	162	190	55	7
CPCT02070307T	155	79	0	21	66	139	293	91	160	68	9	17	38	4	13	16
CPCT02330099T	141	305	64	9	50	11	145	104	60	61	92	57	37	17	34	11
CPCT02070263T	55	90	18	6	48	11	89	126	99	41	22	21	39	24	9	3
DRUP01050020T	177	166	8	35	183	26	145	119	80	0	133	10	37	94	24	0
CPCT02020678T	54	59	29	0	0	710	87	110	119	3	129	12	15	0	24	10
CPCT02020673T	23	188	41	33	20	694	0	182	126	141	109	64	14	10	67	0
WIDE01010113T	81	17	0	23	88	14	280	53	29	0	28	10	19	13	28	0
CPCT02050442T	73	315	0	29	136	25	251	39	17	38	0	24	18	28	21	4
CPCT02020968T	106	371	0	2	118	30	166	32	157	236	134	68	41	6	26	0
CPCT02020970T	44	160	29	0	92	25	109	42	0	36	21	47	62	27	156	6
CPCT02060294T	64	91	25	0	165	110	256	65	30	0	69	26	55	49	51	11
CPCT02070478T	130	251	24	12	36	30	170	47	166	141	41	46	11	19	20	1
CPCT02140065T	76	127	0	13	53	27	193	81	33	40	48	13	34	25	7	0
CPCT02210085T	95	114	0	0	129	37	113	46	0	60	22	38	8	30	20	4
CPCT02390044T	446	179	11	0	331	14	384	35	28	37	0	31	60	22	20	9
CPCT02050443T	50286	1610	5368	7914	3644	0	0	659	0	0	0	0	0	0	253	464
CPCT02070306T	70	381	0	25	74	46	255	73	44	36	56	56	17	13	4	1
CPCT02070481T	51	136	0	1	44	69	0	22	195	216	51	38	63	54	17	11
CPCT02070482T	15	33	0	0	0	2	0	16	2	36	8	3	0	20	18	0
DRUP01140005T	482	352	0	18	157	21	230	268	98	0	45	29	48	33	37	8
CPCT02220082T	46	88	0	14	65	23	18	19	38	29	4	41	319	0	16	7
CPCT02020687T	14	42	0	0	20	18	90	65	0	46	23	15	24	1	11	3
CPCT02070484T	69	156	0	0	49	303	89	33	75	8	49	22	20	25	13	0
CPCT02020686T	91	223	48	13	45	142	0	119	149	179	79	72	24	0	18	0
CPCT02070486T	38	49	0	2	188	27	310	42	98	44	45	41	18	27	23	8
CPCT02070483T	72	79	0	6	45	38	250	27	50	14	76	0	37	21	52	2
CPCT02070487T	47	111	14	0	6	24	13	23	33	53	37	13	13	24	16	6
CPCT02040342T	129	337	29	20	96	32	42	43	60	69	88	52	13	29	49	0
CPCT02020977T	17	88	5	21	10	43	8	24	9	141	22	27	25	15	7	3
CPCT02070312T	42	266	0	30	130	25	36	54	55	48	39	32	41	101	26	8
CPCT02040343T	169	107	0	3	82	14	341	45	34	0	36	30	23	21	29	20
CPCT02290031T	56	104	2	19	92	10	0	128	61	46	35	28	23	27	15	6
CPCT02150008T	77	103	0	19	44	37	96	138	72	49	90	12	0	56	18	0
CPCT02370013TII	37	95	3	13	91	15	90	182	75	30	43	7	22	28	14	0
CPCT02100202T	46	198	36	0	27	22	110	19	31	42	116	43	13	10	12	8
CPCT02100203T	69	203	70	0	26	19	24	32	24	56	36	22	13	24	8	1
CPCT02070466TII	42	286	25	31	50	53	26	66	59	183	37	138	46	50	28	1
WIDE01010214T	56	284	38	0	72	4	97	28	37	47	30	38	15	17	29	3
WIDE01010215T	99	427	0	15	125	28	295	63	0	30	3	61	58	42	20	5
WIDE01010234T	45	156	0	0	34	25	191	45	34	28	81	15	24	44	12	6
CPCT02110083T	59	106	0	9	64	22	156	30	25	27	45	14	16	16	13	2
CPCT02070315T	57	161	0	9	74	11	238	117	23	0	35	17	33	10	8	0
DRUP01070026TII	66701	6206	9727	11072	2803	0	0	379	0	0	0	0	0	0	0	0
CPCT02020981T	116	64	0	0	114	20	145	17	20	0	28	9	21	35	7	4
CPCT02140067T	29	175	0	12	78	0	86	95	42	0	6	23	7	37	32	2
CPCT02350003T	54	1	0	5	80	2	0	165	84	28	26	4	6	11	9	0
CPCT02070490T	78	125	16	0	16	15	162	26	9	0	37	22	34	1	18	0
WIDE01010283T	15	56	9	7	7	2	103	17	6	41	8	44	22	6	9	3
CPCT02020982T	70	212	0	18	44	34	26	37	6	0	98	54	0	49	22	0
CPCT02020975T	24	171	23	15	81	18	205	60	20	58	10	39	22	9	18	7
WIDE01010323T	21	184	15	9	78	58	11	48	134	52	84	43	62	38	15	3
CPCT02070208T	78	101	0	18	67	21	0	192	57	41	59	62	10	10	13	5
CPCT02070064TII	85	125	5	19	96	32	0	263	85	81	49	47	19	14	35	7
CPCT02140041TIV	259	197	0	33	88	34	194	61	38	0	149	33	72	17	10	0
CPCT02020704T	43776	1459	5124	5322	5326	0	0	386	0	0	470	0	391	101	88	0
CPCT02040249T	133	203	0	0	97	24	131	58	17	0	49	64	55	16	20	14
CPCT02020924TII	86	204	0	13	22	37	122	33	44	61	38	5	46	44	34	6
WIDE01010383T	89	133	0	0	115	70	0	49	124	261	51	70	25	35	35	13
CPCT02070335T	88	108	0	4	77	8	154	50	36	0	38	14	22	23	8	13
CPCT02230091T	46	118	0	0	57	22	158	59	35	0	83	44	33	27	20	6
CPCT02230102T	30	78	0	8	76	9	68	69	30	36	17	8	18	30	11	7
DRUP01050049T	50568	1805	5212	7706	3374	0	0	445	0	0	0	0	0	0	145	326
CPCT02020715T	87	273	55	0	113	13	0	68	54	79	35	33	33	49	22	7
CPCT02340086T	88	112	0	16	91	28	186	87	47	0	39	33	56	27	11	9
CPCT02020731T	54	331	28	29	42	31	83	184	89	112	22	5	32	22	14	0
CPCT02370027T	82	176	25	19	135	45	0	234	149	113	39	33	39	24	6	0
WIDE01010246T	114	113	0	0	29	702	345	96	138	0	107	17	23	22	73	10
CPCT02070139T	72	130	30	24	151	24	0	171	34	58	33	12	23	22	141	0
CPCT02070318T	114	198	23	0	91	24	76	100	0	43	47	32	26	55	20	20
CPCT02290038T	109	49	7	16	153	14	299	106	55	0	0	12	35	0	5	1
CPCT02070147TII	67	150	56	5	36	37	0	375	134	80	57	17	32	23	45	4
WIDE01010453T	91	93	0	5	42	15	178	37	20	0	14	47	35	5	11	8
DRUP01070042T	27091	3499	6275	3629	1669	0	0	242	0	0	0	0	0	0	0	0
CPCT02030488T	346	480	0	8	159	7	169	35	16	71	45	6	17	13	10	5
CPCT02010840T	101	13	0	6	0	612	327	152	148	20	41	33	44	36	17	0
CPCT02070339T	75	141	4	0	50	12	216	63	15	3	22	11	15	22	4	1
CPCT02070338T	163	342	0	50	62	82	170	79	404	311	70	90	68	44	31	16
CPCT02230108T	146	337	39	40	110	36	0	54	43	102	74	44	31	16	44	12
CPCT02030380TII	69	44	45	0	60	693	0	153	95	62	57	52	62	49	18	7
CPCT02070345T	29	101	6	7	48	12	0	85	55	33	63	29	20	90	97	7
CPCT02070350T	32	258	0	0	53	23	205	62	16	49	6	43	26	14	20	15
CPCT02010875T	91	128	23	0	55	53	87	102	278	271	73	90	22	41	19	7
CPCT02010877T	189	237	72	0	0	44	104	68	25	23	67	44	84	39	9	18
CPCT02070359T	97	309	0	20	107	57	196	115	153	204	138	70	44	18	26	14
CPCT02070307TII	173	127	15	0	87	172	209	53	92	43	53	18	50	14	13	10
CPCT02010885T	45	87	0	0	35	296	114	63	97	47	64	15	15	21	13	1
CPCT02010857T	125	274	3	44	115	28	112	68	63	47	103	50	41	14	36	0
CPCT02090058T	35	141	29	22	54	16	0	57	36	88	1	25	25	46	16	0
WIDE01010611T	170	109	15	0	0	34	290	30	9	0	57	44	66	7	127	6
CPCT02070364T	142	91	30	0	210	11	198	34	14	80	17	36	7	2	12	17
CPCT02140075T	32	157	0	33	74	22	42	101	36	95	0	41	21	58	35	10
CPCT02010889T	52	150	0	1	56	61	126	73	7	37	18	54	27	14	17	6
CPCT02060249T	81	119	25	2	36	13	63	47	30	64	63	3	35	15	10	6
CPCT02020760T	12	162	61	0	0	0	16	45	63	45	64	4	22	15	12	4
CPCT02020780T	34	266	0	11	101	0	91	91	61	30	80	31	0	42	0	0
CPCT02070367T	78	101	0	7	64	19	19	56	40	65	28	51	36	0	4	4
CPCT02050389T	16	375	39	13	83	4	0	153	67	134	14	16	7	47	31	13
CPCT02070368T	374	363	0	2	329	47	0	96	34	85	15	17	79	27	30	20
CPCT02150019T	156	91	0	0	30	956	184	178	187	44	76	66	52	0	103	9
CPCT02300046T	469	413	26	15	164	40	0	50	16	15	66	34	116	31	150	0
CPCT02070130T	44	182	1	4	135	4	201	77	37	19	4	60	8	22	7	0
CPCT02070362T	58	95	15	0	110	36	0	80	97	18	245	63	37	46	16	4
CPCT02070361T	25	119	0	20	51	436	0	60	85	43	55	97	8	43	20	0
CPCT02140041TIII	236	171	0	32	73	23	245	167	99	0	140	29	56	8	18	0
CPCT02140081T	245	323	0	25	115	61	241	119	53	75	61	20	27	23	19	0
CPCT02020804T	33	146	24	0	26	12	106	50	25	12	64	41	35	0	13	9
CPCT02040280T	63	73	0	13	18	295	238	90	60	0	106	33	19	30	27	0
CPCT02070370T	48	157	0	15	8	519	0	156	133	0	16	33	4	140	4	0
CPCT02040283T	12	50	0	0	55	514	147	122	139	58	35	13	26	0	31	5
CPCT02050108T	5	10	0	0	2	180	15	118	70	11	14	14	4	19	11	2
CPCT02050391T	199	225	0	42	191	30	281	120	70	32	40	14	41	13	19	15
CPCT02130146T	8173	1583	0	984	16107	1207	3086	967	0	0	0	0	0	0	913	0
CPCT02070378T	110	257	0	5	88	55	164	68	217	240	42	85	54	27	35	7
CPCT02070383T	103	237	8	0	72	32	157	94	31	37	72	23	40	0	16	10
CPCT02070379T	65	228	0	15	57	32	0	112	42	63	17	41	18	31	21	0
CPCT02340099T	256	152	0	3	34	8	206	90	41	3	104	14	63	35	17	8
CPCT02070274T	118	89	0	24	29	64	0	58	180	309	34	114	60	0	18	2
CPCT02070388T	81	138	22	0	53	74	0	99	227	254	36	83	46	0	21	4
CPCT02010361T	100	285	0	0	81	116	0	76	266	160	117	48	42	172	87	5
CPCT02070389T	67	264	0	3	129	22	176	88	49	0	0	15	31	76	16	6
CPCT02330125T	56947	4428	8532	7880	1710	0	0	273	0	0	0	0	220	0	0	0
CPCT02070391T	93	164	0	0	104	11	157	110	45	11	48	19	50	24	18	10
CPCT02020827T	10	103	66	23	46	603	0	162	49	89	63	50	22	89	25	0
CPCT02150031T	51	61	0	25	34	10	212	52	31	0	28	39	51	2	17	2
DRUP01070052T	35	127	2	20	46	19	0	51	43	50	57	32	38	101	119	12
CPCT02010947T	54	95	5	0	86	6	93	71	47	0	104	38	16	41	21	2
DRUP01070020TII	19470	2773	2137	626	1450	34	0	755	154	0	19	0	0	46	61	0
DRUP01010097T	126	19	20	4	0	649	312	121	76	26	73	33	47	26	16	5
CPCT02030545T	82	236	48	1	88	320	16	130	33	114	17	38	28	48	19	6
CPCT02140086T	29	178	23	9	60	25	0	106	78	63	41	29	40	14	6	3
CPCT02070395T	29	122	59	0	102	20	0	92	72	67	41	32	37	19	15	10
CPCT02440017T	94	183	0	25	37	31	128	184	95	108	0	26	50	10	18	0
CPCT02040294T	243	442	36	12	4	1423	291	382	261	0	65	43	51	41	83	9
CPCT02070392T	111	196	0	29	10	145	0	235	889	444	112	146	75	3	22	0
CPCT02070107TII	123	193	58	15	44	26	83	256	85	42	23	19	35	14	35	12
CPCT02010958T	223	212	0	2	164	9	245	78	34	0	145	81	24	0	26	6
CPCT02100189T	24	7	0	18	4	32	225	88	33	0	85	24	16	5	15	13
CPCT02080078TII	60	77	20	24	67	13	52	129	94	69	0	38	0	28	8	0
CPCT02020847T	112	379	73	17	226	162	93	88	112	27	0	33	17	11	41	5
DRUP01070055T	24	116	35	0	34	21	7	82	85	21	59	14	6	7	1	7
CPCT02010654T	35275	5609	5187	4502	1837	0	0	164	0	0	0	0	0	0	0	175
CPCT02010973T	22	295	76	0	96	17	0	69	41	39	22	26	15	30	32	3
CPCT02070130TII	79	289	13	23	166	14	158	121	42	41	21	76	21	38	25	0
CPCT02070064TIII	55	130	4	17	38	21	0	149	58	52	45	31	6	4	24	5
CPCT02070196T	90	356	15	0	175	22	39	186	105	4	97	42	16	11	17	13
CPCT02070398T	251	334	0	48	159	45	167	111	28	0	29	42	27	61	3	0
CPCT02010971T	57	100	9	11	118	11	92	62	56	60	54	27	18	0	12	0
DRUP01070057T	65	198	0	23	55	33	134	77	65	36	16	42	16	99	13	2
CPCT02050268T	131	283	54	8	64	20	3	72	76	0	130	12	42	87	26	0
CPCT02020678TII	42	34	1	5	38	775	89	116	146	0	140	43	21	0	48	5
CPCT02010978T	110	173	0	15	82	49	0	125	195	177	78	130	63	4	18	2
CPCT02210074T	68	91	0	0	21	12	185	28	17	7	20	12	29	2	12	3
CPCT02070402T	113	64	35	7	65	600	178	60	88	0	130	15	60	4	17	2
CPCT02070236T	112	196	0	5	119	19	75	94	49	0	218	38	15	2	26	0
CPCT02070217T	15	6	0	0	20	6	176	51	16	5	16	39	14	12	2	2
DRUP01010040T	156	94	64	46	111	34	0	296	146	0	477	142	52	0	47	0
CPCT02010692TII	75	160	0	7	164	30	108	80	0	0	58	53	52	38	184	13
CPCT02030380T	68	50	29	9	39	651	0	174	113	58	69	49	53	39	24	5
CPCT02220064T	39	228	53	24	155	28	0	72	82	106	48	19	35	101	29	0
CPCT02020596T	108	208	39	0	82	6	135	174	62	58	38	16	34	24	12	6
CPCT02011000T	59	229	45	0	116	35	71	72	148	226	69	42	67	51	24	3
CPCT02010998T	49	82	0	24	65	10	153	32	15	66	17	15	17	54	27	5
CPCT02070409T	47	211	6	2	61	5	81	48	27	26	25	28	23	25	12	4
CPCT02011002T	66	177	39	28	79	43	59	48	42	85	100	30	86	3	56	2
CPCT02040295T	56	150	27	0	39	19	89	33	16	106	39	4	34	3	3	6
CPCT02330129T	54	183	0	0	52	1077	190	78	93	0	157	53	16	12	35	0
CPCT02040280TII	72	256	717	150	0	49	0	169	88	0	162	4697	0	0	162	0
CPCT02020610T	43	132	6	0	55	540	0	151	159	0	132	50	2	0	26	0
CPCT02011003T	197	0	0	24	148	1015	572	178	255	0	39	91	97	0	70	0
CPCT02070211T	118	263	46	0	108	978	0	223	168	47	134	33	37	4	51	5
CPCT02120057T	147	86	6	31	8	759	0	84	123	29	51	0	33	57	23	6
CPCT02070218T	171	207	0	15	60	1705	70	278	153	0	511	126	86	225	64	2
CPCT02070416T	23	197	5	42	9	24	0	28	31	73	14	34	20	78	27	0
CPCT02210075T	26	24	0	0	44	7	80	11	17	21	39	17	5	0	6	2
CPCT02070415T	41	173	38	0	44	15	0	75	78	92	13	29	17	38	0	5
CPCT02011010T	192	357	62	32	175	89	0	22	330	294	89	73	46	50	18	0
CPCT02011012T	52	168	8	0	56	20	0	39	16	56	35	44	18	7	20	3
CPCT02070092T	106	546	0	10	72	16	175	153	87	0	52	67	30	68	25	1
CPCT02011005T	26	197	0	33	69	46	218	101	44	62	21	1	40	32	13	16
CPCT02140050T	68	81	20	0	96	18	191	119	27	20	68	22	12	0	24	2
CPCT02070235T	83	187	6	10	99	21	152	82	37	56	13	28	39	1	7	1
CPCT02340038T	104	127	0	0	93	34	209	65	85	80	67	28	41	20	31	18
CPCT02020620T	197	104	10	18	85	157	164	80	46	23	0	31	39	54	23	0
CPCT02140041TII	177	234	29	46	39	8	0	660	207	9	104	24	38	25	8	0
CPCT02070223T	53	313	79	0	61	14	0	132	94	74	49	7	39	48	22	1
CPCT02070229T	31	273	63	0	79	18	44	104	37	58	45	16	42	28	7	2
CPCT02070206T	77	230	0	7	229	20	227	149	106	36	31	26	51	67	29	4
CPCT02230052T	24	156	0	2	1	12	89	62	11	4	67	6	7	9	22	0
CPCT02140054T	434	179	0	26	178	40	116	75	31	29	37	66	24	64	23	0
CPCT02020628T	374	315	0	39	276	29	278	129	29	0	25	17	46	40	24	7
CPCT02140052T	113	208	0	25	116	21	0	125	71	57	190	81	15	19	36	0
CPCT02020560T	23	59	0	0	74	14	0	78	65	35	36	29	27	60	6	5
CPCT02070233T	19	101	0	11	49	10	177	66	66	0	35	16	22	10	8	0
CPCT02070234T	20	58	0	1	0	17	151	69	36	36	6	18	16	16	11	12
CPCT02070148T	57	150	0	19	46	8	119	30	22	38	11	9	36	37	11	6
CPCT02070142T	85	173	0	17	120	27	212	30	27	0	70	23	21	9	14	1
CPCT02070133T	38	297	41	3	57	18	56	49	45	34	68	7	47	24	5	0
CPCT02070145T	172	27	81	17	28	348	93	108	468	0	68	26	80	139	41	0
CPCT02070143T	100	253	0	10	49	31	92	52	116	143	24	56	9	23	19	1
CPCT02070141T	72	243	0	0	52	19	220	47	16	56	0	6	37	31	17	0
CPCT02010537T	68	205	0	0	0	45	41	36	192	322	102	70	12	15	8	26
CPCT02070140T	26460	4046	6502	3649	1397	0	0	291	0	0	0	0	0	0	0	0
CPCT02330029T	127	292	0	53	71	48	209	55	7	0	75	43	65	58	15	1
CPCT02070158T	72	297	0	0	152	16	175	53	32	35	13	41	23	6	14	5
CPCT02010585T	114	178	0	0	129	30	119	41	56	143	76	109	42	31	33	25
CPCT02080110T	180	513	0	35	164	22	291	24	1	11	19	37	48	72	18	0
CPCT02070144T	40	117	0	0	28	16	81	30	20	73	0	17	26	23	8	0
CPCT02070107T	76	175	48	5	50	26	52	27	15	48	45	16	35	15	9	8
CPCT02380009T	63	62	8	0	0	22	173	42	58	118	22	29	39	35	19	6
CPCT02260001T	24	118	65	25	0	13	117	52	60	0	27	14	211	38	11	0
CPCT02070164T	20957	3092	3152	599	1841	38	0	382	0	0	0	0	0	0	202	5
CPCT02140045T	343	246	0	12	160	21	128	69	10	8	50	33	43	34	37	4
DRUP01070015T	47670	5748	8917	6032	964	0	0	0	0	0	0	0	0	0	0	0
CPCT02020525T	49	129	8	0	62	32	115	47	68	3	86	34	35	40	24	4
CPCT02070151T	77	283	15	0	77	14	9	45	30	59	44	35	42	2	10	6
CPCT02070174T	65	105	0	3	57	0	93	54	51	59	51	9	24	3	8	3
CPCT02020351TII	31	133	17	0	24	12	7	58	26	43	24	29	23	87	4	2
CPCT02070161T	21	103	0	39	46	19	130	82	31	71	0	17	7	26	7	0
CPCT02070105T	66	20	0	10	0	5	109	11	19	43	41	26	18	45	38	8
CPCT02070176T	410	138	0	49	295	127	162	68	8	0	237	36	71	54	64	0
CPCT02380014T	301	340	0	22	125	61	258	127	54	0	194	53	43	12	46	0
CPCT02070192T	35306	4356	4385	3849	1930	0	0	55	0	0	0	0	0	0	0	0
CPCT02070193T	266	253	0	26	61	30	171	120	45	175	199	51	11	21	37	6
CPCT02020543T	144	104	3	0	83	24	154	136	54	18	24	25	62	55	16	7
CPCT02070181T	2	60	0	9	42	8	128	43	34	66	8	0	0	13	9	1
CPCT02070195T	143	353	49	8	162	13	0	129	60	67	44	0	37	45	16	9
CPCT02070027T	79	152	0	36	79	17	41	189	65	45	0	13	7	62	39	6
CPCT02330044T	91	287	3	32	144	17	0	181	65	63	61	24	52	37	25	0
CPCT02070153T	20	156	0	9	21	15	0	181	147	62	46	22	18	5	8	0
CPCT02210026T	39	99	17	20	17	37	0	190	27	83	40	22	13	43	13	6
CPCT02070200T	138	346	0	15	157	30	212	149	38	0	74	29	52	33	0	0
CPCT02070202T	835	491	59	15	712	51	150	169	57	77	84	57	78	60	40	20
CPCT02010629T	62	184	29	0	82	64	0	171	54	121	49	18	18	29	15	6
DRUP01070020T	21416	3114	3155	595	1777	16	0	1209	256	0	0	0	0	0	198	14
CPCT02070049T	56	271	0	7	103	17	0	52	15	56	64	0	28	87	143	0
CPCT02070046T	50	202	4	0	83	22	0	44	53	29	40	31	45	21	24	1
DRUP01140001T	8150	2142	1734	74	1131	32	713	274	121	0	0	23	0	0	110	75
CPCT02020422T	247	201	0	1	159	54	298	57	30	0	1	21	59	15	27	6
CPCT02030300T	93	204	0	17	0	8	47	36	58	18	60	12	33	53	29	0
CPCT02070037T	54	157	12	6	68	5	89	39	25	0	19	20	9	44	14	5
CPCT02020380TII	120	195	85	0	29	22	0	74	56	74	45	41	16	30	23	13
CPCT02020409T	64	238	0	8	91	1616	220	139	223	0	44	88	43	55	55	3
CPCT02100041T	68	137	50	5	131	31	6	75	34	12	34	24	35	73	6	0
CPCT02070055T	135	154	24	31	39	1209	7	123	105	70	84	0	68	0	218	0
CPCT02070064T	72	128	0	1	28	23	109	29	16	25	65	49	15	7	31	7
CPCT02070074T	137	413	0	57	188	20	437	76	54	0	64	43	45	48	32	0
CPCT02020419T	69	156	0	0	86	32	234	40	22	5	59	25	37	31	3	4
CPCT02070068T	137	49	0	5	107	19	217	68	20	86	5	7	13	29	1	0
CPCT02020449T	361	247	0	16	123	31	230	59	39	0	4	17	101	22	26	0
CPCT02140038T	83	236	36	14	52	15	69	30	12	62	24	7	13	64	12	0
CPCT02010389T	49	298	0	0	34	15	192	51	17	0	26	35	32	51	19	0
CPCT02070080T	317	405	26	29	355	20	288	44	38	0	58	6	41	55	14	6
CPCT02290006T	127	113	0	0	38	757	91	57	77	92	45	3	29	0	28	2
CPCT02070069TII	43	308	0	16	29	17	113	37	54	140	32	32	3	5	15	0
CPCT02070069T	25	210	0	18	34	10	0	35	48	127	46	24	0	9	8	0
CPCT02070087T	41	121	0	0	9	25	110	25	30	100	57	32	20	28	10	7
CPCT02010490T	27	216	23	0	16	24	10	47	64	107	47	57	24	32	27	0
CPCT02080078T	77	49	0	13	49	20	183	41	27	68	0	41	0	17	6	0
CPCT02140040T	47	115	34	0	53	25	13	17	39	84	54	34	14	36	18	3
CPCT02070082T	122	173	0	0	75	68	0	19	216	353	0	115	21	16	3	6
DRUP01070008T	77910	10066	15161	9064	2814	0	0	360	0	0	0	0	0	0	0	0
CPCT02070091T	55	61	0	3	0	14	74	27	2	0	21	6	10	13	5	0
CPCT02070075T	51	51	0	4	21	17	108	23	64	39	21	20	31	5	12	3
CPCT02070100T	52	60	33	0	32	206	22	33	183	42	67	13	3	43	19	3
DRUP01140002T	200	193	50	0	97	35	218	40	17	44	71	42	18	61	28	13
CPCT02020476T	569	1385	14	95	295	46	754	101	43	0	59	64	18	34	30	0
CPCT02070117T	537	116	0	0	143	18	110	49	19	72	115	17	32	4	29	7
CPCT02140041T	155	167	20	17	18	19	83	35	47	0	133	22	57	20	11	0
CPCT02070101T	63	200	0	36	83	30	278	70	52	20	21	41	35	87	21	4
CPCT02070127T	28	78	0	7	44	11	96	30	20	73	14	30	43	25	9	2
CPCT02020494T	49	116	0	0	99	19	53	34	43	59	34	28	34	33	2	4
CPCT02020502T	62	129	4	10	46	3	0	21	21	59	20	32	18	45	15	0
CPCT02020500T	185	442	134	2	145	25	111	77	65	92	42	18	22	50	15	5
CPCT02040107T	78	72	0	0	50	17	180	42	15	2	23	19	34	16	16	4
CPCT02020313T	0	248	1	19	143	28	91	38	39	56	15	40	5	32	128	0
CPCT02070131T	13159	2293	2529	1505	485	0	0	45	0	0	0	0	21	0	0	0
CPCT02070135T	77	243	0	10	112	6	61	38	42	48	29	21	20	43	16	1
CPCT02140025T	58	237	4	27	71	25	33	43	203	97	53	44	33	22	10	0
CPCT02070134T	101	123	12	6	29	17	15	17	10	66	29	29	24	32	4	1
CPCT02020501T	81	75	0	18	51	30	176	124	46	48	34	7	32	19	27	4
CPCT02070085TII	35	97	13	19	41	59	0	273	219	163	33	37	27	9	14	10
DRUP01070026T	38258	5112	5782	4372	2467	0	0	34	0	0	0	0	0	0	0	0
CPCT02070245T	100	172	0	29	38	20	60	86	37	74	13	32	31	40	21	0
CPCT02070241T	63	182	0	7	79	26	106	135	28	10	43	22	24	32	13	6
CPCT02070253T	55	123	26	8	41	0	8	118	67	23	47	8	31	7	12	4
CPCT02070250T	169	87	0	0	112	18	245	44	39	22	17	50	34	0	12	2
CPCT02070252T	18	94	8	25	10	32	94	46	46	56	30	18	23	9	14	1
CPCT02070220T	52	207	0	0	79	22	71	142	55	38	69	35	29	10	21	3
CPCT02120074T	60	218	19	25	64	12	0	130	62	41	19	18	21	4	11	1
CPCT02220030T	61157	11957	12232	8691	5967	0	0	501	0	0	0	0	0	0	0	0
CPCT02010692T	83	215	0	0	110	15	52	132	61	28	44	54	35	31	30	8
CPCT02010695T	24	101	7	9	114	33	118	106	19	48	40	16	34	67	10	0
CPCT02010711T	26	340	10	13	96	16	201	78	48	36	29	35	25	34	12	9
CPCT02070266T	813	131	185	0	0	58	0	138	121	90	76	1	894	7	20	62
CPCT02070023TII	95396	9923	16645	11517	3842	0	0	767	0	0	0	0	0	0	0	0
WIDE01010628T	83	459	0	58	229	861	260	100	114	0	169	61	33	95	78	0
CPCT02020938TII	8	91	0	9	57	21	186	39	66	46	7	44	317	30	31	3
WIDE01010484T	59	134	0	9	48	21	179	40	18	0	69	18	23	26	31	13
CPCT02070444T	7	31	0	8	0	114	85	25	24	14	24	11	0	18	16	7
CPCT02070444TII	39	97	16	13	9	722	197	60	126	11	61	19	0	0	76	9
WIDE01010585T	461	418	191	57	216	116	154	110	64	115	27	15	46	56	22	1
WIDE01010642T	51	83	0	0	62	21	145	39	33	52	21	29	53	33	25	7
WIDE01010668T	19	4	18	15	64	16	64	34	16	50	0	1	25	27	15	2
WIDE01010537T	127	154	0	45	39	33	134	15	53	0	141	21	58	38	41	1
