Samples	ID83A	ID83B	ID83C
SP117956	9	76	42
SP117975	8	71	9
SP2149	38	75	495
SP117113	7	202	0
SP117245	8	106	45
SP117402	20	86	14
SP117136	12	140	0
SP117378	9	109	23
SP116947	12	121	21
SP117369	1	136	20
SP117244	5	99	0
SP117162	17	81	28
SP117079	2	94	32
SP117344	19	157	400
SP118074	111	369	0
SP117598	6	252	283
SP117312	9	107	4
SP118038	4	136	0
SP117552	10	75	6
SP118073	5	137	10
SP117933	7	64	13
SP118012	11	106	36
SP117108	8	115	1
SP117812	17	65	27
SP117354	26	166	50
SP117370	9	135	0
SP116991	21	124	28
SP117629	12	35	559
SP124199	26	154	6
SP124195	14	178	0
SP117850	16	91	19
SP117127	13	124	0
SP117614	26	99	54
SP116948	16	273	3
SP117409	28	111	589
SP117593	14	117	16
SP117372	14	98	31
SP118077	24	89	55
SP117840	13	188	0
SP117363	37	303	164
SP117887	18	81	802
SP116946	21	137	33
SP117901	14	96	254
SP117454	17	125	16
SP124197	46	153	896
SP117919	44	79	763
SP117250	5	137	11
SP117983	22	175	16
SP117676	8	65	11
SP117011	13	136	37
SP117057	14	81	5
SP117126	11	172	11
SP117728	7	146	6
SP117618	10	91	0
SP117257	8	66	16
SP116963	14	79	8
SP117078	20	301	0
SP117944	18	110	344
SP117639	90	231	68
SP117834	42	178	41
SP117105	31	181	13
SP117785	24	75	53
SP117882	8	100	0
SP117778	24	252	28
SP117032	8	139	19
SP117710	14	193	200
SP117538	47	138	941
SP124207	311	538	0
SP117800	22	141	9
SP117724	26	176	12
SP124193	12	61	9
SP2293	9	261	63
SP2357	58	112	358
SP2144	7	51	323
SP2145	30	88	661
SP2147	47	233	916
SP2146	11	33	272
SP2148	9	51	265
SP2150	15	112	14
SP2152	4	99	0
SP2349	66	182	66
SP2155	42	82	666
SP2154	45	72	1101
SP2158	32	217	0
SP2156	4	58	30
SP2159	21	125	14
SP2153	109	594	0
SP2160	20	128	26
SP2151	7	57	25
SP116341	21	48	521
SP116331	35	387	0
SP116351	57	173	35
SP116371	12	376	108
SP116361	22	29	336
SP116343	73	297	36
SP116333	55	225	83
SP116373	33	30	520
SP116363	11	16	284
SP116353	97	747	0
SP116345	26	287	0
SP116365	9	25	634
SP116375	123	362	12
SP116335	131	169	209
SP116355	12	48	313
SP116347	9	137	10
SP116367	66	194	134
SP116339	32	361	0
SP116349	16	156	28
SP116357	17	11	304
SP116359	20	69	541
SP116369	77	269	997
SP116377	71	455	41
SP116379	33	247	12
SP7692	203	556	82
SP5052	34	78	1404
SP7785	70	577	601
SP3415	21	87	353
SP2799	15	160	20
SP9979	16	68	74
SP5393	160	327	98
SP11292	2	23	132
SP13036	245	703	7
SP7421	73	278	93
SP4875	48	120	970
SP8795	108	698	0
SP4820	64	210	1078
SP4593	24	99	41
SP8085	68	220	34
SP11235	44	184	14
SP6730	63	437	0
SP10635	9	117	19
SP5381	13	77	19
SP10084	172	262	244
SP9251	27	138	67
SP3016	146	248	319
SP11045	7	95	16
SP2826	24	95	208
SP11171	19	112	397
SP5784	91	283	81
SP8564	50	302	84
SP5844	151	328	104
SP6519	13	150	29
SP6766	12	131	43
SP5448	53	365	11
SP12049	50	38	1303
SP2714	57	104	953
SP2801	48	347	79
SP8891	47	104	515
SP9481	17	100	27
SP5808	76	397	402
SP6429	94	150	573
SP5017	46	486	0
SP8229	29	187	33
SP8157	19	108	86
SP5279	269	564	34
SP8660	23	59	729
SP11878	28	199	103
SP9433	32	163	19
SP2881	141	560	83
SP7378	36	104	59
SP9816	24	97	615
SP4265	17	91	165
SP2793	175	354	1394
SP6825	205	753	21
SP4523	28	274	11
SP9930	48	102	672
SP5820	21	320	0
SP10470	30	22	742
SP9648	55	135	839
SP4535	14	97	66
SP11808	56	284	0
SP96163	20	55	670
SP11948	11	113	783
SP4557	19	254	37
SP96147	27	178	51
SP10150	134	308	16
SP4472	26	119	673
SP6813	59	317	64
SP96511	55	26	1130
SP5636	48	218	0
SP5559	72	733	468
SP3631	12	240	71
SP5473	140	215	127
SP8394	56	200	40
SP6115	24	206	14
SP7291	51	258	10
SP2997	15	185	44
SP8831	98	287	1661
SP2731	16	159	16
SP6223	25	135	391
SP7171	49	268	38
SP10563	25	262	13
SP8987	63	199	858
SP5980	42	30	1039
SP12186	63	189	23
SP10944	70	344	93
SP2766	37	79	670
SP6673	89	455	1854
SP117698	21	161	29
SP124201	19	185	172
SP2143	9	76	27
SP124191	7	153	12
SP117247	6	175	20
SP117362	13	137	22
SP117470	38	53	661
SP117586	6	77	26
SP117709	18	115	23
SP2157	7	38	8
SP3368	38	226	13
SP5666	20	183	9
SP2781	19	133	25
SP8532	26	169	45
SP12856	10	170	46
SP7456	16	232	14
CPCT02100011T	10	324	8
CPCT02020314T	45	373	36
CPCT02080016T	32	370	12
CPCT02010359T	205	310	1263
CPCT02020322T	46	197	34
CPCT02010351T	100	515	538
CPCT02110004T	18	285	76
CPCT02040031T	161	583	140
CPCT02020341T	41	230	44
CPCT02080025T	106	606	399
CPCT02080022T	11	182	52
CPCT02100017T	122	590	102
CPCT02100021T	103	417	87
CPCT02020345T	39	286	63
CPCT02020344T	44	487	98
CPCT02020347T	41	416	0
CPCT02100020T	42	323	538
CPCT02100024T	53	515	36
CPCT02100023T	61	413	94
CPCT02080027T	30	330	64
CPCT02160001T	37	354	41
CPCT02160003T	673	157	2380
CPCT02160004T	407	1105	0
CPCT02030261T	110	391	203
CPCT02040035T	50	291	27
CPCT02160005T	48	309	163
CPCT02100027T	71	228	21
CPCT02010401T	35	225	72
CPCT02030265T	30	295	5
CPCT02080031T	2	183	76
CPCT02030264T	9	151	34
CPCT02100028T	39	234	37
CPCT02100029T	91	337	227
CPCT02020371T	41	270	114
CPCT02020369T	61	391	1228
CPCT02040036T	25	518	146
CPCT02080036T	233	428	998
CPCT02030271T	208	817	33
CPCT02020377T	49	179	166
CPCT02030274T	55	357	21
CPCT02010419T	144	261	1515
CPCT02050053T	204	696	51
CPCT02050060T	127	590	22
CPCT02030276T	43	482	124
CPCT02020382T	61	231	1451
CPCT02020385T	355	877	359
CPCT02190002T	52	241	98
CPCT02080039T	32	526	115
CPCT02040047T	112	963	45
CPCT02080047T	75	686	89
CPCT02010422T	75	779	1009
CPCT02060011T	157	416	36
CPCT02010434T	61	610	115
CPCT02080049T	327	523	38
CPCT02020401T	185	934	107
CPCT02160008T	16	92	19
CPCT02040055T	131	497	307
CPCT02160012T	218	356	214
CPCT02030289T	211	1529	0
CPCT02050071T	62	342	64
CPCT02050074T	49	318	26
CPCT02050082T	24	259	32
CPCT02080053T	6	322	31
CPCT02300001T	24	351	3
CPCT02010382TII	15	146	5
CPCT02340049T	178	500	207
CPCT02160058T	104	611	110
CPCT02010720T	6	197	31
CPCT02470003T	36	189	28
CPCT02210076T	107	511	31
CPCT02120087T	186	370	117
CPCT02030447T	52	478	498
CPCT02011013T	93	374	160
DRUP01120002T	231	787	57
CPCT02230120T	29	301	10
CPCT02070424T	133	504	0
CPCT02011030T	52	307	7
CPCT02180050T	71	387	47
CPCT02460005T	37	128	771
CPCT02030448T	66	257	71
CPCT02010726T	16	269	25
CPCT02380034T	21	270	108
CPCT02080285T	25	334	80
CPCT02030337TII	121	541	199
CPCT02380035T	34009	20	263
CPCT02010721T	28	299	8
CPCT02440021T	44	366	19
CPCT02080288T	9	220	9
CPCT02120179T	19	246	31
CPCT02060279T	140	140	180
CPCT02020898T	24	252	33
CPCT02040307T	132	377	195
DRUP01110007T	97	628	183
CPCT02080290T	81	445	140
CPCT02020664T	80	375	114
CPCT02210039T	161	796	219
CPCT02390038T	57	521	0
CPCT02150040T	6	415	0
CPCT02010708T	108	195	578
CPCT02140044T	280	474	103
CPCT02110050T	38	448	89
CPCT02080183T	47	229	103
CPCT02100195T	34	308	15
DRUP01010065T	52	499	866
CPCT02080184T	45	180	736
CPCT02090034T	75	766	1
CPCT02230124T	62	526	5
CPCT02030451T	51	280	401
CPCT02310006T	27	364	113
DRUP01050018T	301	1091	121
CPCT02340066TIII	109	1097	365
CPCT02390010T	20	248	116
CPCT02120099T	29	281	32
CPCT02390040T	67	368	0
CPCT02460001T	131	669	2122
CPCT02200005T	12501	0	0
CPCT02320008T	54	682	0
DRUP01220006T	56	594	75
CPCT02300032T	96	650	0
CPCT02380037T	13	358	73
CPCT02330076T	160618	0	0
CPCT02011058T	141	1280	198
CPCT02080296T	106	349	1160
CPCT02150046T	93	835	0
CPCT02230126T	33	153	273
CPCT02180052T	20	303	59
CPCT02180053T	612	453	794
CPCT02340110T	94	289	1199
CPCT02230125T	20	324	20
CPCT02390015T	148	849	0
CPCT02380036T	105	537	95
CPCT02050309T	31	335	52
CPCT02110056T	70	508	85
CPCT02390001TII	109	685	0
CPCT02160037T	110	423	1169
CPCT02120183T	95	681	220
CPCT02110057T	31	350	72
CPCT02040321T	67	382	808
CPCT02040323T	53	211	48
DRUP01050019T	21	298	196
CPCT02050431T	29	371	94
CPCT02110079T	48	303	22
CPCT02380052T	291	570	50
CPCT02340066T	75	895	307
CPCT02340060T	122	284	173
CPCT02180057T	134	552	98
CPCT02340058T	184	266	274
CPCT02011073T	20	208	2
CPCT02210082T	41	308	22
CPCT02410017T	638	1268	4
CPCT02110080T	28	462	112
CPCT02080196T	8	222	30
CPCT02020666T	18	324	54
CPCT02310004T	824	965	204
CPCT02060197T	50	512	0
CPCT02380039T	168	574	23
DRUP01220001T	126	724	191
CPCT02260028T	87	294	74
CPCT02010731T	291	931	99
WIDE01010011T	84	232	92
CPCT02060285T	8	85	22
CPCT02350021T	223	947	542
CPCT02080300T	49	273	45
CPCT02040219T	37	333	38
DRUP01060008T	61	537	88
CPCT02320009T	20	101	42
CPCT02210051T	25	355	34
CPCT02340112T	24	572	320
CPCT02390043T	34	335	42
CPCT02200007T	54	409	13
CPCT02120108T	36	812	0
CPCT02020946T	127	573	245
CPCT02030463T	20	140	93
WIDE01010018T	64	271	217
CPCT02040331T	40	242	92
CPCT02010765T	324	369	796
CPCT02040325T	74	559	46
CPCT02240011T	32	348	5
CPCT02050434T	28	209	55
CPCT02160039T	18	279	58
CPCT02150051T	78	333	31
CPCT02390021T	57	433	130
CPCT02080200T	211	1324	0
CPCT02010772T	95	435	132
CPCT02210044T	43	382	68
CPCT02320010T	40	331	15
CPCT02040337T	21	250	51
CPCT02270021T	58	245	54
CPCT02010768T	104	182	814
CPCT02020966T	25	180	760
CPCT02110049T	92	591	7
CPCT02040329T	194	1614	363
CPCT02340066TIV	72	828	371
CPCT02340071T	21	220	69
CPCT02030464T	257	1059	469
CPCT02360012T	84	349	98
CPCT02080312T	21	275	60
CPCT02260029T	285	582	362
WIDE01010072T	174	604	506
CPCT02110063T	85	355	20
CPCT02020969T	32	329	55
WIDE01010069T	98298	4029	0
WIDE01010067T	105	302	28
WIDE01010076T	58	289	174
WIDE01010074T	136	640	7
CPCT02040071TII	79	456	126
CPCT02020680T	40106	841	944
CPCT02020685T	150	923	35
CPCT02020693T	65	202	659
CPCT02010773T	220	886	124
CPCT02290030T	23	202	50
CPCT02020688T	159	497	62
CPCT02050337T	178	463	95
CPCT02050338T	14	256	114
WIDE01010124T	71	528	353
CPCT02230089T	76	335	858
CPCT02230120TII	41	460	0
CPCT02050333T	31	213	156
CPCT02020692T	170	372	128
WIDE01010135T	30	157	67
CPCT02230095T	26	264	46
CPCT02060289T	245	710	100
CPCT02140085TII	141	701	90
CPCT02160042T	20	160	95
CPCT02230128T	24	613	35
WIDE01010142T	65	232	43
WIDE01010185T	227	182	1108
CPCT02180049T	46	533	422
CPCT02010791T	92	440	99
CPCT02120114T	140	396	83
CPCT02120117T	90	516	1833
CPCT02220041T	75	484	299
CPCT02120121T	26	400	27
CPCT02160041T	50	334	46
WIDE01010093TII	77	130	487
WIDE01010173T	15	194	174
CPCT02250007T	49	332	268
CPCT02020597TIII	64	853	116
WIDE01010171T	82	263	66
WIDE01010162T	73	487	1638
CPCT02050299T	15	229	107
CPCT02080029TII	118	394	35
WIDE01010207T	56	473	62
CPCT02030472T	54	949	349
CPCT02100164T	129	334	139
CPCT02100170T	118	426	331
WIDE01010174T	88	427	145
WIDE01010183T	70	357	505
WIDE01010212T	205	469	335
WIDE01010274T	230	246	107
CPCT02410004T	63	327	167
WIDE01010235T	174	357	73
WIDE01010231T	38	290	132
CPCT02370024T	41	507	294
CPCT02140091TII	3027	3773	188
CPCT02360015T	58	395	88
WIDE01010240T	9	267	37
CPCT02040230T	90	371	104
CPCT02320003T	64	513	108
WIDE01010248T	51	258	41
CPCT02010790T	80	247	1471
CPCT02040235T	331	599	203
CPCT02080216T	74	450	1098
CPCT02160047T	178	399	101
CPCT02270006T	352	420	658
CPCT02210053T	42	346	97
CPCT02360016T	38	234	52
WIDE01010270T	36	433	512
CPCT02060221T	40	398	103
WIDE01010288T	65	463	0
CPCT02270030T	37	298	128
CPCT02310011T	37	593	119
WIDE01010311T	93	676	422
CPCT02120001T	109	417	197
WIDE01010322T	36	435	4
CPCT02290035T	246	459	1449
WIDE01010326T	9	357	35
CPCT02270028T	242	500	221
CPCT02030478T	173	509	3
WIDE01010308T	81	307	179
WIDE01010268T	35	359	76
CPCT02060214T	69	1032	411
WIDE01010335T	152	465	358
CPCT02360017T	15	315	95
WIDE01010303T	51	533	94
CPCT02220044T	48	468	66
CPCT02120047TII	147	784	60
WIDE01010339T	116	417	0
WIDE01010352T	252	1192	782
WIDE01010346T	52	333	126
CPCT02010824T	108	333	64
WIDE01010341T	282	510	953
WIDE01010332T	129	604	235
CPCT02360018T	32	473	0
CPCT02330104T	27	285	232
CPCT02050359T	27	354	69
CPCT02370025T	42	62	966
WIDE01010131T	107	642	207
WIDE01010371T	206	806	0
CPCT02020719T	194	230	2258
WIDE01010400T	35	330	71
CPCT02010825T	13	139	19
CPCT02010359TII	258	357	1628
WIDE01010405T	70	293	10
WIDE01010388T	122	564	0
DRUP01330020T	217961	0	0
CPCT02230099T	222	452	2213
CPCT02110069T	88	286	154
WIDE01010410T	21	289	0
CPCT02020721T	76	325	58
CPCT02230101T	114	327	66
WIDE01010418T	4	137	71
CPCT02300040T	107	334	642
WIDE01010048T	49	367	9
CPCT02290037T	75	677	98
WIDE01010249T	33	340	0
DRUP01010148T	108225	5410	0
WIDE01010372T	620	440	1204
WIDE01010406T	76	691	182
WIDE01010432T	48	275	533
CPCT02010846T	57	247	1381
CPCT02010746T	64	1029	0
CPCT02250009T	87	366	287
CPCT02010838T	19	214	15
CPCT02170027T	359	791	126
CPCT02030484T	43	284	46
CPCT02050364T	188	730	61
CPCT02290040T	64	378	130
CPCT02080228T	270	760	246
CPCT02040257T	119	382	69
CPCT02160051T	19	182	39
CPCT02120137T	16	396	22
CPCT02150014T	38	303	33
CPCT02210059T	351	481	2468
CPCT02040254T	89	440	113
CPCT02070344T	19	273	78
CPCT02300043T	56	175	682
CPCT02220047T	43	326	1187
CPCT02360011T	109	511	26
CPCT02020711T	41	284	572
CPCT02150016T	239	456	98
CPCT02030258T	211	721	168
CPCT02250010T	698	541	71
DRUP01110005T	44	547	104
DRUP01180001T	705	507	1259
CPCT02010863T	26	307	114
CPCT02070352T	42	375	52
CPCT02060179T	41	395	68
CPCT02120148T	26	424	40
CPCT02030500T	70	1022	427
CPCT02150017T	33	175	771
CPCT02170029T	29	288	85
CPCT02010886T	311	542	356
CPCT02390029T	50	191	101
CPCT02080243T	208	657	1925
CPCT02010890T	32	180	67
CPCT02150018T	36	298	54
CPCT02010896T	471	731	230
CPCT02360022T	17	301	62
CPCT02220053T	33	384	39
CPCT02040267T	38	453	8
CPCT02040266T	50	229	1001
CPCT02010891T	16	273	44
CPCT02350007T	136	926	0
CPCT02020830T	37	302	36
CPCT02030383T	136	277	86
CPCT02350008T	96	696	294
CPCT02030289TIII	60	1264	103
CPCT02160055T	23	272	12
CPCT02050383T	19	410	53
CPCT02290046T	34	333	55
CPCT02030522T	85	395	129
CPCT02110076T	268	461	204
CPCT02080250T	563	504	180
CPCT02230110T	766	1168	637
CPCT02010900T	73	479	221
CPCT02120158T	77	535	146
CPCT02180070T	11	264	122
CPCT02210069T	195	435	155
CPCT02070360T	18	184	962
CPCT02180069T	142	788	5
CPCT02410009T	54	374	98
CPCT02080254T	53	382	6
CPCT02110077T	162	514	149
CPCT02010915T	26	374	296
CPCT02120154T	40	429	0
CPCT02080253T	730	1084	229
CPCT02140083T	208	464	339
CPCT02020791T	41	618	201
DRUP01010091T	194	279	1267
CPCT02100187T	27	308	65
CPCT02040282T	118	352	159
CPCT02290052T	150	1137	149
CPCT02310018T	76	452	144
CPCT02310019T	119	1949	0
CPCT02470001T	36	368	0
DRUP01220002T	410	488	809
CPCT02030521T	39	298	127
CPCT02010901T	61	527	1553
CPCT02290048T	115	348	54
CPCT02210071T	32	425	140
CPCT02120165T	31	308	304
CPCT02020773T	14	429	447
CPCT02040290T	104	709	237
CPCT02020829T	145	338	33
CPCT02150027T	58	443	729
CPCT02010933T	97	432	439
CPCT02210073T	157	318	942
CPCT02190049T	370	646	190
CPCT02020824T	147	367	49
CPCT02010934T	82	319	102
CPCT02290057T	59	500	6
CPCT02020801T	92	325	65
CPCT02340066TII	74	803	283
CPCT02020795T	113	841	0
CPCT02010939T	518	463	151
CPCT02010936T	52	200	122
CPCT02020807T	105	606	0
CPCT02020597TII	56	809	136
CPCT02050409T	59	503	1258
DRUP01020034T	60	251	1737
CPCT02010940T	40	450	33
DRUP01210004T	117	691	73
CPCT02060272T	38	273	25
CPCT02130163T	289	1397	111
DRUP01220003T	185	923	224
DRUP01210005T	310	435	2273
CPCT02450016T	96	334	52
DRUP01120001T	130	481	196
CPCT02220026T	327	531	837
CPCT02010969T	69	271	413
CPCT02010643T	166	457	63
CPCT02040160T	65	510	35
CPCT02140085T	68	460	113
DRUP01080004T	451	963	552
CPCT02080070TII	82	896	166
CPCT02060128T	143	691	251
CPCT02060129T	18	308	32
CPCT02220060T	58	148	1051
CPCT02090062T	38	285	76
CPCT02440018T	47	468	67
CPCT02030549T	167	1078	0
CPCT02230022T	91	316	73
CPCT02030550T	196	601	47
CPCT02140091T	2915	1915	0
CPCT02020597T	37	571	140
CPCT02100110T	136	283	1393
CPCT02230047T	20	482	72
CPCT02310003T	39	699	331
CPCT02390035T	316	720	60
CPCT02060150T	61	556	98
CPCT02460004T	73	334	35
CPCT02190051T	37	365	51
CPCT02020857T	15	484	119
CPCT02080153T	52	604	131
CPCT02040175T	3	140	68
CPCT02370006T	84	669	0
CPCT02220063T	49	232	289
CPCT02310021T	252	1138	0
CPCT02160030T	10	117	76
CPCT02060278T	62	204	46
CPCT02060277T	30	217	802
CPCT02150004T	24	293	80
CPCT02010687T	34	209	176
CPCT02080143T	40	394	202
CPCT02160029T	38	345	128
CPCT02230118T	57	458	220
CPCT02010658T	69	398	558
CPCT02320007T	51	470	17
CPCT02040306T	34	356	234
CPCT02340025T	62	535	1344
CPCT02120073T	122	274	1556
CPCT02030394T	53	490	74
CPCT02180077T	99	730	152
CPCT02020617T	68	333	505
CPCT02310022T	39	388	4
CPCT02080261T	194	297	166
CPCT02380020T	71	146	1734
CPCT02120063T	97	321	397
CPCT02010504T	33	448	141
CPCT02100115T	73	548	24
CPCT02100117T	56	254	595
CPCT02190019T	33	784	256
CPCT02210035T	37	398	129
CPCT02120061T	62	350	114
CPCT02210034T	87	556	48
CPCT02370008T	82	582	70
CPCT02330061T	21	253	44
CPCT02100125T	58	321	100
CPCT02340037T	28	512	52
CPCT02170014T	69	383	89
CPCT02170018T	221	388	881
CPCT02080029T	124	451	90
CPCT02240008T	43	132	1210
CPCT02010661T	215	540	119
CPCT02010678T	58	253	58
CPCT02290018T	22	347	30
CPCT02080128T	89	764	914
CPCT02230058T	12	430	0
CPCT02240001T	106	1377	0
CPCT02080127T	57	321	121
CPCT02270007T	71	294	998
CPCT02270009T	6	258	162
CPCT02020635T	42	350	106
CPCT02270008T	37	354	90
CPCT02050157T	108	497	0
CPCT02080103T	214	972	0
CPCT02050164T	102	825	64
CPCT02050160T	159	347	168
CPCT02300011T	48	471	0
CPCT02080100T	18	301	14
CPCT02180028T	30	201	263
CPCT02330032T	14	134	30
CPCT02100066T	126	988	202
CPCT02100067T	45	635	0
CPCT02080106T	78	319	78
CPCT02330027T	69	482	0
CPCT02020508T	239	755	69
CPCT02100075T	77	211	78
CPCT02010517T	25	413	2
CPCT02210017T	186	321	2
CPCT02160022T	37	274	27
CPCT02030340T	19	313	10
CPCT02020514T	34851	0	942
CPCT02010521T	30	482	43
CPCT02050166T	75	491	25
CPCT02240003T	261	525	414
CPCT02390001T	55	391	0
CPCT02010572T	24	281	44
CPCT02240005T	94	329	38
CPCT02120016T	101	287	859
CPCT02100079T	53	420	64
CPCT02180030T	322	650	226
CPCT02040114T	216	41	1961
CPCT02080112T	34	90	1104
CPCT02330035T	431	730	238
CPCT02060093T	23	291	37
CPCT02300016T	76	577	145
CPCT02300018T	45	350	91
CPCT02030265TII	35	281	30
CPCT02010593T	90	79	544
CPCT02330037T	66	175	819
CPCT02120033T	103	494	43
CPCT02120029T	47	247	24
CPCT02040123T	44	513	0
CPCT02120024T	17	294	314
CPCT02120008T	312	731	27
CPCT02020539T	173	337	26
CPCT02070168T	69	561	97
CPCT02050183T	30	405	40
CPCT02290011T	86	192	97
CPCT02080122T	105	430	37
CPCT02210020T	27	212	77
CPCT02020545T	96	784	71
CPCT02020541T	38	271	25
CPCT02100093T	192	1214	0
CPCT02080125T	54	201	678
CPCT02010535T	31	306	19
CPCT02160027T	15	103	38
CPCT02230021T	72	775	85
CPCT02230025T	59	373	2
CPCT02230028T	48	311	86
CPCT02330042T	24	251	101
CPCT02230036T	19	268	44
CPCT02410001T	35	286	40
CPCT02040138T	48	328	565
CPCT02020561T	236	1890	0
CPCT02040134T	45	324	179
CPCT02050215T	266	478	155
CPCT02050209T	155	760	16
CPCT02050210T	17	338	48
CPCT02050218T	121	535	60
CPCT02300021T	230	276	86
CPCT02180038T	73	510	55
CPCT02030367T	162	500	454
CPCT02060121T	98	729	188
CPCT02230044T	27	264	52
CPCT02110042T	76	528	199
CPCT02010628T	223	502	123
CPCT02010633T	22	318	131
DRUP01010037T	34496	4402	0
CPCT02040145T	14	252	124
CPCT02120047T	70	149	105
CPCT02120051T	135	124	1442
CPCT02120052T	265	798	123
CPCT02100105T	67	532	1560
CPCT02100102T	70	277	69
CPCT02260008T	124	665	114
CPCT02100067TII	50	888	29
CPCT02210028T	105	850	86
CPCT02100104T	40	487	65
CPCT02020591T	19	332	32
CPCT02010639T	55	481	923
CPCT02080055T	3	91	61
CPCT02180007T	20	596	0
CPCT02080056T	453	694	212
CPCT02040070T	74	617	266
CPCT02040069T	155	680	7
CPCT02290001T	41	657	281
CPCT02100043T	16	265	35
CPCT02020407T	63	595	405
CPCT02210004T	34333	11594	0
CPCT02100035T	66	275	44
CPCT02010433T	28	103	24
CPCT02100049T	113	826	477
CPCT02290003T	55	336	63
CPCT02030305T	48	161	136
CPCT02100037T	39	339	19
CPCT02080060T	81	222	102
CPCT02010447T	56	323	496
CPCT02060059T	37	420	25
CPCT02100048T	179	578	179
CPCT02040071T	37	282	49
CPCT02050096T	30	214	539
CPCT02010461T	60	556	220
CPCT02100050T	34	362	62
CPCT02020436T	61	1011	85
CPCT02160014T	30	109	40
CPCT02230002T	69	517	0
CPCT02160015T	61	823	0
CPCT02080064T	50	629	89
CPCT02080063T	125	419	27
CPCT02010468T	242	586	225
CPCT02300005T	67	457	0
CPCT02100051T	49	264	147
CPCT02160013T	141	281	39
CPCT02080069T	83	346	47
CPCT02080067T	40	382	107
CPCT02010427T	160	468	13
CPCT02330017T	38	333	132
CPCT02050109T	36	200	69
CPCT02070078T	350	667	134
CPCT02210010T	22	167	22
CPCT02080070T	43	526	28
CPCT02050117T	33	324	30
CPCT02080072T	147	400	122
CPCT02080073T	202	497	1485
CPCT02040078T	243	503	31
CPCT02080076T	15	181	30
CPCT02010508T	30	249	4
CPCT02080019T	173	408	69
CPCT02190009T	62	698	427
CPCT02010509T	202	343	38
DRUP01010012T	202	424	401
CPCT02020441T	102	346	44
CPCT02140039T	48	398	308
CPCT02040086T	17	697	0
CPCT02060070T	19	190	385
DRUP01020002T	60	374	1292
CPCT02100055T	146	731	0
CPCT02220008T	364	642	242
CPCT02300008T	41	252	1436
CPCT02010520T	26	306	46
CPCT02020475T	37	354	30
CPCT02020478T	74	493	66
CPCT02010523T	51	3003	0
CPCT02050120T	124	588	9
CPCT02050143T	162	525	67
CPCT02050138T	70	771	0
CPCT02010528T	55	317	27
CPCT02110020T	62	301	30
CPCT02300009T	92	725	1363
CPCT02020493T	76	407	892
CPCT02020487T	110	687	0
CPCT02020345TII	87	520	28
CPCT02030329T	21	365	6
CPCT02370003T	286	163	1722
CPCT02290008T	73	392	841
CPCT02160018T	33	259	19
CPCT02160019T	19	201	17
CPCT02110023T	82	685	8
CPCT02110028T	140	333	12
CPCT02010555T	308	789	81
CPCT02110029T	248	780	127
CPCT02210014T	78	269	50
CPCT02060075T	411	489	198
CPCT02020490T	51	371	37
CPCT02050127T	13	324	69
CPCT02040097T	157	353	194
CPCT02050146T	28	297	12
CPCT02080095T	86	617	0
CPCT02110030T	64	513	42
CPCT02290010T	190	905	0
CPCT02010554T	64	649	0
CPCT02050156T	93	513	4
CPCT02300014T	71	306	42
CPCT02230014T	339	792	0
CPCT02230016T	25	455	0
CPCT02220029T	175	878	257
CPCT02140053T	138	569	152
CPCT02050285T	34	648	525
CPCT02050288T	139	662	266
CPCT02020637T	46	750	41
CPCT02010682T	72	339	288
CPCT02330066T	373	1082	118
CPCT02330067T	10	349	62
CPCT02020599T	253	927	84
CPCT02030384T	30	415	184
CPCT02010419TII	146	457	1932
CPCT02020493TII	75	696	1355
CPCT02010691T	104	526	67
CPCT02210037T	115	222	853
CPCT02040191T	41	225	46
CPCT02190026T	81	385	40
CPCT02390008T	58	354	64
CPCT02190024T	127	619	175
CPCT02010694T	83	505	98
CPCT02230071T	16	219	155
CPCT02230074T	21	292	13
CPCT02100132T	64	955	247
CPCT02330071T	347	561	100
CPCT02380026T	125	775	429
CPCT02080170T	42	200	86
CPCT02380024T	139	595	55
CPCT02040207T	178	350	3
CPCT02340047T	18	153	282
CPCT02360008T	35	139	62
CPCT02080173T	5	130	60
DRUP01080009T	73	892	195
CPCT02030428T	22	356	0
CPCT02300028T	9	328	23
WIDE01010647T	55	437	222
WIDE01010448T	28	320	266
WIDE01010481T	96	217	893
WIDE01010468T	245	647	275
WIDE01010489T	59	246	234
WIDE01010478T	121	134	89
WIDE01010534T	105	282	185
WIDE01010547T	76	478	82
WIDE01010550T	46	327	276
WIDE01010584T	38	100	476
WIDE01010564T	96	399	58
WIDE01010574T	155	318	1824
WIDE01010035T	18	172	47
WIDE01010613T	25	404	0
WIDE01010659T	74	201	58
WIDE01010649T	21	329	33
WIDE01010701T	191	772	96
WIDE01010702T	9	228	72
