Samples	ID83A	ID83B	ID83C	ID83D	ID83E	ID83F	ID83G	ID83H	ID83I	ID83J	ID83K	ID83L
SP117956	0	9	15	8	11	25	1	19	22	4	11	2
SP117975	2	17	10	0	9	22	0	17	6	1	4	0
SP2149	0	12	93	177	220	2	0	11	33	37	13	10
SP117113	7	111	0	6	8	20	0	28	9	13	6	1
SP117245	1	16	10	4	17	40	0	24	21	9	15	2
SP117402	8	16	11	1	4	24	2	8	16	7	23	0
SP117136	11	60	0	9	0	19	0	6	28	2	14	3
SP117378	0	32	20	13	12	0	0	6	23	19	16	0
SP116947	7	26	2	7	6	25	2	1	24	12	37	5
SP117369	1	24	0	0	5	11	0	32	3	76	4	1
SP117244	4	48	5	0	1	20	4	7	0	9	4	2
SP117162	10	9	0	5	3	14	2	14	21	27	18	3
SP117079	0	19	2	6	13	27	1	9	25	12	12	2
SP117344	6	60	23	265	104	48	7	21	4	18	9	11
SP118074	101	176	41	19	18	17	4	0	27	13	47	17
SP117598	3	30	0	20	116	247	0	0	14	25	80	6
SP117312	3	28	8	1	4	18	0	0	42	9	2	5
SP118038	1	56	5	13	0	16	2	12	10	17	4	4
SP117552	8	19	0	0	7	6	2	11	16	6	11	5
SP118073	2	44	4	3	12	35	0	15	19	11	5	2
SP117933	4	18	4	7	6	5	0	9	14	4	12	1
SP118012	0	18	18	11	6	18	3	0	29	16	28	6
SP117108	6	46	0	0	11	27	0	0	16	3	14	1
SP117812	10	13	6	8	6	19	0	3	7	15	19	3
SP117354	14	47	20	19	27	4	6	35	24	14	24	8
SP117370	3	62	14	6	3	12	1	1	20	10	8	4
SP116991	10	38	20	1	27	18	2	19	17	7	7	7
SP117629	6	14	4	337	125	58	12	0	17	23	0	10
SP124199	23	59	1	5	13	28	0	2	18	4	33	0
SP124195	12	83	5	7	11	10	2	14	18	10	19	1
SP117850	6	23	17	1	13	33	2	10	5	5	11	0
SP117127	12	48	0	5	8	7	0	15	14	0	20	8
SP117614	0	4	39	3	9	46	0	6	18	20	28	6
SP116948	0	104	36	10	17	47	0	3	36	12	21	6
SP117409	0	28	62	337	125	62	7	0	23	30	44	10
SP117593	2	28	21	9	6	17	0	6	27	0	27	4
SP117372	0	17	28	6	9	23	1	3	13	37	5	1
SP118077	9	19	18	23	11	24	0	1	37	8	14	4
SP117840	10	79	5	0	19	25	0	11	9	1	36	6
SP117363	14	71	40	63	52	63	11	0	17	69	99	5
SP117887	10	17	5	444	182	77	27	40	49	37	7	6
SP116946	13	35	3	13	9	68	0	0	10	12	28	0
SP117901	8	25	13	102	109	38	2	5	6	51	5	0
SP117454	12	35	0	8	8	24	0	3	35	14	19	0
SP124197	5	24	90	459	223	50	25	0	29	133	35	22
SP117919	34	35	0	501	145	64	17	0	20	43	12	15
SP117250	3	41	2	1	12	21	0	9	21	29	13	1
SP117983	21	75	0	13	19	34	3	0	17	14	10	7
SP117676	4	10	0	2	3	5	0	10	27	6	17	0
SP117011	10	38	0	14	15	18	2	23	21	37	8	0
SP117057	10	24	3	3	2	15	0	0	11	14	16	2
SP117126	0	54	25	1	18	36	2	9	31	7	9	2
SP117728	2	64	10	10	14	22	1	3	16	3	13	1
SP117618	9	39	0	6	3	2	1	13	6	3	16	3
SP117257	0	12	16	7	1	20	1	15	9	9	0	0
SP116963	7	24	12	3	7	17	1	1	19	1	8	1
SP117078	18	132	0	19	8	44	1	0	32	10	57	0
SP117944	10	32	9	186	93	52	9	3	22	33	18	5
SP117639	41	57	66	26	23	47	2	22	56	17	28	4
SP117834	22	43	22	7	19	67	0	22	25	15	15	4
SP117105	27	69	3	4	24	24	1	13	26	10	21	3
SP117785	12	1	0	0	11	28	3	26	28	18	25	0
SP117882	7	37	0	0	2	8	2	21	29	2	0	0
SP117778	4	72	39	8	25	31	3	0	42	15	60	5
SP117032	0	41	15	13	9	19	0	33	20	4	11	1
SP117710	7	17	0	17	66	148	0	9	40	38	63	2
SP117538	18	49	51	588	193	126	22	0	5	53	3	18
SP124207	314	284	50	29	11	55	0	6	20	50	18	12
SP117800	10	44	21	0	13	4	3	15	25	18	19	0
SP117724	16	67	19	5	23	0	0	3	50	9	22	0
SP124193	6	11	4	0	4	11	0	16	10	8	12	0
SP2293	8	43	0	9	12	0	4	31	21	165	26	14
SP2357	26	20	54	166	89	63	2	0	4	65	27	12
SP2144	5	18	2	136	156	0	0	18	14	18	11	3
SP2145	21	38	1	438	130	37	0	22	21	33	26	12
SP2147	0	91	106	621	215	50	2	10	0	60	37	4
SP2146	2	6	18	127	93	35	1	11	0	21	0	2
SP2148	8	14	0	107	120	0	0	33	17	26	0	0
SP2150	10	31	0	12	1	22	0	2	29	9	24	1
SP2152	3	44	3	4	5	5	2	0	25	12	0	0
SP2349	41	52	22	21	29	49	2	0	59	18	15	6
SP2155	0	14	86	426	73	11	11	0	16	37	113	3
SP2154	0	5	96	631	191	35	24	24	50	42	101	19
SP2158	21	91	28	6	14	7	3	12	29	11	27	0
SP2156	2	11	0	4	13	21	0	13	16	6	2	4
SP2159	17	35	0	6	4	24	1	0	12	38	18	5
SP2153	116	301	2	38	17	37	0	8	85	57	32	10
SP2160	16	45	0	17	15	10	1	5	35	7	17	6
SP2151	5	14	1	9	9	14	4	13	9	11	0	0
SP116341	0	9	42	313	95	23	0	4	0	46	48	10
SP116331	29	199	24	22	28	49	4	11	17	31	4	4
SP116351	21	46	59	17	13	2	0	7	69	19	11	1
SP116371	5	84	0	0	72	76	0	4	211	11	18	15
SP116361	16	8	9	144	146	0	0	9	5	19	27	4
SP116343	43	77	32	14	16	43	5	80	44	25	27	0
SP116333	30	72	47	61	19	17	0	21	31	49	16	0
SP116373	26	3	1	250	150	40	7	0	2	44	44	16
SP116363	10	6	0	126	124	0	2	3	14	20	5	1
SP116353	52	323	118	38	20	112	4	7	57	52	38	23
SP116345	17	126	20	2	21	32	2	2	77	12	2	0
SP116365	0	8	26	234	352	0	1	15	18	10	0	4
SP116375	81	138	79	19	17	35	2	0	59	33	24	10
SP116335	69	32	6	57	44	24	1	0	262	8	0	6
SP116355	0	4	32	102	145	14	0	0	0	53	13	10
SP116347	3	40	9	7	7	17	0	16	21	11	21	4
SP116367	32	40	47	37	48	42	1	20	32	48	40	7
SP116339	29	190	14	10	21	24	2	2	38	23	37	3
SP116349	4	33	18	9	11	25	2	44	27	4	21	2
SP116357	8	0	16	116	116	29	0	0	4	21	22	0
SP116359	0	14	48	226	215	32	2	0	12	34	33	14
SP116369	48	105	39	644	234	93	26	0	11	34	92	17
SP116377	47	150	30	30	26	47	4	14	91	67	41	20
SP116379	22	101	22	14	21	38	0	32	34	8	0	0
SP7692	169	201	14	44	57	29	7	29	174	76	32	9
SP5052	0	0	103	529	648	37	12	25	10	107	29	16
SP7785	24	228	100	466	144	82	20	0	36	84	64	0
SP3415	0	15	47	150	110	45	2	0	18	34	26	14
SP2799	11	49	0	10	15	11	0	30	23	12	34	0
SP9979	9	5	0	8	21	49	2	19	21	12	8	4
SP5393	102	79	14	32	33	14	0	37	178	24	66	6
SP11292	0	4	3	60	45	14	0	0	3	15	8	5
SP13036	174	282	141	33	33	93	0	0	79	43	44	33
SP7421	34	79	65	38	40	37	0	43	39	36	15	18
SP4875	0	11	106	350	352	43	13	0	149	48	47	19
SP8795	80	324	81	30	25	28	4	35	123	20	43	13
SP4820	0	40	133	627	209	56	37	120	7	30	88	5
SP4593	16	20	0	6	17	42	1	15	14	12	21	0
SP8085	48	62	5	18	11	30	3	36	75	16	15	3
SP11235	10	62	75	22	3	22	2	6	18	5	11	6
SP6730	63	205	2	16	31	64	0	28	44	10	32	5
SP10635	6	32	0	9	7	43	3	2	2	15	22	4
SP5381	8	18	2	7	6	8	1	16	35	6	2	0
SP10084	14	4	225	41	37	61	2	3	125	98	54	14
SP9251	0	24	55	22	15	43	1	11	20	24	17	0
SP3016	89	57	27	142	63	31	6	22	146	28	69	33
SP11045	0	28	16	7	11	8	0	15	14	9	9	1
SP2826	21	29	0	37	135	72	7	8	14	3	0	1
SP11171	11	34	16	154	187	36	5	9	11	24	22	19
SP5784	33	73	104	34	24	62	1	0	43	52	23	6
SP8564	28	76	17	23	39	36	1	13	129	29	38	7
SP5844	82	66	41	14	42	33	2	64	167	30	28	14
SP6519	11	52	0	17	18	17	2	27	23	6	19	0
SP6766	0	39	25	26	14	18	5	17	12	14	12	4
SP5448	45	124	0	8	21	65	5	50	36	40	23	12
SP12049	18	2	74	528	576	18	0	0	48	68	44	15
SP2714	16	23	91	412	370	81	10	0	8	50	21	32
SP2801	18	92	45	26	40	78	1	17	72	20	64	1
SP8891	36	36	8	275	156	37	0	0	16	37	47	18
SP9481	13	28	0	3	19	32	1	10	24	3	11	0
SP5808	36	139	85	206	170	60	6	42	59	49	19	4
SP6429	34	33	112	265	159	99	22	1	41	31	0	20
SP5017	31	286	67	13	12	29	0	42	8	10	29	5
SP8229	14	52	25	14	16	50	0	23	14	15	20	6
SP8157	0	19	33	35	17	26	1	31	42	7	2	0
SP5279	219	211	32	36	30	50	2	41	154	48	44	0
SP8660	6	22	28	435	181	16	5	19	38	24	33	4
SP11878	3	28	42	24	25	64	2	43	31	43	21	4
SP9433	20	43	16	12	5	16	1	15	26	36	24	0
SP2881	65	174	152	49	32	67	14	4	44	122	38	23
SP7378	20	31	24	19	31	12	2	7	26	5	21	1
SP9816	9	4	29	177	283	69	1	73	0	31	52	8
SP4265	14	23	0	44	92	0	0	39	23	27	6	5
SP2793	164	171	0	789	570	5	22	79	43	49	7	24
SP6825	207	356	0	77	40	98	1	26	96	30	40	8
SP4523	19	107	19	21	12	47	3	22	4	21	38	0
SP9930	40	38	9	317	281	54	4	17	5	41	10	6
SP5820	19	138	0	3	10	53	1	33	34	21	27	2
SP10470	12	0	35	342	251	43	1	0	0	42	50	18
SP9648	29	16	40	327	299	28	17	40	6	67	68	92
SP4535	0	11	23	11	18	43	0	17	16	13	22	3
SP11808	49	112	7	0	22	31	7	34	38	18	16	6
SP96163	5	19	37	310	302	4	0	44	0	20	0	4
SP11948	10	60	0	346	443	0	0	0	25	0	17	6
SP4557	4	74	26	18	26	13	2	51	51	10	29	6
SP96147	0	31	48	14	11	53	3	0	16	20	60	0
SP10150	107	112	26	13	19	19	0	31	69	39	21	2
SP4472	23	56	0	358	289	23	5	19	17	11	8	9
SP6813	42	82	6	24	27	13	4	51	84	56	47	4
SP96511	0	0	121	661	238	6	10	5	23	77	52	18
SP5636	28	86	43	11	10	20	1	14	38	2	10	3
SP5559	23	57	0	13	105	148	1	0	890	22	0	14
SP3631	4	40	17	0	26	56	3	20	19	135	0	3
SP5473	73	42	70	33	39	38	1	37	52	51	36	10
SP8394	36	40	0	3	16	47	3	39	52	25	32	3
SP6115	0	57	56	10	10	29	4	38	8	8	21	3
SP7291	32	95	33	9	21	37	7	5	58	0	14	8
SP2997	6	53	17	9	34	15	4	39	37	27	3	0
SP8831	81	153	0	1139	431	43	34	2	32	24	36	71
SP2731	15	60	0	7	20	17	1	13	24	29	4	1
SP6223	18	32	5	147	145	101	0	0	21	38	27	17
SP7171	32	75	10	21	13	66	1	19	47	15	48	8
SP10563	23	106	0	19	17	50	2	2	28	25	25	3
SP8987	42	82	25	532	231	60	6	0	43	40	41	18
SP5980	0	0	108	408	477	0	0	0	4	49	36	29
SP12186	50	58	0	8	12	40	1	17	40	40	8	1
SP10944	41	95	35	40	28	104	6	0	64	64	28	2
SP2766	13	24	57	292	299	0	0	0	4	40	43	14
SP6673	60	128	29	1030	490	134	70	105	86	176	64	26
SP117698	14	56	12	9	27	24	0	7	25	15	18	4
SP124201	5	20	18	0	74	160	2	0	15	34	48	0
SP2143	6	15	0	1	12	50	4	4	11	3	6	0
SP124191	0	49	14	7	10	48	0	13	5	7	17	2
SP117247	0	61	12	15	14	41	3	15	9	11	20	0
SP117362	11	53	0	17	18	14	0	18	13	0	25	3
SP117470	20	23	25	414	138	56	6	0	18	20	26	6
SP117586	4	16	0	5	13	4	2	19	15	10	21	0
SP117709	9	27	11	6	7	47	1	14	13	16	3	2
SP2157	6	11	1	0	9	3	1	9	5	3	5	0
SP3368	29	96	19	20	17	21	3	22	24	1	25	0
SP5666	17	62	0	11	8	29	0	7	17	24	36	1
SP2781	0	32	37	15	3	49	1	7	13	7	13	0
SP8532	17	48	8	18	18	37	1	17	24	33	17	2
SP12856	1	28	18	8	13	1	2	50	5	84	14	2
SP7456	9	86	13	10	22	15	3	27	35	18	24	0
CPCT02100011T	9	113	0	2	17	60	55	23	26	14	11	12
CPCT02020314T	28	98	18	22	8	69	41	53	47	15	40	15
CPCT02080016T	4	131	64	28	10	31	26	37	49	9	12	13
CPCT02010359T	153	103	85	599	486	17	94	93	47	68	0	33
CPCT02020322T	27	54	26	18	9	13	21	21	27	34	27	0
CPCT02010351T	80	144	0	210	214	167	61	47	49	36	135	10
CPCT02110004T	15	86	0	29	38	48	57	25	30	17	28	6
CPCT02040031T	115	204	69	86	68	51	31	71	88	44	35	22
CPCT02020341T	26	66	20	15	21	30	32	26	41	15	5	18
CPCT02080025T	70	106	3	54	141	403	75	7	52	62	126	12
CPCT02080022T	7	28	0	13	5	42	34	33	27	23	25	8
CPCT02100017T	96	197	29	52	59	14	89	44	127	33	61	13
CPCT02100021T	68	109	43	9	48	68	90	52	52	24	29	15
CPCT02020345T	35	87	1	11	38	55	88	27	12	16	18	0
CPCT02020344T	24	103	34	29	16	0	103	56	64	158	34	8
CPCT02020347T	39	158	2	12	10	32	69	41	17	18	51	8
CPCT02100020T	38	80	2	193	246	0	120	127	20	27	29	21
CPCT02100024T	4	146	112	7	34	14	57	73	58	54	32	13
CPCT02100023T	45	113	18	11	54	48	90	19	37	66	47	20
CPCT02080027T	15	104	29	37	30	26	46	53	23	15	20	26
CPCT02160001T	22	101	25	19	17	41	33	61	7	68	21	17
CPCT02160003T	555	61	12	1257	591	107	127	129	39	192	66	74
CPCT02160004T	433	534	0	38	23	64	68	183	62	53	34	20
CPCT02030261T	65	90	51	25	104	133	44	55	59	44	26	8
CPCT02040035T	34	82	17	3	20	28	40	45	43	25	8	23
CPCT02160005T	25	69	34	25	78	99	49	6	27	49	39	20
CPCT02100027T	49	71	27	7	13	32	27	18	25	24	19	8
CPCT02010401T	19	48	22	19	26	13	52	66	39	8	16	4
CPCT02030265T	27	99	0	9	8	17	16	33	22	58	36	5
CPCT02080031T	0	34	12	1	36	23	94	17	18	13	9	4
CPCT02030264T	6	21	0	6	3	15	44	40	26	7	22	4
CPCT02100028T	15	59	42	29	0	35	34	27	17	16	28	8
CPCT02100029T	56	56	23	36	85	88	68	70	70	34	61	8
CPCT02020371T	12	54	48	25	40	64	32	27	36	42	36	9
CPCT02020369T	48	134	0	809	271	72	112	105	0	56	36	37
CPCT02040036T	0	150	54	73	56	94	39	20	29	71	75	28
CPCT02080036T	149	14	0	170	312	440	87	142	119	96	117	13
CPCT02030271T	194	334	32	57	31	57	153	67	30	19	22	62
CPCT02020377T	32	22	0	24	50	83	47	10	48	15	51	12
CPCT02030274T	45	109	5	12	12	33	55	54	60	28	12	8
CPCT02010419T	89	83	84	964	302	8	123	133	47	36	37	14
CPCT02050053T	165	244	48	42	34	40	72	96	63	72	49	26
CPCT02050060T	126	254	0	23	53	68	45	64	47	28	19	12
CPCT02030276T	33	135	3	35	69	84	60	89	79	25	24	13
CPCT02020382T	46	84	0	953	294	6	76	93	57	38	74	22
CPCT02020385T	286	332	77	226	135	99	53	7	113	97	47	119
CPCT02190002T	31	55	22	21	45	44	17	57	36	25	33	5
CPCT02080039T	0	177	75	34	93	93	45	65	36	32	15	8
CPCT02040047T	88	384	56	66	59	48	43	110	52	134	49	31
CPCT02080047T	41	231	56	49	65	92	44	18	51	9	43	151
CPCT02010422T	28	266	96	675	251	96	163	130	66	55	17	20
CPCT02060011T	129	134	8	20	21	38	45	79	70	35	25	5
CPCT02010434T	42	206	31	32	92	151	51	58	6	54	60	3
CPCT02080049T	248	193	101	35	21	29	52	71	85	31	10	12
CPCT02020401T	185	399	0	46	157	77	47	176	53	27	48	11
CPCT02160008T	13	20	0	3	8	0	24	25	15	3	16	0
CPCT02040055T	51	102	126	80	100	223	57	0	23	73	80	20
CPCT02160012T	131	58	60	57	35	60	115	50	97	78	37	10
CPCT02030289T	199	642	43	45	64	218	62	61	24	333	29	20
CPCT02050071T	44	78	3	22	14	66	44	86	69	36	0	6
CPCT02050074T	31	96	27	15	11	23	46	56	30	32	12	14
CPCT02050082T	10	84	31	1	36	20	48	27	27	8	12	11
CPCT02080053T	2	107	6	14	22	39	47	19	25	45	24	9
CPCT02300001T	8	128	34	10	20	45	19	61	29	4	17	3
CPCT02010382TII	11	38	2	4	1	15	15	36	21	14	9	0
CPCT02340049T	137	142	29	78	72	62	142	46	51	28	42	56
CPCT02160058T	0	112	201	24	25	113	30	54	70	91	60	45
CPCT02010720T	5	50	1	0	20	22	68	13	29	6	13	7
CPCT02470003T	21	48	21	15	7	28	21	39	16	14	12	11
CPCT02210076T	78	182	50	31	31	28	48	85	55	14	31	16
CPCT02120087T	114	95	63	44	30	48	62	45	113	20	13	26
CPCT02030447T	39	38	29	36	174	167	427	0	39	22	33	24
CPCT02011013T	50	66	38	27	54	43	42	64	63	75	61	44
DRUP01120002T	150	194	42	31	3	6	89	71	101	92	29	267
CPCT02230120T	15	92	22	18	6	24	16	73	35	14	10	15
CPCT02070424T	122	233	51	9	13	0	26	57	43	32	35	16
CPCT02011030T	12	100	90	13	9	26	22	30	29	17	8	10
CPCT02180050T	61	123	13	11	30	37	122	54	18	11	8	17
CPCT02460005T	30	39	10	344	324	16	56	24	21	28	9	35
CPCT02030448T	27	45	49	25	6	28	39	25	53	28	60	9
CPCT02010726T	9	76	12	14	12	31	38	56	24	19	14	5
CPCT02380034T	0	37	43	25	18	70	58	39	53	19	25	12
CPCT02080285T	5	77	39	22	34	40	23	49	46	58	22	24
CPCT02030337TII	68	61	0	12	42	68	72	111	22	79	18	308
CPCT02380035T	28076	3073	1864	0	46	0	104	217	418	88	0	406
CPCT02010721T	15	85	19	2	13	14	35	53	48	19	23	9
CPCT02440021T	23	109	33	14	16	46	12	63	40	34	17	22
CPCT02080288T	1	76	18	10	12	32	19	26	10	8	15	11
CPCT02120179T	1	64	37	18	9	36	28	44	31	10	18	0
CPCT02060279T	68	9	21	47	19	53	21	22	103	14	64	19
CPCT02020898T	8	59	25	15	10	31	17	57	34	16	11	26
CPCT02040307T	99	111	19	37	115	57	42	37	120	19	17	31
DRUP01110007T	61	80	0	42	0	40	89	83	104	231	0	178
CPCT02080290T	50	83	10	33	37	46	44	85	28	62	18	170
CPCT02020664T	60	68	0	5	39	52	70	74	50	119	15	17
CPCT02210039T	89	190	55	83	63	0	90	0	0	28	44	534
CPCT02390038T	15	213	110	23	15	24	22	26	48	31	32	19
CPCT02150040T	0	278	12	9	9	8	25	37	10	13	10	10
CPCT02010708T	27	15	170	162	212	73	112	0	0	60	34	16
CPCT02140044T	209	141	35	51	20	74	32	25	76	99	69	26
CPCT02110050T	33	106	0	0	46	46	77	36	30	159	29	13
CPCT02080183T	36	56	2	38	34	34	39	53	43	26	0	18
CPCT02100195T	1	89	69	5	18	39	19	34	49	8	12	14
DRUP01010065T	43	134	28	246	488	50	216	83	41	56	8	24
CPCT02080184T	35	47	0	427	146	42	72	34	48	35	45	30
CPCT02090034T	53	312	64	9	48	36	156	60	66	6	27	5
CPCT02230124T	53	208	13	17	34	38	31	61	45	24	50	19
CPCT02030451T	22	9	19	35	125	191	41	80	110	30	69	1
CPCT02310006T	17	85	24	8	61	14	159	65	28	12	15	16
DRUP01050018T	220	351	115	29	97	32	188	128	186	78	40	49
CPCT02340066TIII	79	300	0	91	195	282	55	69	53	61	108	278
CPCT02390010T	0	49	48	23	44	40	82	31	38	20	9	0
CPCT02120099T	25	95	0	10	26	54	36	16	42	26	0	12
CPCT02390040T	65	179	24	11	4	28	23	22	36	21	9	13
CPCT02460001T	108	137	0	655	899	398	146	0	99	178	79	223
CPCT02200005T	10862	542	1039	0	0	0	49	0	0	9	0	0
CPCT02320008T	11	197	92	10	0	19	41	118	59	113	47	29
DRUP01220006T	33	98	1	13	10	17	46	83	27	85	77	235
CPCT02300032T	62	243	77	8	31	59	73	45	36	32	58	22
CPCT02380037T	0	75	33	17	25	6	105	131	14	8	24	6
CPCT02330076T	142602	3198	14028	172	0	128	62	0	0	35	197	196
CPCT02011058T	52	392	178	60	135	295	56	0	32	155	178	86
CPCT02080296T	48	58	91	631	196	82	107	94	41	117	110	40
CPCT02150046T	47	414	153	49	7	34	37	99	33	30	10	15
CPCT02230126T	25	20	0	63	109	26	28	72	49	34	22	11
CPCT02180052T	8	76	26	11	25	37	98	39	40	13	8	1
CPCT02180053T	503	163	35	445	159	105	173	44	70	111	39	12
CPCT02340110T	74	70	6	574	355	114	78	36	59	111	47	58
CPCT02230125T	0	78	42	10	4	47	41	76	18	19	15	14
CPCT02390015T	139	294	18	3	0	0	81	131	14	309	0	8
CPCT02380036T	51	136	91	20	44	102	77	62	54	50	41	9
CPCT02050309T	0	81	74	12	18	54	76	15	15	34	31	8
CPCT02110056T	23	110	85	26	16	51	116	62	72	41	42	19
CPCT02390001TII	48	195	97	23	0	21	49	61	12	18	41	229
CPCT02160037T	53	125	125	526	492	0	64	97	30	91	71	28
CPCT02120183T	44	187	87	64	110	219	32	65	6	88	67	27
CPCT02110057T	23	97	0	35	28	0	54	40	120	15	33	8
CPCT02040321T	17	105	93	476	170	58	57	97	77	27	30	50
CPCT02040323T	26	36	26	8	13	18	24	71	24	26	21	19
DRUP01050019T	8	27	26	14	56	67	158	61	44	23	22	9
CPCT02050431T	5	101	47	19	60	54	25	53	49	39	21	21
CPCT02110079T	27	87	35	6	21	2	24	74	22	23	34	18
CPCT02380052T	209	144	20	19	5	75	43	182	81	73	34	26
CPCT02340066T	49	269	32	73	189	271	91	41	73	64	99	26
CPCT02340060T	80	40	0	22	52	50	57	49	81	52	85	11
CPCT02180057T	76	131	63	26	40	66	83	133	93	6	46	21
CPCT02340058T	95	13	29	45	51	21	89	115	174	36	41	15
CPCT02011073T	0	51	41	3	4	13	15	44	10	3	36	10
CPCT02210082T	19	83	36	18	6	8	33	65	24	19	45	15
CPCT02410017T	428	480	407	57	39	80	42	99	114	66	55	43
CPCT02110080T	20	109	0	17	57	47	48	27	29	58	25	165
CPCT02080196T	6	69	4	7	21	24	67	29	13	9	5	6
CPCT02020666T	12	77	11	5	23	24	107	58	41	15	8	15
CPCT02310004T	577	294	118	104	30	257	89	156	272	47	14	35
CPCT02060197T	38	236	44	7	20	45	53	27	35	26	28	3
CPCT02380039T	140	217	37	21	40	25	46	48	101	34	34	22
DRUP01220001T	64	177	102	47	78	70	74	56	119	186	48	20
CPCT02260028T	60	64	0	24	19	37	28	68	63	17	54	21
CPCT02010731T	234	250	23	19	36	38	124	172	68	249	84	24
WIDE01010011T	46	52	39	39	22	21	30	61	57	8	25	8
CPCT02060285T	6	16	0	0	10	2	27	11	13	3	15	12
CPCT02350021T	160	240	29	79	293	323	49	33	93	152	103	158
CPCT02080300T	36	71	1	15	17	74	25	52	35	19	13	9
CPCT02040219T	26	111	21	11	31	38	80	20	27	11	22	10
DRUP01060008T	49	109	0	9	25	0	110	107	36	140	90	11
CPCT02320009T	15	25	2	16	13	23	20	29	1	10	6	3
CPCT02210051T	16	105	12	7	34	42	22	68	29	25	49	5
CPCT02340112T	11	161	20	15	243	265	32	46	6	36	67	14
CPCT02390043T	6	83	54	23	14	22	32	47	32	26	64	8
CPCT02200007T	49	158	0	21	27	19	21	81	58	14	22	6
CPCT02120108T	38	348	0	11	0	0	76	117	6	214	20	18
CPCT02020946T	51	30	0	13	7	149	31	0	473	119	37	35
CPCT02030463T	9	21	17	6	40	38	51	22	28	7	13	1
WIDE01010018T	38	11	0	25	47	56	52	106	32	65	91	29
CPCT02040331T	21	34	13	5	34	38	30	68	56	17	46	12
CPCT02010765T	226	45	0	117	318	338	86	94	137	64	51	13
CPCT02040325T	52	139	1	10	29	42	49	104	29	23	27	174
CPCT02240011T	31	134	0	17	10	31	52	51	19	31	7	2
CPCT02050434T	0	39	56	25	6	23	17	33	42	21	19	11
CPCT02160039T	0	70	46	7	30	42	85	25	17	16	11	6
CPCT02150051T	57	95	19	20	6	5	45	71	57	53	14	0
CPCT02390021T	21	67	63	25	21	19	134	100	49	93	21	7
CPCT02080200T	216	799	141	38	46	16	86	39	90	25	20	19
CPCT02010772T	0	27	127	3	0	386	50	0	0	4	0	65
CPCT02210044T	39	128	0	13	53	23	98	8	61	8	39	23
CPCT02320010T	29	102	6	17	12	0	26	65	63	9	43	14
CPCT02040337T	9	53	16	17	17	9	26	65	48	17	34	11
CPCT02270021T	37	39	0	13	4	28	52	73	54	15	32	10
CPCT02010768T	71	50	36	478	158	65	79	0	23	50	76	14
CPCT02020966T	0	7	55	306	198	46	50	127	23	53	50	50
CPCT02110049T	54	240	102	26	32	34	67	42	35	26	15	17
CPCT02040329T	87	71	0	0	27	0	33	0	0	249	1673	31
CPCT02340066TIV	50	201	0	80	181	207	52	84	56	51	124	185
CPCT02340071T	12	57	15	18	32	39	45	43	16	20	6	7
CPCT02030464T	223	447	56	390	171	61	73	164	94	18	47	41
CPCT02360012T	43	75	52	36	21	51	44	75	55	49	16	14
CPCT02080312T	0	47	39	11	15	72	28	56	20	16	38	14
CPCT02260029T	171	114	80	54	143	235	50	122	86	66	62	46
WIDE01010072T	53	71	146	75	152	260	26	22	71	91	144	173
CPCT02110063T	60	124	46	19	17	30	33	31	17	27	48	8
CPCT02020969T	4	79	55	24	21	5	40	68	54	17	28	21
WIDE01010069T	76237	9372	16509	0	0	0	120	0	0	0	0	89
WIDE01010067T	37	77	114	15	12	8	19	55	63	15	6	14
WIDE01010076T	34	65	24	62	56	82	23	80	21	38	17	19
WIDE01010074T	92	249	99	39	23	43	31	97	55	34	3	18
CPCT02040071TII	41	117	80	0	78	77	171	27	43	11	7	9
CPCT02020680T	32990	3821	3177	394	159	0	450	379	211	131	0	179
CPCT02020685T	118	362	67	19	83	83	100	74	100	31	37	34
CPCT02020693T	35	41	59	273	246	0	79	61	25	49	40	18
CPCT02010773T	186	318	35	57	98	96	80	132	115	77	23	13
CPCT02290030T	22	66	0	14	28	24	81	10	16	1	6	7
CPCT02020688T	93	112	70	26	0	92	51	116	12	77	29	40
CPCT02050337T	156	159	6	28	67	12	85	67	70	29	47	10
CPCT02050338T	3	33	25	8	32	43	108	34	38	31	15	14
WIDE01010124T	16	120	105	90	149	179	59	50	84	63	12	25
CPCT02230089T	47	116	63	384	395	75	48	11	8	55	38	29
CPCT02230120TII	20	151	39	26	0	9	43	123	52	13	16	9
CPCT02050333T	25	40	0	39	52	35	95	35	29	16	21	13
CPCT02020692T	128	87	13	30	38	96	97	110	20	39	3	9
WIDE01010135T	0	18	58	12	15	21	32	42	12	15	22	7
CPCT02230095T	13	69	27	15	19	5	80	49	30	8	20	1
CPCT02060289T	195	219	1	45	51	97	34	109	162	72	32	38
CPCT02140085TII	74	141	48	42	8	25	60	191	64	31	34	214
CPCT02160042T	8	19	15	18	20	25	59	32	38	9	14	18
CPCT02230128T	15	197	7	25	39	32	42	92	41	29	31	122
WIDE01010142T	44	55	13	12	16	30	29	56	46	16	10	13
WIDE01010185T	88	0	97	309	193	47	38	0	570	96	62	17
CPCT02180049T	34	116	0	63	211	284	89	48	38	25	86	7
CPCT02010791T	59	117	39	12	51	124	87	21	63	31	15	12
CPCT02120114T	93	104	57	27	21	55	108	38	54	29	23	10
CPCT02120117T	40	130	85	1123	309	61	237	90	80	110	23	151
CPCT02220041T	61	110	1	53	141	72	156	52	111	41	26	34
CPCT02120121T	9	144	47	16	24	10	113	34	31	10	15	0
CPCT02160041T	19	108	72	18	32	22	48	4	7	36	21	43
WIDE01010093TII	36	11	59	162	155	35	34	39	52	42	45	24
WIDE01010173T	10	24	0	18	64	124	28	23	31	14	44	3
CPCT02250007T	37	49	0	62	76	48	138	46	69	35	73	16
CPCT02020597TIII	33	229	31	37	76	39	52	175	172	26	38	125
WIDE01010171T	43	24	0	12	0	6	44	78	26	25	42	111
WIDE01010162T	34	139	54	964	368	57	121	160	7	44	23	227
CPCT02050299T	14	26	0	8	24	32	95	26	9	95	22	0
CPCT02080029TII	89	119	28	23	9	25	81	66	67	20	16	4
WIDE01010207T	48	165	0	30	56	43	40	65	71	14	42	17
CPCT02030472T	47	244	0	50	185	279	168	28	53	227	57	14
CPCT02100164T	99	63	0	23	43	15	96	67	42	78	67	9
CPCT02100170T	76	71	25	38	134	205	82	31	22	82	93	16
WIDE01010174T	68	115	2	26	87	71	22	94	55	39	67	14
WIDE01010183T	50	95	17	277	119	47	58	73	34	94	33	35
WIDE01010212T	164	128	0	27	216	193	24	97	56	46	45	13
WIDE01010274T	134	39	0	27	6	62	26	67	94	23	13	92
CPCT02410004T	39	67	31	37	56	45	121	24	62	39	17	19
WIDE01010235T	103	89	88	15	28	63	30	62	28	55	18	25
WIDE01010231T	19	67	23	54	38	58	25	60	51	9	39	17
CPCT02370024T	19	126	39	49	169	138	57	46	54	57	77	11
CPCT02140091TII	2718	1925	907	565	134	0	159	246	40	62	0	232
CPCT02360015T	30	88	44	17	29	35	127	47	50	20	31	23
WIDE01010240T	0	78	20	20	15	25	44	21	39	27	5	19
CPCT02040230T	64	75	0	17	29	110	86	82	61	12	20	9
CPCT02320003T	35	133	47	18	58	69	90	41	72	47	54	21
WIDE01010248T	25	50	27	9	9	49	24	51	50	26	20	10
CPCT02010790T	27	79	96	938	271	46	93	28	45	42	33	100
CPCT02040235T	223	142	52	51	68	64	94	149	174	52	44	20
CPCT02080216T	60	128	0	595	290	146	170	61	48	43	42	39
CPCT02160047T	147	100	0	9	36	30	156	45	59	71	23	2
CPCT02270006T	230	37	0	101	203	398	62	157	21	102	85	34
CPCT02210053T	14	68	52	11	36	49	103	57	50	16	5	24
CPCT02360016T	24	64	24	16	18	52	65	0	23	13	18	7
WIDE01010270T	21	31	9	73	149	270	46	44	51	156	107	24
CPCT02060221T	31	121	16	22	62	78	126	21	35	0	17	12
WIDE01010288T	60	186	0	7	25	49	23	62	59	22	18	17
CPCT02270030T	29	55	1	18	50	33	112	91	33	8	22	11
CPCT02310011T	20	205	37	64	62	96	106	25	48	53	13	20
WIDE01010311T	45	176	80	72	246	256	52	32	47	47	109	29
CPCT02120001T	76	60	0	32	42	64	93	72	102	146	22	14
WIDE01010322T	29	159	5	22	15	50	21	88	51	16	0	19
CPCT02290035T	141	132	238	556	667	33	185	0	12	75	48	67
WIDE01010326T	0	107	16	15	27	39	26	63	29	23	28	28
CPCT02270028T	185	139	7	61	90	132	83	58	92	37	53	26
CPCT02030478T	146	190	29	14	12	82	63	28	37	28	27	29
WIDE01010308T	46	72	49	45	82	0	41	76	74	39	21	22
WIDE01010268T	10	119	58	29	53	50	30	42	23	34	14	8
CPCT02060214T	38	41	0	10	73	0	101	0	0	225	982	42
WIDE01010335T	125	139	0	88	197	148	35	75	75	35	37	21
CPCT02360017T	0	71	42	12	47	6	123	55	33	15	9	12
WIDE01010303T	38	151	5	46	43	48	45	122	52	32	52	44
CPCT02220044T	31	107	18	14	26	54	54	73	43	83	73	6
CPCT02120047TII	117	289	76	24	58	60	188	53	43	52	14	17
WIDE01010339T	94	174	63	18	1	4	38	59	25	27	10	20
WIDE01010352T	78	288	333	152	418	332	89	94	131	114	152	45
WIDE01010346T	16	44	45	42	7	81	62	108	58	17	21	10
CPCT02010824T	81	96	15	37	6	58	56	37	47	53	13	6
WIDE01010341T	270	231	3	427	518	0	50	45	49	36	36	80
WIDE01010332T	56	146	112	47	111	221	30	57	52	51	58	27
CPCT02360018T	25	196	10	14	25	34	32	52	53	11	49	4
CPCT02330104T	18	40	0	14	95	188	35	0	17	48	79	10
CPCT02050359T	18	114	19	26	43	43	82	49	16	19	13	8
CPCT02370025T	18	0	50	374	363	0	51	22	74	43	35	40
WIDE01010131T	47	160	93	102	54	107	42	142	67	67	58	17
WIDE01010371T	183	361	68	47	38	2	39	32	109	44	55	34
CPCT02020719T	108	14	128	1072	572	156	143	33	83	199	85	89
WIDE01010400T	0	53	62	3	23	61	40	49	55	34	27	29
CPCT02010825T	10	34	0	0	14	26	24	31	10	4	17	1
CPCT02010359TII	177	89	114	747	545	64	98	112	58	140	30	69
WIDE01010405T	58	110	16	21	9	36	19	52	17	11	16	8
WIDE01010388T	138	324	25	13	9	25	26	51	33	13	13	16
DRUP01330020T	190070	0	26331	222	0	0	102	0	0	0	644	592
CPCT02230099T	169	105	30	1228	484	17	253	60	126	128	257	30
CPCT02110069T	48	62	45	43	53	51	57	43	68	6	35	17
WIDE01010410T	0	109	53	10	4	6	28	28	24	11	18	19
CPCT02020721T	62	91	0	23	18	74	61	65	25	13	24	3
CPCT02230101T	70	81	54	18	20	58	74	20	49	26	31	6
WIDE01010418T	0	23	11	21	21	9	16	38	28	20	15	10
CPCT02300040T	64	102	73	364	172	56	60	63	38	54	16	21
WIDE01010048T	36	141	29	6	33	28	20	40	25	17	43	7
CPCT02290037T	52	230	52	40	74	17	129	92	26	60	53	25
WIDE01010249T	28	117	0	17	0	31	28	76	34	16	14	12
DRUP01010148T	83605	10501	18743	0	0	0	456	0	0	0	0	330
WIDE01010372T	370	29	90	205	400	397	66	96	265	123	181	42
WIDE01010406T	54	197	16	52	94	168	24	31	58	141	87	27
WIDE01010432T	17	68	60	247	176	49	42	59	27	37	56	18
CPCT02010846T	23	38	68	747	310	14	165	54	36	110	83	37
CPCT02010746T	62	418	0	13	56	71	96	134	18	131	60	34
CPCT02250009T	51	77	54	103	78	64	160	48	63	15	22	5
CPCT02010838T	17	76	7	3	17	10	57	14	16	17	11	3
CPCT02170027T	297	243	0	66	35	79	144	197	118	57	23	17
CPCT02030484T	20	92	46	25	22	28	56	13	49	6	9	7
CPCT02050364T	107	231	147	30	41	91	101	53	87	20	41	30
CPCT02290040T	43	88	24	42	38	55	95	72	46	57	0	12
CPCT02080228T	217	243	30	51	145	214	127	27	109	51	61	1
CPCT02040257T	47	79	102	36	4	28	40	72	48	22	70	22
CPCT02160051T	4	40	32	10	9	40	54	8	12	4	13	14
CPCT02120137T	10	129	10	16	16	30	37	62	24	84	5	11
CPCT02150014T	31	77	0	4	16	31	84	77	22	0	31	1
CPCT02210059T	287	198	15	1658	427	107	190	84	146	63	77	48
CPCT02040254T	52	101	40	21	48	75	58	42	49	43	90	23
CPCT02070344T	16	76	0	38	24	29	64	33	46	18	26	0
CPCT02300043T	25	9	58	192	277	43	72	61	5	40	118	13
CPCT02220047T	33	123	0	830	218	80	141	21	43	37	4	26
CPCT02360011T	95	198	18	39	17	70	45	30	31	51	29	23
CPCT02020711T	30	69	9	207	241	59	42	55	28	53	65	39
CPCT02150016T	162	117	45	26	40	0	81	147	116	12	13	34
CPCT02030258T	159	170	0	23	72	75	142	158	176	67	51	7
CPCT02250010T	593	229	0	48	23	44	71	59	139	59	26	19
DRUP01110005T	39	133	0	0	56	36	111	53	34	180	33	20
DRUP01180001T	596	209	5	745	282	99	134	133	106	73	29	60
CPCT02010863T	0	66	55	54	17	44	49	63	8	60	28	3
CPCT02070352T	33	101	0	16	29	63	42	112	37	11	12	13
CPCT02060179T	21	100	33	25	21	43	104	87	48	11	0	11
CPCT02120148T	0	110	61	15	18	12	78	80	27	33	46	10
CPCT02030500T	33	1	0	12	39	25	36	0	5	242	1058	68
CPCT02150017T	20	56	19	473	189	63	46	35	2	47	20	9
CPCT02170029T	22	69	0	25	32	42	43	51	44	36	29	9
CPCT02010886T	215	103	0	59	121	227	72	121	107	83	68	33
CPCT02390029T	15	18	43	17	22	29	43	63	36	5	47	4
CPCT02080243T	50	130	300	1033	389	183	131	254	90	70	136	24
CPCT02010890T	26	52	7	22	27	16	73	8	20	13	7	8
CPCT02150018T	2	58	70	18	8	23	55	50	41	35	16	12
CPCT02010896T	371	210	5	44	97	181	66	58	132	201	48	19
CPCT02360022T	14	84	0	16	36	30	54	40	41	24	31	10
CPCT02220053T	22	117	14	31	13	36	62	50	55	18	20	18
CPCT02040267T	12	173	67	10	35	20	50	49	19	13	48	3
CPCT02040266T	39	53	0	508	260	140	100	23	36	37	58	26
CPCT02010891T	6	43	12	10	3	44	45	92	28	19	18	13
CPCT02350007T	113	407	75	24	41	57	69	112	42	37	64	21
CPCT02020830T	29	96	20	10	21	14	113	31	19	9	8	5
CPCT02030383T	81	59	51	24	21	0	73	65	72	22	16	15
CPCT02350008T	73	112	0	49	93	75	122	268	41	209	28	16
CPCT02030289TIII	51	485	16	26	140	214	251	57	31	35	84	37
CPCT02160055T	12	97	25	1	25	34	36	24	21	9	16	7
CPCT02050383T	11	97	19	6	21	0	66	70	22	132	23	15
CPCT02290046T	28	93	8	8	30	32	119	23	42	3	27	9
CPCT02030522T	68	107	0	16	75	119	62	59	53	22	18	10
CPCT02110076T	208	130	0	75	57	147	80	39	79	60	40	18
CPCT02080250T	459	174	0	71	52	71	118	98	100	49	12	43
CPCT02230110T	605	394	78	147	349	511	92	5	153	88	118	31
CPCT02010900T	57	132	10	25	138	182	76	39	29	37	38	10
CPCT02120158T	32	129	92	52	46	39	120	116	14	74	21	23
CPCT02180070T	0	45	25	15	45	89	60	9	15	40	39	15
CPCT02210069T	113	97	83	27	60	125	39	73	63	64	32	9
CPCT02070360T	0	22	49	351	395	84	113	97	6	20	0	27
CPCT02180069T	133	349	47	24	53	56	125	39	61	21	27	0
CPCT02410009T	26	86	44	23	38	40	79	59	56	37	27	11
CPCT02080254T	52	146	0	16	11	8	87	67	13	15	22	4
CPCT02110077T	67	92	147	27	41	18	91	121	39	117	27	38
CPCT02010915T	8	47	31	41	100	158	82	13	28	68	114	6
CPCT02120154T	39	194	8	10	18	30	44	40	38	16	29	3
CPCT02080253T	615	402	100	133	104	44	144	271	93	91	16	30
CPCT02140083T	141	78	0	24	124	374	82	0	36	54	90	8
CPCT02020791T	33	197	0	38	145	223	63	49	13	28	57	14
DRUP01010091T	138	54	75	532	434	61	135	70	46	120	38	37
CPCT02100187T	22	67	0	7	21	47	48	40	23	113	0	12
CPCT02040282T	83	82	27	35	70	42	83	119	34	16	22	16
CPCT02290052T	101	371	90	62	99	140	127	119	88	170	52	17
CPCT02310018T	42	115	68	29	76	29	140	108	25	14	19	7
CPCT02310019T	117	1073	41	38	145	223	115	163	6	61	57	29
CPCT02470001T	32	175	16	9	26	27	27	43	18	5	20	6
DRUP01220002T	188	53	266	155	266	341	105	18	95	125	61	34
CPCT02030521T	32	61	0	19	46	72	77	29	28	81	0	19
CPCT02010901T	43	161	18	931	404	68	192	179	25	39	41	40
CPCT02290048T	78	109	57	21	27	20	62	32	50	36	13	12
CPCT02210071T	0	104	77	39	54	116	81	0	25	42	42	17
CPCT02120165T	1	27	57	52	101	43	86	129	50	25	57	15
CPCT02020773T	0	45	30	38	179	274	63	78	45	51	83	4
CPCT02040290T	71	158	14	23	115	242	56	68	74	112	96	21
CPCT02020829T	122	116	26	3	30	37	49	43	13	43	22	12
CPCT02150027T	39	157	47	332	350	83	124	0	0	50	20	28
CPCT02010933T	89	144	0	252	123	64	191	20	32	14	0	39
CPCT02210073T	128	96	0	552	200	49	88	93	87	75	23	26
CPCT02190049T	225	153	168	49	49	51	128	33	114	141	72	23
CPCT02020824T	120	139	44	27	35	37	52	9	42	24	21	13
CPCT02010934T	49	58	22	11	31	92	59	46	45	36	40	14
CPCT02290057T	37	169	44	7	22	5	80	101	58	17	6	19
CPCT02020801T	78	112	15	26	35	48	82	29	31	17	1	8
CPCT02340066TII	59	245	3	59	183	271	64	35	61	62	93	25
CPCT02020795T	104	423	69	11	37	21	98	97	52	12	19	11
CPCT02010939T	389	144	62	42	52	77	73	90	70	65	51	17
CPCT02010936T	28	26	22	37	15	28	51	45	40	55	8	19
CPCT02020807T	110	279	0	26	33	55	59	29	31	34	47	8
CPCT02020597TII	40	248	12	43	103	63	84	150	180	24	37	17
CPCT02050409T	48	157	0	743	340	71	151	122	19	64	48	57
DRUP01020034T	51	69	0	1048	404	0	251	56	56	54	41	18
CPCT02010940T	17	143	54	11	24	43	119	48	33	7	12	12
DRUP01210004T	110	261	0	37	71	65	110	57	104	18	41	7
CPCT02060272T	11	62	44	1	12	38	44	38	65	7	11	3
CPCT02130163T	240	546	119	62	127	63	196	81	151	153	38	21
DRUP01220003T	90	216	152	68	71	64	89	109	145	246	60	22
DRUP01210005T	234	171	58	1527	377	108	147	108	133	60	60	35
CPCT02450016T	63	65	14	17	2	30	52	89	49	50	33	18
DRUP01120001T	75	65	31	34	33	60	64	102	104	178	31	30
CPCT02220026T	152	52	224	146	281	351	193	0	76	127	60	33
CPCT02010969T	46	11	0	55	121	197	120	30	19	35	102	17
CPCT02010643T	147	153	0	14	43	53	96	33	60	37	46	4
CPCT02040160T	61	176	0	27	17	33	139	48	47	29	23	10
CPCT02140085T	39	118	55	17	59	25	144	49	74	22	36	3
DRUP01080004T	349	165	2	12	223	168	433	111	131	266	84	22
CPCT02080070TII	72	275	11	39	97	105	288	62	84	30	51	30
CPCT02060128T	87	211	91	119	101	65	115	59	173	29	11	24
CPCT02060129T	2	100	43	16	20	13	83	28	31	12	6	4
CPCT02220060T	31	20	58	407	441	0	87	98	12	31	37	35
CPCT02090062T	14	61	42	11	29	73	49	34	24	36	19	7
CPCT02440018T	27	168	50	8	78	44	76	42	40	26	21	2
CPCT02030549T	127	466	105	35	82	33	71	118	167	15	12	14
CPCT02230022T	57	72	29	16	24	37	59	48	70	27	16	25
CPCT02030550T	173	225	17	28	41	100	80	21	37	30	65	27
CPCT02140091T	2733	1163	567	189	49	0	34	9	40	31	0	15
CPCT02020597T	20	131	26	19	68	40	142	91	142	26	25	18
CPCT02100110T	42	16	190	481	491	105	109	46	39	121	114	58
CPCT02230047T	17	163	0	20	63	64	77	73	40	28	27	2
CPCT02310003T	21	175	31	45	194	194	46	16	62	161	113	11
CPCT02390035T	294	315	63	72	44	54	89	74	25	58	0	8
CPCT02060150T	40	191	54	39	65	46	156	25	42	15	30	12
CPCT02460004T	43	82	31	1	25	25	33	85	65	15	23	14
CPCT02190051T	30	115	5	19	34	37	57	47	49	24	24	12
CPCT02020857T	12	113	5	20	58	11	146	138	75	24	15	1
CPCT02080153T	46	120	0	22	21	15	126	71	19	308	28	11
CPCT02040175T	5	31	0	1	38	20	90	0	5	14	7	0
CPCT02370006T	78	298	22	26	21	60	78	32	33	23	56	26
CPCT02220063T	31	21	0	34	102	127	23	54	48	51	45	34
CPCT02310021T	190	520	195	25	86	30	41	26	106	43	79	49
CPCT02160030T	7	10	5	0	29	6	68	42	13	8	12	3
CPCT02060278T	48	62	9	14	25	23	28	30	36	15	15	7
CPCT02060277T	17	74	15	513	181	26	47	31	36	56	20	33
CPCT02150004T	13	55	16	12	27	29	84	84	46	10	12	9
CPCT02010687T	7	9	43	16	41	49	71	40	54	54	17	18
CPCT02080143T	24	92	27	40	90	76	145	24	66	19	18	15
CPCT02160029T	32	98	3	31	69	63	87	45	37	14	20	12
CPCT02230118T	31	100	31	46	85	147	83	36	99	54	9	14
CPCT02010658T	35	52	35	67	234	341	34	0	24	81	95	27
CPCT02320007T	13	158	88	15	27	0	51	45	42	33	41	25
CPCT02040306T	13	54	22	30	87	206	20	56	8	34	74	20
CPCT02340025T	53	163	0	814	325	58	266	66	62	57	45	32
CPCT02120073T	0	18	267	834	253	97	139	16	47	163	93	25
CPCT02030394T	21	145	77	13	49	48	151	44	31	6	28	4
CPCT02180077T	48	184	60	52	62	172	34	56	137	33	118	25
CPCT02020617T	52	50	0	76	214	229	132	0	54	12	66	21
CPCT02310022T	32	150	11	27	12	20	31	48	64	11	19	6
CPCT02080261T	138	58	11	16	58	110	82	51	45	62	15	11
CPCT02380020T	35	15	85	729	697	19	141	41	28	84	17	60
CPCT02120063T	46	40	51	31	172	265	21	22	38	39	81	9
CPCT02010504T	5	100	56	47	41	72	95	69	33	41	39	24
CPCT02100115T	67	232	39	0	57	18	184	0	14	8	19	7
CPCT02100117T	9	23	99	215	173	11	66	100	17	99	65	28
CPCT02190019T	22	79	0	0	76	78	162	253	118	76	73	136
CPCT02210035T	12	90	46	20	69	24	68	74	66	25	53	17
CPCT02120061T	48	84	0	23	51	66	84	83	40	2	36	9
CPCT02210034T	87	212	0	0	69	37	162	2	69	10	40	3
CPCT02370008T	79	220	1	26	67	85	93	0	53	48	53	9
CPCT02330061T	6	69	30	17	18	27	55	19	23	7	30	17
CPCT02100125T	33	73	32	14	46	55	74	53	56	14	22	7
CPCT02340037T	17	210	23	26	74	44	31	85	24	28	24	6
CPCT02170014T	51	92	14	13	38	37	106	55	50	34	19	32
CPCT02170018T	192	99	0	114	552	210	158	67	90	0	2	6
CPCT02080029T	106	128	0	27	29	53	164	62	52	18	16	10
CPCT02240008T	8	23	93	444	576	47	89	21	17	1	38	28
CPCT02010661T	157	158	42	32	66	73	64	130	88	17	31	16
CPCT02010678T	41	47	0	13	9	42	54	62	32	33	23	13
CPCT02290018T	9	124	36	15	24	17	96	0	37	30	0	11
CPCT02080128T	58	236	56	413	394	101	148	181	57	62	37	24
CPCT02230058T	6	212	13	8	17	41	54	35	27	13	7	9
CPCT02240001T	30	561	202	36	73	0	141	257	55	29	4	95
CPCT02080127T	42	66	1	24	43	35	100	63	55	12	48	10
CPCT02270007T	52	100	31	518	382	0	68	95	19	44	19	35
CPCT02270009T	0	31	18	32	40	44	106	80	30	25	0	20
CPCT02020635T	33	78	12	18	36	0	145	41	44	59	11	21
CPCT02270008T	22	114	32	22	65	44	72	42	26	18	14	10
CPCT02050157T	102	213	14	22	17	55	34	51	40	33	23	1
CPCT02080103T	187	437	84	37	46	106	31	51	69	53	52	33
CPCT02050164T	67	284	70	47	44	7	63	4	122	191	82	10
CPCT02050160T	65	50	113	29	40	57	63	48	78	60	38	33
CPCT02300011T	43	201	12	25	13	35	31	34	32	39	47	7
CPCT02080100T	0	104	45	15	12	27	56	35	13	4	10	12
CPCT02180028T	7	13	33	33	88	102	26	43	43	30	70	6
CPCT02330032T	8	37	10	0	26	25	14	25	12	5	12	4
CPCT02100066T	69	280	91	29	133	257	51	52	64	154	113	23
CPCT02100067T	49	337	0	14	13	36	44	101	21	16	22	27
CPCT02080106T	41	92	71	41	29	0	37	75	14	47	24	4
CPCT02330027T	48	154	27	21	0	47	46	71	51	28	52	6
CPCT02020508T	188	254	26	62	33	43	61	82	186	29	40	59
CPCT02100075T	27	40	65	15	25	43	11	20	81	21	13	5
CPCT02010517T	10	135	31	8	14	25	48	67	34	24	32	12
CPCT02210017T	155	116	8	18	0	28	18	57	56	14	29	10
CPCT02160022T	1	70	76	7	21	17	15	51	48	5	23	4
CPCT02030340T	6	105	28	11	14	15	36	60	28	23	11	5
CPCT02020514T	29025	2966	2331	456	161	0	213	371	34	87	0	149
CPCT02010521T	8	175	49	14	62	30	41	54	56	10	45	11
CPCT02050166T	49	185	57	14	49	5	40	76	54	17	24	21
CPCT02240003T	210	160	0	93	232	144	26	98	132	28	58	19
CPCT02390001T	29	147	65	14	10	3	37	45	37	23	15	21
CPCT02010572T	9	79	26	27	9	62	35	29	34	20	8	11
CPCT02240005T	60	89	41	23	5	3	55	49	70	36	15	15
CPCT02120016T	91	113	2	395	402	16	28	48	58	23	51	20
CPCT02100079T	46	137	2	16	48	73	75	38	29	23	37	13
CPCT02180030T	242	176	0	29	106	286	24	10	98	123	68	36
CPCT02040114T	116	0	148	1004	457	39	49	0	122	116	136	31
CPCT02080112T	0	7	72	625	216	43	82	53	45	40	24	21
CPCT02330035T	293	230	157	135	62	47	48	18	28	117	119	145
CPCT02060093T	18	82	0	13	16	67	46	43	18	18	27	3
CPCT02300016T	47	172	39	54	77	108	44	57	67	38	70	25
CPCT02300018T	28	68	16	16	25	55	61	54	41	77	32	13
CPCT02030265TII	27	72	8	2	14	20	23	19	13	103	42	3
CPCT02010593T	39	9	75	314	66	15	27	35	31	28	58	16
CPCT02330037T	24	24	72	454	132	34	47	70	32	91	63	17
CPCT02120033T	81	143	0	28	11	43	46	55	77	69	41	46
CPCT02120029T	27	64	27	10	8	37	20	48	6	28	30	13
CPCT02040123T	31	242	38	6	32	11	36	41	72	10	20	18
CPCT02120024T	12	37	0	31	130	169	22	6	48	80	84	6
CPCT02120008T	272	302	72	58	26	41	51	83	65	55	34	11
CPCT02020539T	148	117	0	14	18	34	19	47	56	48	31	4
CPCT02070168T	55	160	5	37	41	64	37	68	88	153	7	12
CPCT02050183T	25	125	0	0	53	28	35	58	62	23	62	4
CPCT02290011T	54	33	0	21	28	5	20	67	95	16	24	12
CPCT02080122T	82	151	38	18	35	21	73	47	78	17	8	4
CPCT02210020T	13	37	14	24	16	62	20	65	17	12	25	11
CPCT02020545T	36	267	132	40	72	50	44	89	91	58	38	34
CPCT02020541T	24	62	18	11	0	5	54	50	33	63	7	7
CPCT02100093T	181	670	134	30	41	57	43	73	33	62	58	24
CPCT02080125T	29	64	38	435	128	52	48	14	21	53	26	25
CPCT02010535T	25	93	0	2	21	46	38	50	34	9	33	5
CPCT02160027T	2	15	18	8	9	16	12	31	19	6	8	12
CPCT02230021T	45	282	49	65	73	23	45	106	102	44	57	41
CPCT02230025T	52	150	12	8	25	22	29	35	29	27	21	24
CPCT02230028T	13	42	51	14	15	10	33	51	71	82	56	7
CPCT02330042T	10	69	27	14	66	64	27	16	29	14	40	0
CPCT02230036T	9	68	15	9	25	29	33	51	42	24	24	2
CPCT02410001T	25	78	10	13	23	36	36	65	21	14	27	13
CPCT02040138T	39	98	8	204	288	51	62	64	24	23	58	22
CPCT02020561T	328	1419	57	33	33	24	65	51	20	40	25	31
CPCT02040134T	33	51	0	21	67	31	108	62	81	30	54	10
CPCT02050215T	204	125	0	46	49	98	91	158	60	37	6	25
CPCT02050209T	145	294	23	18	31	111	143	37	22	59	31	17
CPCT02050210T	2	112	37	4	51	30	65	51	3	10	31	7
CPCT02050218T	86	132	0	28	13	46	67	70	173	27	60	14
CPCT02300021T	161	70	37	3	37	34	102	36	62	4	29	17
CPCT02180038T	60	187	39	12	53	66	160	25	0	3	22	11
CPCT02030367T	116	90	0	57	180	324	125	0	84	66	42	32
CPCT02060121T	55	97	15	20	49	0	74	0	20	104	545	36
CPCT02230044T	19	74	16	9	27	24	92	21	35	11	7	8
CPCT02110042T	54	96	24	36	45	37	236	30	96	111	26	12
CPCT02010628T	173	157	39	41	54	90	79	39	56	62	36	22
CPCT02010633T	18	59	0	22	40	122	110	58	0	10	17	15
DRUP01010037T	27267	4291	5447	0	0	0	596	426	671	29	0	171
CPCT02040145T	12	60	3	38	41	60	94	4	34	16	16	12
CPCT02120047T	54	31	0	24	33	27	68	18	35	17	7	10
CPCT02120051T	61	0	119	739	231	145	112	0	40	237	0	17
CPCT02120052T	201	313	134	90	87	29	67	113	70	30	12	40
CPCT02100105T	43	180	37	1028	361	5	211	155	22	46	34	37
CPCT02100102T	32	64	62	1	41	11	71	26	57	9	31	11
CPCT02260008T	91	174	30	24	55	41	148	166	64	50	42	18
CPCT02100067TII	53	359	0	11	63	56	262	50	28	21	21	43
CPCT02210028T	71	306	74	47	71	120	140	64	1	33	53	61
CPCT02100104T	34	174	12	21	49	79	138	2	30	17	24	12
CPCT02020591T	7	93	29	13	15	0	91	38	35	7	37	18
CPCT02010639T	53	140	0	262	547	75	116	133	46	64	9	14
CPCT02080055T	2	5	6	1	18	2	78	27	9	2	5	0
CPCT02180007T	7	234	31	16	10	23	49	83	9	83	58	13
CPCT02080056T	319	161	60	41	59	81	81	128	125	234	56	14
CPCT02040070T	46	159	29	43	150	176	42	36	98	73	89	16
CPCT02040069T	139	285	25	25	45	57	40	46	120	31	17	12
CPCT02290001T	31	154	0	45	141	210	79	77	65	74	71	32
CPCT02100043T	13	77	2	9	25	15	58	61	34	4	15	3
CPCT02020407T	33	109	29	62	170	270	56	60	56	62	139	17
CPCT02210004T	28547	7713	9306	0	0	0	127	0	234	0	0	0
CPCT02100035T	51	77	0	23	13	71	10	50	41	26	23	0
CPCT02010433T	10	22	27	2	13	7	10	22	28	4	0	10
CPCT02100049T	72	178	27	126	177	252	94	133	99	88	115	55
CPCT02290003T	36	83	18	13	30	21	61	74	64	18	27	9
CPCT02030305T	40	44	0	25	78	27	42	36	33	1	10	9
CPCT02100037T	27	105	14	20	9	38	29	62	37	20	21	15
CPCT02080060T	30	30	61	16	22	37	46	16	72	31	40	4
CPCT02010447T	44	44	0	44	267	148	74	117	35	45	57	0
CPCT02060059T	31	112	0	9	12	0	42	97	37	105	31	6
CPCT02100048T	80	128	162	84	21	70	89	85	28	116	46	27
CPCT02040071T	11	65	51	9	21	44	65	43	34	3	9	13
CPCT02050096T	0	41	73	200	210	42	53	40	11	37	54	22
CPCT02010461T	27	122	43	82	61	103	61	118	97	63	51	8
CPCT02100050T	22	82	8	21	18	54	51	87	52	22	28	13
CPCT02020436T	54	280	0	42	13	21	72	153	58	439	0	25
CPCT02160014T	12	21	26	11	13	2	14	38	25	13	0	4
CPCT02230002T	47	240	72	8	11	35	20	65	44	18	23	3
CPCT02160015T	41	412	67	28	49	78	55	45	26	33	37	13
CPCT02080064T	30	221	36	17	99	120	37	56	29	27	73	23
CPCT02080063T	102	128	0	17	17	31	35	98	47	28	50	18
CPCT02010468T	136	151	143	77	89	49	30	95	92	90	72	29
CPCT02300005T	52	220	59	11	0	10	26	47	47	20	17	15
CPCT02100051T	0	63	110	25	90	31	30	36	4	0	54	17
CPCT02160013T	103	85	17	17	15	30	17	21	93	40	23	0
CPCT02080069T	48	91	49	18	22	0	43	58	77	33	30	7
CPCT02080067T	35	118	0	32	68	50	39	59	38	59	23	8
CPCT02010427T	135	179	28	17	23	80	34	39	35	17	24	30
CPCT02330017T	9	78	54	42	49	51	48	21	58	14	68	11
CPCT02050109T	0	20	62	8	10	42	22	19	11	49	51	11
CPCT02070078T	225	186	159	61	39	69	79	159	24	69	63	18
CPCT02210010T	5	37	33	16	0	2	36	41	10	10	16	5
CPCT02080070T	23	202	43	29	36	67	46	24	56	24	26	21
CPCT02050117T	15	60	16	12	0	57	37	100	48	6	21	15
CPCT02080072T	112	144	48	35	88	72	28	53	61	13	2	13
CPCT02080073T	61	102	272	789	320	146	107	100	22	121	105	39
CPCT02040078T	155	168	155	13	30	49	54	26	30	33	40	24
CPCT02080076T	1	34	26	7	9	18	26	58	17	5	22	3
CPCT02010508T	13	89	42	10	12	0	31	47	22	7	6	4
CPCT02080019T	105	104	60	33	11	92	33	60	60	29	53	10
CPCT02190009T	48	193	1	70	255	321	57	0	64	52	105	21
CPCT02010509T	157	115	21	19	20	58	20	42	68	15	23	25
DRUP01010012T	127	63	13	108	95	107	62	118	108	81	46	99
CPCT02020441T	92	126	0	33	23	55	13	48	38	50	7	7
CPCT02140039T	18	58	36	41	102	291	33	0	44	58	66	7
CPCT02040086T	8	364	17	18	11	11	41	167	21	15	41	0
CPCT02060070T	0	28	38	179	65	73	52	26	33	29	37	34
DRUP01020002T	47	143	0	875	291	58	78	90	2	53	20	69
CPCT02100055T	163	396	27	29	18	0	48	74	29	47	33	13
CPCT02220008T	267	171	39	30	134	177	31	163	92	64	73	7
CPCT02300008T	31	36	0	591	485	48	82	207	62	23	27	137
CPCT02010520T	20	66	0	10	9	45	36	86	16	87	0	3
CPCT02020475T	17	113	39	26	18	47	32	90	12	4	19	4
CPCT02020478T	59	143	0	29	35	42	52	111	54	33	57	18
CPCT02010523T	36	2504	0	47	61	116	44	53	51	42	50	50
CPCT02050120T	93	198	37	16	26	21	32	86	104	41	51	16
CPCT02050143T	97	153	89	37	22	93	38	58	68	45	37	17
CPCT02050138T	66	408	41	30	41	13	52	38	17	62	38	35
CPCT02010528T	30	86	36	11	17	23	33	71	54	8	3	27
CPCT02110020T	26	71	55	16	7	21	32	77	61	5	21	1
CPCT02300009T	69	246	13	979	263	11	116	301	50	120	7	5
CPCT02020493T	37	141	79	614	188	2	90	56	20	64	58	26
CPCT02020487T	93	349	85	11	38	15	33	49	29	24	52	19
CPCT02020345TII	57	172	46	18	31	68	35	43	68	29	65	3
CPCT02030329T	13	140	13	21	12	72	19	28	4	21	44	5
CPCT02370003T	136	0	277	682	582	58	91	16	26	179	70	54
CPCT02290008T	61	125	0	545	173	30	120	101	49	44	30	28
CPCT02160018T	28	83	0	19	3	29	29	25	35	40	13	7
CPCT02160019T	11	63	14	10	12	3	23	17	23	29	27	5
CPCT02110023T	50	249	64	8	51	51	44	78	53	27	81	19
CPCT02110028T	122	126	2	12	20	53	13	37	59	6	31	4
CPCT02010555T	279	309	0	44	79	165	17	70	76	55	62	22
CPCT02110029T	217	315	44	66	112	129	27	69	74	51	35	16
CPCT02210014T	44	72	45	11	28	29	22	42	57	28	16	3
CPCT02060075T	339	185	0	102	70	113	41	46	134	17	24	27
CPCT02020490T	42	115	0	24	18	40	32	53	44	37	42	12
CPCT02050127T	8	91	10	21	33	19	97	18	40	15	36	18
CPCT02040097T	69	66	117	66	49	16	30	86	77	69	39	20
CPCT02050146T	22	86	0	18	0	20	35	70	37	13	16	20
CPCT02080095T	76	329	68	16	15	0	44	58	33	22	27	15
CPCT02110030T	50	205	34	19	71	0	39	107	43	24	11	16
CPCT02290010T	192	454	38	57	21	64	40	55	65	13	72	24
CPCT02010554T	83	421	0	11	20	45	25	74	11	13	0	10
CPCT02050156T	91	216	0	15	39	49	31	56	46	13	46	8
CPCT02300014T	56	89	2	11	21	77	36	25	60	24	13	5
CPCT02230014T	332	380	45	28	8	37	58	46	138	22	21	16
CPCT02230016T	18	208	20	5	8	44	25	69	3	54	20	6
CPCT02220029T	112	216	84	80	80	65	147	55	151	247	58	15
CPCT02140053T	115	175	0	37	88	187	66	65	49	38	27	12
CPCT02050285T	28	124	0	85	229	282	179	7	80	49	144	0
CPCT02050288T	91	179	75	37	146	207	148	0	52	82	37	13
CPCT02020637T	42	297	0	13	81	139	89	99	24	11	28	14
CPCT02010682T	47	19	20	15	82	0	222	54	119	102	6	13
CPCT02330066T	362	403	15	9	104	64	383	4	66	94	40	29
CPCT02330067T	0	96	33	0	47	0	149	42	25	3	21	5
CPCT02020599T	168	288	102	43	65	44	56	166	240	43	48	1
CPCT02030384T	17	95	13	24	92	181	44	32	34	39	48	10
CPCT02010419TII	131	113	0	1085	456	75	481	38	57	34	20	45
CPCT02020493TII	56	157	68	663	397	0	660	0	5	46	52	22
CPCT02010691T	58	172	108	38	37	5	124	71	40	21	18	5
CPCT02210037T	93	61	0	475	183	75	92	51	65	53	20	22
CPCT02040191T	21	42	19	16	4	17	47	46	62	10	25	3
CPCT02190026T	64	113	9	5	29	32	68	38	69	34	28	17
CPCT02390008T	19	83	73	9	31	24	54	51	24	38	54	16
CPCT02190024T	64	176	108	37	106	160	44	29	48	49	59	41
CPCT02010694T	42	125	62	42	19	31	96	38	130	81	11	9
CPCT02230071T	15	26	0	7	63	49	132	57	19	5	17	0
CPCT02230074T	18	99	0	11	17	36	28	53	20	2	39	3
CPCT02100132T	53	321	0	41	207	286	89	61	66	33	88	21
CPCT02330071T	281	207	94	35	65	48	99	44	36	58	30	11
CPCT02380026T	52	165	121	112	155	185	171	77	121	68	66	36
CPCT02080170T	30	38	0	21	20	73	46	43	27	27	0	3
CPCT02380024T	103	189	39	18	46	52	47	51	69	66	44	65
CPCT02040207T	154	140	37	4	19	24	51	1	35	19	34	13
CPCT02340047T	5	30	34	106	99	37	108	0	0	13	13	8
CPCT02360008T	18	24	26	8	20	26	50	23	16	22	1	2
CPCT02080173T	0	23	11	18	11	52	36	0	16	3	21	4
DRUP01080009T	45	246	39	37	115	92	198	16	62	12	48	250
CPCT02030428T	12	136	27	5	12	29	78	28	20	14	7	10
CPCT02300028T	6	102	4	12	16	23	62	21	30	20	56	8
WIDE01010647T	13	85	77	5	122	179	29	26	32	80	52	14
WIDE01010448T	1	76	54	122	82	35	37	81	35	27	46	18
WIDE01010481T	73	38	12	309	332	129	37	24	59	97	46	50
WIDE01010468T	197	199	0	68	148	275	37	63	51	27	87	15
WIDE01010489T	38	22	0	49	53	58	36	91	65	80	23	24
WIDE01010478T	72	32	51	30	25	38	11	41	21	20	0	3
WIDE01010534T	37	30	83	34	41	69	32	44	64	79	54	5
WIDE01010547T	43	135	42	48	27	64	27	73	100	29	22	26
WIDE01010550T	19	52	32	36	106	191	27	0	46	38	71	31
WIDE01010584T	5	11	75	181	173	37	23	16	7	60	8	18
WIDE01010564T	79	124	0	35	26	65	21	65	44	34	44	16
WIDE01010574T	123	73	0	885	502	280	128	61	62	63	78	42
WIDE01010035T	12	31	4	10	16	3	28	52	20	16	38	7
WIDE01010613T	15	174	24	4	8	32	19	55	32	20	24	22
WIDE01010659T	45	38	19	14	13	7	26	28	32	40	55	16
WIDE01010649T	16	92	0	24	3	37	41	44	47	58	14	7
WIDE01010701T	153	290	54	43	102	52	32	75	125	39	72	22
WIDE01010702T	6	42	0	21	20	18	41	82	50	13	3	13
