NMF_Replicate	L1	L1 %	L2	L2 %	KL Divergence	Correlation	Convergence Iterations
1	32.013	82.867	6.868	60.883	98.467	0.735	1000000.0
2	32.082	82.081	6.95	60.645	153.993	0.742	1000000.0
3	32.18	82.481	6.934	61.971	167.63	0.729	1000000.0
4	31.393	79.858	6.754	59.142	84.508	0.754	1000000.0
5	31.037	80.441	6.356	57.982	140.098	0.754	1000000.0
6	31.007	80.908	6.455	58.85	195.566	0.756	1000000.0
7	30.006	80.665	6.33	58.39	153.814	0.757	1000000.0
8	30.91	81.204	6.438	59.259	223.067	0.747	1000000.0
9	30.581	81.459	6.334	58.798	181.63	0.747	1000000.0
10	31.859	81.546	6.708	59.104	125.962	0.747	1000000.0
11	31.489	81.209	6.941	58.579	195.543	0.746	1000000.0
12	30.385	80.235	6.503	59.347	223.102	0.745	1000000.0
13	30.781	82.117	6.33	58.818	167.448	0.742	1000000.0
14	30.997	81.585	6.548	58.882	209.165	0.743	1000000.0
15	31.617	81.094	6.874	60.044	222.86	0.756	1000000.0
16	30.751	80.432	6.569	59.626	139.893	0.753	1000000.0
17	30.527	80.74	6.575	59.492	139.784	0.747	1000000.0
18	31.605	80.379	6.933	58.746	236.827	0.744	1000000.0
19	30.244	80.616	6.466	59.225	236.964	0.747	1000000.0
20	30.88	80.268	6.651	57.868	126.066	0.749	1000000.0
21	29.829	78.882	6.303	58.456	236.974	0.75	1000000.0
22	32.294	78.55	7.295	57.425	84.588	0.766	1000000.0
23	31.124	82.515	6.722	60.306	278.506	0.738	1000000.0
24	30.952	79.983	6.553	58.678	222.975	0.761	1000000.0
25	31.09	81.985	6.728	61.612	98.408	0.735	1000000.0
26	32.008	83.378	6.838	61.093	167.714	0.731	1000000.0
27	32.0	83.522	6.984	60.655	98.45	0.73	1000000.0
28	31.385	80.304	6.902	58.979	181.475	0.745	1000000.0
29	31.811	80.997	7.07	59.328	153.831	0.75	1000000.0
30	31.164	80.646	6.643	59.177	181.326	0.753	1000000.0
31	30.276	81.64	6.41	58.028	209.067	0.749	1000000.0
32	32.038	81.682	6.715	60.105	57.247	0.742	1000000.0
33	31.472	82.031	6.783	61.751	168.363	0.736	1000000.0
34	31.224	82.651	6.695	59.653	139.781	0.736	1000000.0
35	31.893	82.062	7.131	59.256	84.365	0.753	1000000.0
36	30.598	80.877	6.596	59.418	250.699	0.745	1000000.0
37	30.909	80.788	6.607	59.343	168.347	0.743	1000000.0
38	31.52	81.118	6.726	58.479	195.226	0.753	1000000.0
39	31.516	82.182	6.718	59.818	195.562	0.736	1000000.0
40	31.263	80.188	6.766	59.853	126.222	0.755	1000000.0
41	31.573	79.699	7.058	59.912	84.314	0.757	1000000.0
42	30.84	81.944	6.624	59.875	209.478	0.742	1000000.0
43	30.643	81.054	6.512	59.515	167.683	0.742	1000000.0
44	32.119	82.488	6.835	61.091	195.391	0.739	1000000.0
45	32.242	81.216	6.949	59.328	112.089	0.745	1000000.0
46	31.4	82.084	6.838	59.815	153.678	0.736	1000000.0
47	31.182	79.901	6.785	59.047	111.828	0.75	1000000.0
48	30.485	81.702	6.651	60.286	153.736	0.737	1000000.0
49	32.049	81.885	6.746	59.827	70.926	0.742	1000000.0
50	30.443	81.685	6.305	59.317	209.112	0.742	1000000.0
51	30.683	78.441	6.401	57.091	126.077	0.766	1000000.0
52	30.935	80.47	6.726	59.553	112.841	0.747	1000000.0
53	30.953	79.757	6.597	59.225	209.053	0.755	1000000.0
54	29.691	79.921	6.186	57.88	98.457	0.753	1000000.0
55	30.822	80.338	6.751	58.898	209.184	0.751	1000000.0
56	31.329	81.651	6.911	61.027	153.706	0.736	1000000.0
57	30.771	80.227	6.639	58.855	167.481	0.748	1000000.0
58	31.519	81.392	6.875	60.024	125.83	0.747	1000000.0
59	31.517	82.852	6.868	60.607	167.658	0.737	1000000.0
60	30.298	82.341	6.434	60.183	112.438	0.744	1000000.0
61	31.409	81.096	6.616	59.964	195.484	0.75	1000000.0
62	32.205	80.207	7.057	60.224	237.042	0.741	1000000.0
63	32.292	82.313	7.153	61.032	125.901	0.735	1000000.0
64	30.493	78.98	6.534	59.039	167.384	0.756	1000000.0
65	30.591	80.694	6.397	59.324	195.415	0.75	1000000.0
66	31.871	81.364	6.98	59.772	167.601	0.742	1000000.0
67	31.834	82.414	6.563	60.105	181.511	0.739	1000000.0
68	31.653	83.21	6.762	61.308	264.896	0.732	1000000.0
69	30.826	80.091	6.587	57.925	126.14	0.755	1000000.0
70	30.848	80.717	6.636	58.276	278.513	0.753	1000000.0
71	30.965	80.015	6.736	57.863	195.486	0.757	1000000.0
72	32.386	83.545	7.093	60.798	154.159	0.73	1000000.0
73	32.05	82.198	6.753	60.607	44.139	0.747	1000000.0
74	31.414	82.283	6.732	59.462	195.632	0.733	1000000.0
75	29.947	79.918	6.454	58.709	140.009	0.751	1000000.0
76	30.776	81.875	6.486	59.129	250.663	0.741	1000000.0
77	31.601	82.743	6.6	59.806	181.313	0.743	1000000.0
78	31.418	81.956	6.608	59.568	223.222	0.75	1000000.0
79	30.448	80.14	6.403	58.503	154.006	0.75	1000000.0
80	31.931	81.678	6.876	60.477	43.237	0.734	1000000.0
81	31.218	79.713	6.786	58.011	167.445	0.75	1000000.0
82	32.239	82.51	7.045	59.9	167.609	0.742	1000000.0
83	31.485	81.98	6.76	59.487	223.202	0.743	1000000.0
84	30.521	80.137	6.543	58.221	167.574	0.756	1000000.0
85	31.426	81.108	6.83	60.936	126.318	0.745	1000000.0
86	31.014	81.243	6.594	59.619	181.347	0.746	1000000.0
87	31.267	81.416	6.51	59.546	112.414	0.748	1000000.0
88	30.529	80.144	6.393	58.529	181.709	0.744	1000000.0
89	30.112	79.53	6.379	58.711	223.049	0.752	1000000.0
90	31.474	81.758	6.781	59.183	125.911	0.746	1000000.0
91	31.38	80.735	6.572	59.386	140.126	0.75	1000000.0
92	30.212	82.337	6.289	59.199	195.369	0.734	1000000.0
93	30.446	79.171	6.656	59.096	126.086	0.754	1000000.0
94	31.925	80.893	6.923	57.932	126.972	0.757	1000000.0
95	31.6	82.07	6.697	60.762	154.107	0.743	1000000.0
96	30.561	79.816	6.506	57.167	209.501	0.759	1000000.0
97	30.458	80.028	6.684	58.414	98.524	0.752	1000000.0
98	30.774	80.214	6.488	58.433	167.906	0.753	1000000.0
99	31.47	82.214	6.655	60.143	139.786	0.734	1000000.0
100	31.133	81.877	6.647	60.113	139.967	0.742	1000000.0
