Samples	ID83A	ID83B	ID83C	ID83D	ID83E	ID83F	ID83G	ID83H	ID83I	ID83J	ID83K	ID83L	ID83M	ID83N	ID83O	ID83P	ID83Q	ID83R	ID83S
SP109953	47	181	7	9	45	11	2	3	1	5	9	8	14	7	0	0	17	13	15
SP107650	43	128	1	0	59	16	0	13	8	16	4	6	8	5	0	0	21	2	21
SP13206	132	73	19	2	0	17	1	6	2	12	12	22	0	6	0	6	33	8	7
SP13078	61	112	14	19	53	35	0	31	6	15	12	11	3	5	0	0	25	7	11
SP107607	34	48	10	1	92	5	0	31	0	10	31	12	0	5	0	0	15	9	12
SP109941	34	44	3	0	52	12	2	1	0	11	10	12	10	6	0	12	0	1	0
SP109801	136	106	25	0	0	4	1	0	7	23	14	18	0	5	0	25	8	11	12
SP13072	13	72	10	3	0	33	2	18	9	11	14	16	11	0	0	8	26	16	49
SP107595	108	190	2	6	51	46	6	8	0	19	159	16	0	5	0	0	45	10	41
SP107640	46	128	13	1	18	16	0	29	2	2	2	7	6	2	0	0	14	2	13
SP13084	48	178	4	6	0	36	1	14	8	20	21	5	15	4	0	5	26	0	26
SP107603	24	88	3	1	0	22	0	24	13	11	6	17	0	4	0	35	2	10	18
SP109957	36	109	6	14	18	31	10	49	14	22	7	10	0	4	0	1	12	46	157
SP114020	107	198	0	5	0	30	10	20	17	21	19	32	8	4	0	0	20	24	137
SP96540	39	72	1	15	0	0	0	8	0	3	0	15	26	0	0	31	0	3	15
SP114032	19	127	13	27	0	23	4	9	2	6	1	10	0	2	0	13	32	11	10
SP107624	15	50	5	0	0	17	3	8	1	11	15	21	0	0	0	0	17	0	2
SP107575	69	63	0	9	0	33	0	17	12	18	7	12	22	0	0	7	35	10	0
SP13242	37	72	3	14	28	5	2	13	7	24	10	6	11	1	0	0	21	3	13
SP114016	18	127	0	1	36	26	1	29	11	8	9	11	0	1	0	0	17	12	5
CPCT02070011T	31	216	7	63	508	58	44	28	120	915	143	0	37	8	62	0	194	27	23
CPCT02020317T	9	35	27	10	0	21	40	21	19	22	3	9	2	6	27	0	53	0	3
CPCT02010352T	0	8	11	7	0	14	24	7	3	6	0	5	0	4	5	0	1	7	6
CPCT02010362T	8	6	14	10	0	7	11	8	7	1	11	8	0	4	23	0	11	2	11
CPCT02010366T	1	0	2	0	0	7	11	4	0	2	2	0	0	4	10	4	0	2	2
CPCT02010383T	5	1	15	1	0	0	53	8	0	16	0	4	17	2	12	0	4	0	9
CPCT02050049T	7	24	10	4	0	12	33	30	3	0	13	26	10	4	0	36	0	9	1
CPCT02020350T	3	31	21	10	0	39	28	15	1	7	23	18	17	2	2	0	9	5	51
CPCT02060023T	37	225	40	0	0	179	14	17	17	30	76	58	4	12	22	65	25	26	60
CPCT02080030T	52	173	1578	17	0	126	210	149	249	17	45	50	55	42	15	40	0	21	34
CPCT02060010T	180	26	115	32	120	62	21	56	63	38	64	8	107	18	44	0	30	29	22
CPCT02040037T	162	377	0	17	68	11	104	9	41	4	13	95	92	1089	5	0	0	4	75
CPCT02070018T	29	38	15	0	178	209	33	30	6	29	56	30	16	8	0	0	13	14	33
CPCT02080041T	9	27	66	0	0	336	42	60	30	39	69	58	149	4	0	0	13	9	0
CPCT02070029T	361	58	13	4	0	34	16	43	26	86	47	48	2	18	11	56	124	8	0
CPCT02060033T	86	27	25	0	157	23	59	27	23	53	38	16	39	24	61	0	27	34	31
CPCT02020399T	672	167	27	10	581	0	63	156	7	14	42	210	39	43	14	0	6	22	0
CPCT02140024T	3567	493	20	798	898	62	62	0	5	49	15	10	0	14	0	0	107	0	0
CPCT02080050T	20	0	31	3	56	63	59	16	11	13	0	34	46	0	6	10	0	5	9
CPCT02030293T	31	0	8	7	172	15	41	35	15	26	9	13	3	8	0	11	0	9	16
CPCT02010441T	63397	2246	109	8431	0	0	20	35	0	78	0	1098	0	35	0	1433	0	0	37
CPCT02090030T	279	241	16	6	15	9	71	11	4	34	31	1	39	8	18	97	0	6	35
CPCT02010718T	71	300	5	12	33	47	83	12	12	20	3	8	21	16	41	10	17	6	0
CPCT02020653T	19	83	27	6	0	100	92	12	9	8	16	4	48	7	14	30	0	2	22
CPCT02340008TII	27	81	4	6	14	9	105	9	8	6	7	13	8	12	29	46	0	5	4
CPCT02020876T	13	3	14	11	27	21	11	9	28	7	27	10	45	8	8	0	4	0	13
CPCT02370016T	35	77	33	19	0	17	79	60	2	10	64	40	81	9	11	10	17	12	9
CPCT02070275T	29	188	0	20	197	30	78	21	11	3	12	8	6	6	33	0	0	8	0
CPCT02011028T	299	105	15	37	79	129	18	48	22	29	49	30	85	17	24	25	18	23	22
CPCT02230072T	20916	4610	64	6444	726	803	131	1045	763	262	0	0	748	327	666	1761	0	0	0
CPCT02130028T	137	213	0	10	20	15	91	30	11	19	10	3	23	10	58	0	12	1	0
CPCT02060182T	10	10	11	0	0	0	39	13	11	4	11	11	7	4	20	13	9	0	3
CPCT02020657T	0	26	6	2	33	33	84	19	6	12	0	8	26	7	0	0	8	9	7
DRUP01090026T	10	42	16	0	0	20	15	19	14	15	18	29	20	2	22	24	25	9	14
CPCT02130029T	1	2	16	0	0	5	40	8	1	0	5	16	0	4	25	2	14	0	11
CPCT02340010TII	208	106	4	29	0	8	161	6	13	1802	99	22	17	13	35	0	247	6	0
DRUP01020022T	7	25	19	5	0	58	11	12	21	7	1	19	0	4	50	0	14	8	4
CPCT02120103T	26	207	0	10	66	3	67	12	15	16	62	21	37	6	0	0	43	7	24
CPCT02300030T	56	198	12	28	89	35	76	15	15	4	20	21	50	6	0	7	0	6	3
CPCT02150044T	11	52	10	9	0	27	7	13	8	9	9	17	42	9	26	6	10	1	10
CPCT02020920T	8	7	20	3	13	61	27	30	7	8	33	35	15	12	8	0	4	18	36
CPCT02080192T	11	157	17	2	0	7	108	22	10	15	15	20	2	7	26	79	0	13	21
CPCT02130170T	77	41	62	26	32	27	23	60	10	978	35	113	0	18	8	0	6	0	31
CPCT02260014T	840	598	21	25	137	34	51	20	17	34	10	78	111	128	59	23	48	18	77
CPCT02020922T	1	22	3	0	0	33	12	0	62	5	10	16	36	6	0	3	9	6	19
CPCT02011072T	9	29	13	6	0	34	6	6	1	9	6	8	8	10	12	12	3	0	1
CPCT02010758T	0	20	21	0	22	77	94	20	17	16	57	53	0	7	27	0	4	7	0
WIDE01010006T	0	10	1	5	0	12	16	6	8	4	0	2	0	10	19	6	12	10	12
CPCT02040220T	13	115	11	0	0	78	54	3	11	19	46	13	20	12	25	19	0	11	0
CPCT02100157T	208	309	8	25	122	55	71	24	8	42	10	4	18	7	46	34	61	13	13
CPCT02230088T	177	35	4936	132	102	70	139	872	927	111	46	194	707	149	32	0	0	26	0
CPCT02130178T	10	18	15	1	15	65	13	23	35	23	20	13	9	6	12	0	28	1	18
WIDE01010017T	55	69	28	11	98	30	18	38	22	20	44	4	2	8	46	0	36	21	23
WIDE01010025T	8	16	3	8	15	0	21	26	10	9	8	32	13	6	27	0	13	1	1
WIDE01010028T	181	139	31	56	0	187	18	98	30	69	119	80	0	20	65	63	71	54	76
WIDE01010012T	64	115	3	7	0	124	66	39	23	9	560	55	2	12	0	0	7	11	15
WIDE01010031T	500	618	116	0	0	16	36	0	22	25	29	158	6	435	27	209	0	46	0
CPCT02020956T	3	11	13	0	11	21	13	0	12	0	0	0	22	10	4	5	2	11	14
CPCT02010774T	1	32	18	14	0	55	21	12	8	1	25	34	12	1	34	7	0	0	4
CPCT02010756T	9	2	10	0	0	10	65	15	9	0	13	11	23	6	16	17	33	11	7
WIDE01010045T	13	37	3	0	34	166	27	29	9	11	30	18	0	12	2	0	0	13	2
CPCT02080204T	6	11	20	0	0	28	41	6	26	5	1	0	37	4	0	0	27	13	11
WIDE01010037T	617	724	18	21	446	0	23	50	30	44	17	16	40	56	52	39	34	41	57
WIDE01010056T	166	332	0	33	90	46	27	23	23	29	23	10	36	18	59	29	25	48	0
CPCT02070298T	190	269	18	11	72	3	17	24	14	20	22	17	20	12	27	32	15	17	2
WIDE01010594T	11	79	11	5	0	46	22	21	16	24	4	49	6	8	15	0	8	11	7
WIDE01010078T	4	0	39	2	27	272	19	81	22	24	109	43	39	12	1	0	14	17	30
CPCT02130054T	37	121	36	8	7	38	70	14	17	23	3	35	0	0	63	0	35	10	20
CPCT02040228T	12	53	2	22	46	30	55	8	8	8	11	6	28	12	24	0	15	4	13
WIDE01010051T	12	33	19	4	17	13	10	31	7	43	12	18	60	31	78	0	31	9	10
CPCT02050319T	6	0	0	0	1	0	91	24	21	39	6	18	0	2	4	30	27	14	6
CPCT02020689T	5	78	14	4	12	113	92	2	19	4	49	32	0	4	14	0	12	16	31
WIDE01010043T	20	7	6	15	80	45	8	22	15	8	34	32	11	3	21	0	5	4	3
WIDE01010112T	214	132	31	13	185	184	23	40	6	31	82	7	89	12	19	0	7	22	29
WIDE01010092T	16	62	6	9	14	13	13	6	14	4	13	16	16	11	41	2	5	0	17
WIDE01010119T	95	136	18	0	0	22	9	21	19	50	26	14	40	20	12	65	58	2	31
CPCT02170022T	6	63	4	0	0	16	97	18	14	13	18	6	22	2	19	11	13	1	10
WIDE01010120T	2	24	21	9	0	28	10	7	4	5	17	3	7	2	31	8	8	9	11
WIDE01010127T	259	243	3132	238	93	88	26	403	634	59	110	24	209	78	20	49	20	11	0
CPCT02300036T	69	340	59	11	80	71	43	39	39	13	60	65	12	6	24	0	34	8	35
WIDE01010146T	9	16	24	0	0	99	4	19	17	0	25	16	20	6	0	12	14	0	17
CPCT02070309T	11	16	18	0	38	41	60	23	9	6	29	46	18	5	12	0	13	9	0
WIDE01010157T	92	133	1357	56	57	136	8	186	332	26	50	124	41	36	68	0	21	29	24
WIDE01010170T	65	71	12	0	15	8	8	13	22	6	22	8	13	6	43	0	20	2	17
CPCT02020696T	7	15	40	0	33	83	73	0	17	2	1	12	22	4	0	0	4	2	13
CPCT02030471T	6	41	8	0	26	38	195	8	9	14	6	12	13	2	34	0	42	8	0
CPCT02130032T	6	13	18	0	7	73	107	21	11	15	0	36	10	4	6	0	24	13	3
CPCT02070310T	475	453	0	0	165	77	62	46	10	2	32	53	7	552	84	127	4	19	0
WIDE01010164T	59	64	28	32	114	49	31	80	49	0	100	67	50	46	9	0	0	15	3
WIDE01010190T	9	32	23	13	0	4	16	28	12	0	4	23	47	5	11	0	0	10	11
WIDE01010182T	304	315	63	24	0	278	9	81	27	44	68	93	23	54	78	65	16	11	22
DRUP01050040TII	602	463	0	11	80	23	0	247	39	10	9	0	18	58	258	0	8	13	0
WIDE01010225T	100	101	8	12	81	0	38	58	2	12	10	66	50	6	36	19	0	0	1
CPCT02050348T	34	40	19	4	0	29	33	93	19	0	32	45	0	4	14	23	16	5	18
WIDE01010275T	27	38	43	0	136	262	13	33	8	15	56	16	8	12	20	0	10	20	21
CPCT02010810T	14	54	17	15	0	3	41	6	8	9	11	36	0	6	23	0	15	5	16
CPCT02060206T	60	60	2726	101	145	78	161	370	460	3	44	83	157	74	45	0	0	18	3
WIDE01010284T	13	52	9	3	20	0	12	15	13	4	1	8	24	2	26	0	2	9	8
WIDE01010330T	7	22	4	5	54	24	1	17	12	5	8	8	32	2	20	0	9	0	0
WIDE01010312T	110	54	2664	109	86	177	13	207	579	33	49	74	39	67	112	0	11	4	0
WIDE01010317T	218	167	36	27	165	73	54	77	50	14	646	37	44	42	54	13	10	4	18
WIDE01010337T	45	285	275	22	0	55	46	37	67	3	53	77	68	27	7	27	48	0	24
CPCT02220043T	427	384	24	0	254	25	99	127	425	12	54	177	42	162	81	0	0	23	43
CPCT02130094T	63	370	31	15	17	330	38	32	15	30	102	46	34	18	21	87	0	20	40
WIDE01010329T	242	208	1495	120	214	73	47	85	167	11	223	139	76	48	86	0	27	22	9
WIDE01010331T	10	49	0	0	7	44	16	4	12	5	0	1	27	12	10	36	13	4	5
CPCT02010828T	58	141	678	70	76	28	60	65	59	13	46	57	91	13	27	0	0	14	18
WIDE01010101T	85	294	1411	54	87	86	38	220	351	42	44	59	69	50	1	0	6	14	21
WIDE01010349T	1	25	21	10	2	32	22	36	16	0	24	22	35	6	0	0	1	7	19
WIDE01010342T	17	159	31	0	0	47	14	4	17	13	11	20	19	11	31	13	9	5	8
WIDE01010359T	3	7	16	13	13	10	18	5	12	7	5	14	3	6	16	0	22	5	6
WIDE01010370T	10	0	13	0	0	63	15	25	22	15	24	32	26	5	1	7	2	1	6
WIDE01010369T	8	207	10	6	103	22	24	0	17	15	23	11	42	4	0	0	2	4	20
CPCT02340084T	92	132	244	47	85	101	10	35	55	3	17	49	57	10	61	0	2	0	17
DRUP01030015T	47	151	64	28	166	14	26	30	406	22	26	9	2	12	5	0	0	12	13
CPCT02060236T	8	37	10	4	33	24	77	18	17	11	5	0	15	4	16	0	22	4	15
CPCT02120125T	44	72	1203	42	46	48	26	182	295	11	2	34	112	34	26	0	49	12	6
CPCT02230098T	2012	209	0	97	0	4	35	28	0	31	5	0	36	16	173	0	16	20	0
DRUP01090015T	0	0	14	3	0	30	45	5	10	18	1	0	0	9	23	26	0	3	14
WIDE01010401T	38	46	17	13	11	73	18	50	7	44	30	59	28	2	28	1	37	2	23
CPCT02230105T	9	7	28	1	0	27	47	13	0	1	11	0	38	6	26	10	4	0	4
CPCT02080223T	31	18	19	0	105	61	90	37	7	11	448	53	0	9	68	0	4	20	8
CPCT02020730T	15	46	67	0	0	243	78	71	5	10	19	59	142	4	3	12	6	15	0
CPCT02010831T	217	93	948	70	49	90	31	160	172	12	128	168	76	63	89	43	0	14	13
WIDE01010428T	20	41	0	13	26	16	19	17	8	8	1	24	13	4	14	0	0	11	20
CPCT02290039T	1124	595	0	0	470	2	116	100	0	13	66	65	29	37	97	11	18	72	37
CPCT02010843T	33	17	4	1	13	46	87	12	8	7	8	4	31	4	24	0	24	3	9
CPCT02130103T	43	221	27	4	61	148	79	24	2	5	51	8	56	0	52	44	12	35	29
CPCT02070337T	47	34	33	18	0	10	78	42	0	8	314	45	5	22	62	40	47	9	20
WIDE01010440T	2	39	24	16	0	79	16	7	9	3	0	18	39	12	2	9	3	6	6
WIDE01010404T	161	108	12	1	235	13	31	49	21	8	16	0	7	11	95	10	0	4	4
CPCT02080229T	33	63	219	0	16	32	68	32	37	31	26	34	30	16	20	0	17	6	0
CPCT02050363T	59	183	33	0	26	0	78	27	6	22	14	82	0	10	65	103	0	8	15
CPCT02040250T	29	96	0	0	2	23	64	11	5	1	25	45	12	6	2	56	0	8	14
CPCT02040251T	30	45	138	4	0	40	75	42	21	18	4	15	60	4	0	0	8	2	20
CPCT02260022T	343	275	0	0	262	5	12	18	16	18	11	71	45	24	45	0	0	10	0
CPCT02340090T	112	207	18	17	0	17	16	9	24	17	18	12	8	14	29	76	26	16	7
CPCT02450013T	23	63	16	0	3	40	41	0	4	20	24	0	8	2	54	40	25	0	19
CPCT02070347T	79	236	23	0	105	201	60	64	7	43	49	22	110	16	29	0	0	15	29
CPCT02060140T	5	27	32	1	2	11	30	10	16	0	5	18	20	2	31	0	63	1	24
CPCT02020720T	1	27	15	3	0	25	42	4	3	7	0	17	0	0	6	0	8	10	10
CPCT02230109T	372	405	6	0	369	0	90	15	16	26	18	53	32	53	37	0	7	3	16
DRUP01090019T	264	225	55	0	78	61	39	47	86	41	51	24	25	12	0	141	21	20	18
CPCT02120144T	12	8	2	3	0	96	6	13	19	0	30	51	19	1	25	0	0	4	23
CPCT02080240T	45	248	192	16	44	64	18	47	21	6	24	57	55	10	6	0	14	0	16
CPCT02130125T	38	75	17	5	14	32	33	33	6	34	51	28	13	10	20	30	14	15	40
CPCT02070355T	7	12	7	0	0	25	37	10	7	7	8	10	1	4	18	31	0	4	12
CPCT02010872T	6	10	9	3	0	10	36	5	26	16	1	9	21	2	21	0	11	3	18
CPCT02010878T	22	137	28	0	5	0	78	107	0	12	19	6	0	11	39	61	12	23	23
CPCT02090054T	717	917	196	8	0	48	61	267	55	130	28	262	119	247	8	176	152	46	45
CPCT02330117T	262	219	12	0	89	141	18	34	9	41	47	0	63	10	27	43	30	9	27
CPCT02170031T	303	481	22	3	502	0	49	0	11	18	10	5	14	36	45	12	9	40	0
CPCT02020765T	10	70	9	0	7	42	73	27	9	9	333	25	52	12	27	0	0	4	1
CPCT02010851T	2	11	17	4	0	9	85	12	1	0	9	18	26	2	10	8	17	6	14
CPCT02020756T	12	14	41	9	0	108	57	38	14	14	26	30	49	4	16	8	14	2	0
DRUP01170001T	50	306	0	0	262	6	46	157	56	0	0	0	0	8	64	26	0	3	0
WIDE01010617T	163	163	51	0	0	29	14	37	17	28	32	28	19	13	28	0	79	5	6
WIDE01010627T	5	34	15	2	0	33	9	10	3	20	18	55	9	3	16	0	11	7	1
CPCT02030502T	29	31	52	8	14	24	18	36	22	9	12	28	47	12	15	0	18	4	40
CPCT02030507T	206	78	6	0	74	8	49	10	4	12	20	9	47	8	15	16	14	5	8
WIDE01010595T	83	410	0	5	321	6	13	17	80	17	27	8	22	7	48	0	3	34	13
CPCT02040273T	5	98	17	6	19	57	26	10	43	24	27	37	8	13	24	0	2	14	10
CPCT02030520T	50	184	35	0	0	112	40	9	4	34	21	24	18	7	23	42	2	4	36
CPCT02110075T	720	556	3	16	306	25	71	28	9	25	27	138	0	44	61	0	23	15	25
CPCT02290050T	133	148	41	0	0	26	74	26	16	17	30	24	58	10	20	39	40	4	4
CPCT02290053T	2	21	0	5	53	16	49	8	5	0	11	4	22	4	19	2	9	8	10
CPCT02080257T	28	27	21	11	72	19	30	8	4	1	19	0	31	2	16	0	23	4	0
CPCT02290054T	11	102	35	5	50	51	33	3	22	8	14	8	26	2	14	0	15	2	21
CPCT02080256T	32	100	9	11	95	45	81	1	8	5	32	11	26	3	6	0	9	6	29
CPCT02030497T	105	50	1280	82	0	55	95	116	177	14	86	111	126	55	10	41	1	12	48
DRUP01290001T	1127	563	0	0	497	0	113	112	1	16	80	81	17	45	69	0	13	73	31
CPCT02070372T	6	20	27	13	0	48	52	7	2	9	0	1	7	8	10	7	25	4	13
CPCT02290051T	5	23	12	6	0	0	98	22	7	13	5	5	28	4	23	0	15	7	13
CPCT02020815T	113	67	4606	202	61	13	31	628	1034	30	0	115	330	85	23	0	0	7	8
CPCT02040271T	11	21	20	8	0	57	122	32	9	7	31	32	11	10	0	24	1	6	0
CPCT02130154T	4	29	10	9	28	16	15	19	1	0	6	10	0	2	25	0	25	5	16
CPCT02120164T	220	458	1038	102	154	6	98	105	150	29	53	93	118	75	49	147	26	37	14
CPCT02020797T	4	12	0	0	19	4	54	4	4	3	15	4	20	8	8	0	7	4	12
DRUP01010099T	156	337	18	12	30	8	55	12	19	40	39	50	0	10	17	29	79	10	38
CPCT02340104T	4	10	15	8	8	50	45	9	8	16	6	7	50	1	16	0	38	1	4
CPCT02380018T	156	211	30	0	103	0	141	51	6	29	361	173	68	98	29	0	23	4	5
CPCT02340010TIII	215	126	0	37	0	49	184	11	5	1837	103	0	15	16	33	0	267	4	23
CPCT02060033TII	76	3	12	0	197	76	199	25	18	57	44	12	5	16	39	0	16	26	26
CPCT02020582T	3	60	13	0	0	24	36	17	12	15	31	26	10	6	34	0	41	4	2
DRUP01050040T	416	339	0	9	102	36	6	91	10	10	3	6	24	9	97	0	6	1	0
CPCT02180041T	99	63	30	0	191	23	88	14	32	18	38	24	29	18	18	0	10	9	6
CPCT02060137T	2	12	13	7	0	2	35	18	1	6	7	26	0	4	1	0	15	6	6
CPCT02070403T	1	5	6	1	0	23	12	2	4	1	5	0	6	0	19	6	3	9	10
CPCT02050264T	97	164	6	0	148	24	77	17	21	1	30	24	40	3	19	1	7	12	9
CPCT02060143T	452	336	830	105	118	109	57	102	258	31	98	77	131	31	0	0	42	0	6
CPCT02010988T	11	49	3	7	1	21	52	20	20	7	6	15	22	14	0	0	38	7	10
CPCT02010993T	60	66	32	23	0	219	10	32	13	46	76	12	49	16	41	5	0	26	54
CPCT02450003T	28	127	52	15	147	31	45	2	17	8	14	23	10	9	12	26	25	13	4
CPCT02230049T	11	129	220	9	33	129	126	60	56	24	630	13	65	36	45	0	44	17	37
CPCT02010995T	26	105	41	5	41	43	46	37	11	36	20	38	0	15	0	57	8	8	10
CPCT02010878TII	22	130	24	0	0	3	31	99	2	23	14	6	0	72	74	78	4	31	22
CPCT02010656T	1	10	3	7	0	0	72	3	0	0	8	2	9	4	10	0	3	13	0
CPCT02010645T	10	50	6	0	0	17	56	13	9	4	1	14	14	8	20	20	4	6	2
DRUP01330016T	452	530	82	0	362	434	0	73	97	24	128	101	0	187	224	0	0	34	20
DRUP01080005T	26	20	2388	133	84	124	328	318	400	47	29	86	76	61	114	0	0	0	0
CPCT02020879T	56	70	17	4	8	110	12	17	7	8	10	15	0	8	16	56	12	6	10
DRUP01090004T	15	19	22	21	0	134	48	47	21	180	57	46	76	10	70	22	11	18	0
CPCT02020613T	18	62	36	0	115	65	50	52	29	7	47	68	22	17	7	0	7	7	12
DRUP01110006T	116	331	30	12	0	26	21	26	18	8	19	36	35	18	24	15	63	14	15
CPCT02010993TII	64	79	37	2	0	241	14	26	11	36	73	17	37	4	30	16	0	28	41
CPCT02060125T	66	156	33	5	105	72	137	14	12	29	45	20	18	11	32	0	20	17	36
CPCT02010647T	61	231	0	15	12	33	111	16	6	24	11	140	0	11	0	0	12	21	27
CPCT02170013T	957	265	0	0	0	16	105	39	13	43	33	88	87	26	2	61	36	4	13
CPCT02170009T	15	32	16	16	0	37	121	21	19	0	0	33	4	4	33	11	7	5	16
CPCT02170012T	44	142	6	1	134	44	119	88	31	0	0	2	0	10	12	0	0	7	0
CPCT02020608T	2	0	8	0	43	31	122	3	1	6	7	3	0	2	6	0	26	1	4
CPCT02010653T	6	21	14	11	0	13	100	15	6	2	12	19	35	5	12	6	5	5	4
CPCT02230061T	275	171	23	15	390	43	81	12	9	36	11	12	17	4	17	24	23	14	17
CPCT02050282T	238	352	30	7	5	27	79	58	30	23	72	102	0	32	67	68	40	9	43
CPCT02010560T	9	13	3	5	0	12	10	11	4	4	5	9	6	2	25	0	4	8	9
CPCT02380007T	13	58	13	1	22	2	25	5	4	11	11	23	0	2	12	0	8	5	5
CPCT02380006T	92	30	760	41	112	62	26	82	130	22	31	73	75	30	9	0	18	20	2
CPCT02080105T	175	222	1779	176	75	45	21	246	453	61	47	97	186	42	34	7	26	24	0
CPCT02340010T	214	119	3	40	0	36	31	12	11	1834	110	0	17	14	41	0	275	6	17
CPCT02010574T	17	71	20	4	0	8	18	15	11	10	15	2	23	6	32	0	18	5	28
CPCT02180026T	420	390	64	0	144	307	24	64	33	46	118	128	24	116	10	0	21	19	46
CPCT02100074T	7	143	18	7	63	21	42	18	5	29	13	14	21	4	27	8	29	15	26
CPCT02120018T	18	116	17	8	0	18	26	30	8	16	1	10	28	4	67	26	15	16	13
CPCT02380008T	0	278	36	0	147	24	10	6	19	1	18	8	15	1	23	0	10	9	17
CPCT02170003T	9	20	18	0	75	16	139	18	9	2	7	12	0	0	16	5	10	6	0
CPCT02020523T	59	19	0	0	110	49	36	24	8	7	59	14	34	15	5	0	15	20	31
CPCT02060081T	115	94	18	15	134	6	21	21	0	22	26	0	30	8	11	1	32	11	2
CPCT02110035T	6	5	5	15	19	11	32	8	7	11	23	1	28	5	22	0	21	9	19
CPCT02080118T	9	93	29	2	0	32	0	11	21	15	15	0	0	5	35	0	31	12	18
CPCT02010589T	0	12	4	0	0	11	24	4	0	6	7	9	26	0	11	5	28	5	24
CPCT02030349T	42970	2731	352	8129	793	0	60	0	76	109	10	577	0	41	0	0	106	10	0
CPCT02110039T	63	131	9	4	122	0	65	6	10	2	0	0	9	6	39	0	14	17	22
CPCT02030353T	259	340	26	0	0	180	53	116	6	21	831	83	92	37	57	210	33	14	10
CPCT02020540T	107	53	523	72	170	52	59	59	93	8	52	82	74	40	8	0	25	8	23
CPCT02010611T	0	2	1	0	7	13	27	8	6	7	0	3	5	0	0	12	6	0	5
CPCT02010608T	30	17	14	17	0	6	18	27	0	7	12	3	54	10	7	0	17	5	20
CPCT02330041T	652	586	207	0	0	46	19	509	41	161	0	49	173	513	0	142	0	63	47
CPCT02380013T	11	10	0	9	0	9	21	5	2	8	8	0	21	8	3	2	22	9	13
CPCT02010613T	5	7	4	10	3	27	24	17	5	4	6	10	27	4	21	0	45	6	6
CPCT02010577T	2	18	4	7	16	2	64	7	12	12	27	12	32	8	33	0	41	11	5
CPCT02050202T	23	62	4	14	0	0	72	23	20	10	15	0	19	10	11	56	17	7	30
CPCT02020559T	88	81	20	12	104	81	87	50	23	470	29	41	6	7	0	0	0	13	2
CPCT02050213T	9	71	23	5	0	49	84	13	0	0	6	24	34	3	33	30	18	0	19
CPCT02020568T	11	98	29	0	0	54	21	20	2	5	13	29	1	2	9	35	2	4	6
CPCT02030364T	3	24	25	5	0	9	71	3	18	1	18	14	21	5	9	18	27	14	16
CPCT02050192T	8	9	3	0	0	13	147	6	13	11	19	0	41	4	15	0	16	7	19
CPCT02010596T	0	8	0	18	0	24	63	8	5	5	3	14	22	4	33	0	0	6	8
CPCT02030365T	8	12	1	5	0	21	65	8	10	4	10	5	0	4	32	7	3	8	7
DRUP01010036T	7	30	19	13	0	93	110	9	12	20	16	33	0	2	47	7	4	2	27
CPCT02230043T	118	94	13	0	258	8	24	31	14	33	25	25	14	15	28	24	10	10	1
CPCT02080135T	162	90	64	16	69	218	139	63	19	30	83	77	68	35	0	0	22	33	11
CPCT02050229T	2	59	7	2	0	29	42	2	1	3	2	4	0	4	45	4	0	1	13
CPCT02010632T	7	12	9	5	11	15	52	3	5	10	15	24	2	1	12	0	0	6	8
CPCT02020579T	30	41	19	8	0	35	60	19	1	3	9	20	17	4	21	0	3	2	11
CPCT02020587T	19	11	85	15	21	401	139	59	0	29	60	57	149	13	0	0	21	12	3
CPCT02070040T	520	357	2	1	237	0	131	37	15	46	25	6	6	100	66	0	14	22	80
CPCT02070050T	349	516	17	0	138	19	36	31	16	17	17	42	91	69	36	0	19	21	74
CPCT02300004T	26	117	30	10	0	13	40	22	6	21	22	27	17	3	31	3	19	6	27
CPCT02020424T	3	18	13	7	0	5	16	25	10	1	11	13	16	2	29	0	12	3	5
CPCT02020433T	3	9	22	9	0	0	15	9	7	2	6	11	47	6	19	0	16	11	14
CPCT02010466T	12	13	2	5	6	5	20	10	12	11	10	23	20	0	31	0	26	4	2
CPCT02010454T	10	19	13	8	0	16	13	4	3	1	0	20	2	6	21	0	38	5	0
CPCT02140036T	196	290	16	0	0	0	14	35	3	26	11	102	62	47	0	74	11	5	14
CPCT02010350T	10	83	15	6	1	12	16	4	8	9	12	0	32	3	23	0	20	0	7
CPCT02100039T	532	474	2	2	215	39	35	94	44	26	48	73	49	445	37	0	72	32	28
CPCT02050106T	197	278	71	0	17	224	12	26	17	13	104	82	0	12	15	68	61	26	16
CPCT02020415T	10	50	7	3	13	22	26	18	0	3	10	19	0	2	10	0	0	2	10
CPCT02180014T	47	153	40	10	96	47	11	13	9	12	25	37	17	10	25	0	23	11	21
CPCT02090006T	12	33	18	0	4	5	27	12	8	7	17	24	28	2	27	0	19	8	14
CPCT02020444T	3	1	54	20	38	292	56	50	15	4	42	65	109	6	35	0	29	19	0
CPCT02030314T	17	17	23	4	0	0	18	26	13	14	12	11	26	12	0	8	20	7	3
CPCT02190010T	56	81	13	22	24	8	26	19	6	10	1	12	22	4	15	0	30	12	3
DRUP01010013T	14	77	25	0	63	18	15	10	10	0	9	28	4	3	14	38	12	11	3
CPCT02080086T	17	63	2377	141	0	57	20	309	398	63	4	68	101	57	52	20	0	0	25
CPCT02010438T	0	3	18	6	0	17	18	4	15	8	1	11	28	6	11	11	15	0	7
CPCT02190012T	44	184	87	12	24	115	22	80	19	17	84	80	65	14	29	16	24	16	23
CPCT02010486T	2	49	14	5	0	0	27	3	3	14	6	11	16	4	42	0	30	11	0
CPCT02060077T	37	67	9	12	138	8	15	27	7	8	26	33	46	10	32	0	29	22	4
CPCT02020491T	193	815	3729	253	146	0	53	153	844	78	23	138	129	78	0	219	38	51	62
CPCT02010538T	14	4	11	1	3	55	39	29	6	10	17	40	3	6	14	0	0	1	10
CPCT02170001T	16	146	25	17	52	70	10	12	23	40	22	4	16	14	19	0	19	10	21
CPCT02170002T	44	49	7	5	86	21	28	25	7	7	10	15	22	8	9	0	0	0	12
CPCT02050142T	6	106	5	4	0	41	27	5	13	12	19	16	33	14	16	43	6	10	14
CPCT02080071T	444	560	136	11	0	21	37	115	29	50	11	24	52	478	0	115	9	28	35
CPCT02020499T	9	99	9	0	19	53	47	11	22	8	27	14	14	6	0	0	10	0	20
CPCT02340008T	57	250	8	1	4	28	25	19	13	11	10	30	5	10	5	77	16	6	0
CPCT02020505T	25	42	60	4	0	333	10	45	15	29	39	61	15	8	23	56	0	8	23
CPCT02080158T	12	65	49	0	0	3	73	27	16	5	13	25	52	16	29	85	0	2	41
CPCT02010571T	3	5	22	26	0	15	144	19	0	7	16	21	0	12	5	33	25	4	0
CPCT02380010T	358	439	17	9	203	12	37	23	5	24	13	21	8	45	54	0	23	28	21
CPCT02110047T	975	578	15	32	590	14	77	19	1	39	2	0	5	57	44	14	1	38	3
CPCT02030425T	107	270	173	24	0	39	44	46	30	30	37	42	0	26	34	148	0	2	16
CPCT02080168T	0	26	8	0	0	39	20	5	16	3	18	22	20	2	15	0	10	3	11
CPCT02020641T	7	4	13	2	52	36	90	11	10	9	28	21	27	6	5	4	9	4	0
CPCT02230065T	21	50	0	16	41	0	69	44	6	17	13	20	51	11	19	36	0	10	18
CPCT02330074T	457	541	44	2	244	352	128	49	12	54	199	76	88	10	0	0	0	41	0
CPCT02010697T	19	26	16	8	0	4	74	2	1	4	2	9	16	1	36	5	8	0	22
CPCT02090028T	520	323	24	8	211	373	113	72	79	36	81	85	52	703	44	0	41	15	123
CPCT02450008T	132	86	17	21	230	30	74	7	13	24	16	25	54	14	34	27	24	22	21
CPCT02010688T	2	19	4	10	0	30	21	8	13	3	14	1	10	1	34	5	3	2	8
CPCT02020646T	10	55	30	7	0	73	23	4	13	4	27	26	0	14	32	0	13	2	17
CPCT02010704T	13	8	12	3	4	0	117	21	0	7	14	11	16	8	14	0	10	1	36
CPCT02010705T	7	42	0	13	31	0	67	29	7	5	3	27	15	2	45	0	16	5	0
CPCT02250003T	1	4	0	0	0	409	34	31	229	102	374	0	0	61	81	4	10	3086	1
CPCT02010698T	6	60	6	6	59	84	31	9	7	6	21	16	0	6	20	22	0	4	2
WIDE01010622T	57	180	127	25	59	52	22	46	16	3	79	67	17	27	56	0	22	11	63
WIDE01010631T	168	228	5	11	165	2	15	22	15	73	25	54	0	37	13	0	43	22	45
WIDE01010635T	125	114	0	38	77	41	0	14	18	68	0	0	0	59	97	208	78	13	13
WIDE01010636T	93	275	396	59	0	55	25	86	49	23	24	53	17	14	6	51	22	6	24
WIDE01010658T	15	24	391	40	78	76	20	85	107	7	14	42	14	19	5	0	15	21	14
WIDE01010504T	16	53	6	2	1	6	12	25	2	10	9	19	8	4	27	0	4	21	19
WIDE01010493T	5	155	6	5	0	7	27	7	3	0	15	13	19	3	7	35	0	19	12
WIDE01010304T	2	21	7	0	0	10	11	10	15	5	0	12	8	8	18	16	6	3	0
WIDE01010568T	22	33	18	1	14	109	18	9	24	27	50	38	0	12	0	0	8	2	8
WIDE01010464T	63	251	26	38	205	0	35	232	28	17	59	24	0	15	103	0	14	22	64
WIDE01010467T	6	13	20	2	0	1	6	7	4	1	0	19	9	4	17	2	13	7	4
WIDE01010486T	12	10	25	0	9	21	4	9	9	4	2	22	1	2	23	0	13	7	3
WIDE01010516T	238	346	16	17	239	33	17	3	0	10	5	58	19	10	21	28	20	17	1
WIDE01010510T	196	271	0	27	0	0	3	11	0	13	19	0	458	4	14	0	7	1	0
WIDE01010583T	15	59	3	0	0	77	5	39	12	2	33	26	9	13	34	20	4	3	0
WIDE01010566T	510	258	18	15	0	27	18	11	0	97	19	5	28	17	17	90	130	10	42
WIDE01010578T	17841	0	0	2380	2826	0	44	0	0	174	0	91	0	31	14	0	747	0	0
WIDE01010599T	108	315	25	8	203	17	26	28	13	11	36	0	30	7	26	24	0	25	3
WIDE01010604T	96	209	0	0	322	0	40	39	95	26	48	0	65	12	0	0	27	18	33
WIDE01010614T	430	574	10	28	2	0	21	15	44	33	16	8	13	130	31	72	9	33	18
WIDE01010662T	46	212	1	9	75	0	40	34	8	7	5	52	10	11	76	110	0	8	0
WIDE01010672T	132	112	0	10	22	0	19	0	5	16	26	2	24	5	17	82	8	15	7
WIDE01010686T	1	5	1	12	0	14	21	17	4	2	3	5	7	10	20	0	10	5	0
WIDE01010532T	228	199	32	0	153	91	4	39	12	11	45	1	44	9	37	0	13	29	32
WIDE01010703T	9	9	19	7	0	6	17	23	0	8	22	13	2	6	39	14	1	1	12
WIDE01010712T	41	18	6	1	0	55	19	26	1	1	0	39	39	14	2	25	5	0	19
WIDE01010721T	40	115	24	0	2	38	26	36	12	22	20	60	28	7	10	16	29	22	39
WIDE01010663T	44	94	2	0	0	41	12	13	10	0	27	3	28	10	26	57	18	8	11
