NMF_Replicate	L1	L1 %	L2	L2 %	KL Divergence	Correlation	Convergence Iterations
1	685.987	30.81	223.441	18.168	8.627	0.938	1000000.0
2	670.924	30.822	218.089	18.038	0.244	0.938	1000000.0
3	674.056	31.302	219.004	18.643	8.668	0.934	1000000.0
4	672.056	31.409	215.664	18.309	8.666	0.933	1000000.0
5	675.682	31.44	220.191	18.396	0.257	0.935	1000000.0
6	677.97	30.836	219.417	18.234	8.648	0.938	1000000.0
7	668.674	30.957	219.819	17.943	17.027	0.94	1000000.0
8	643.059	31.193	210.487	18.037	0.254	0.936	1000000.0
9	666.237	31.004	218.376	18.206	0.251	0.936	1000000.0
10	662.849	31.442	216.07	18.417	17.028	0.934	1000000.0
11	673.263	31.124	218.196	18.107	0.238	0.938	1000000.0
12	660.691	31.063	216.135	18.504	8.655	0.937	1000000.0
13	679.691	30.947	221.841	18.767	8.668	0.936	1000000.0
14	706.233	31.57	240.228	18.816	8.638	0.934	1000000.0
15	661.357	31.122	214.736	18.491	8.661	0.933	1000000.0
16	664.958	30.799	221.364	18.025	0.247	0.941	1000000.0
17	664.631	30.765	217.024	18.089	17.045	0.937	1000000.0
18	679.316	30.837	221.775	18.102	8.639	0.938	1000000.0
19	720.013	30.908	246.817	18.504	8.634	0.937	1000000.0
20	668.446	31.053	216.906	18.102	0.248	0.94	1000000.0
21	669.386	30.6	216.918	17.804	8.644	0.939	1000000.0
22	651.003	30.783	214.034	18.172	0.256	0.939	1000000.0
23	664.152	30.937	216.253	18.34	8.654	0.938	1000000.0
24	669.522	31.025	222.674	18.693	8.66	0.937	1000000.0
25	650.672	31.294	212.897	18.385	17.02	0.935	1000000.0
26	664.699	30.516	215.11	17.89	8.653	0.941	1000000.0
27	652.475	31.113	212.283	18.294	8.858	0.935	1000000.0
28	669.929	31.327	221.571	18.633	0.25	0.937	1000000.0
29	658.96	30.88	214.901	18.581	0.263	0.937	1000000.0
30	674.63	31.252	218.992	18.805	8.661	0.934	1000000.0
31	662.346	31.0	215.051	17.977	8.631	0.939	1000000.0
32	671.758	31.833	216.268	18.861	17.012	0.931	1000000.0
33	651.132	31.014	213.769	18.324	8.658	0.935	1000000.0
34	659.763	30.871	212.408	17.977	8.627	0.939	1000000.0
35	657.875	30.593	212.861	17.757	0.242	0.94	1000000.0
36	666.124	31.04	218.346	18.382	17.042	0.939	1000000.0
37	658.788	30.858	214.503	17.685	25.426	0.94	1000000.0
38	658.098	31.232	215.183	18.511	0.256	0.936	1000000.0
39	655.17	30.949	212.026	17.935	25.406	0.938	1000000.0
40	652.976	31.257	213.164	18.531	25.446	0.936	1000000.0
41	676.571	31.063	222.815	18.6	0.261	0.936	1000000.0
42	658.463	30.858	213.343	17.994	17.037	0.938	1000000.0
43	670.133	31.014	218.053	18.17	25.435	0.937	1000000.0
44	647.09	30.606	213.55	17.669	8.649	0.942	1000000.0
45	676.379	31.155	221.522	18.479	0.247	0.938	1000000.0
46	664.668	30.913	215.474	17.971	8.625	0.939	1000000.0
47	673.445	31.125	218.444	18.144	0.24	0.939	1000000.0
48	662.887	31.084	216.895	18.068	0.241	0.937	1000000.0
49	656.83	30.598	215.441	17.626	17.029	0.943	1000000.0
50	660.841	30.744	212.098	18.173	8.628	0.939	1000000.0
51	667.473	31.32	219.292	18.834	25.453	0.931	1000000.0
52	669.567	31.135	217.928	18.852	0.261	0.934	1000000.0
53	672.434	30.829	218.069	17.928	8.622	0.939	1000000.0
54	673.016	30.768	222.969	17.569	17.031	0.94	1000000.0
55	689.03	31.028	229.565	18.657	0.26	0.934	1000000.0
56	649.634	31.081	212.388	18.26	25.412	0.937	1000000.0
57	679.839	30.753	221.961	17.678	8.646	0.941	1000000.0
58	672.968	30.835	218.569	18.085	8.648	0.938	1000000.0
59	675.415	31.095	222.956	18.243	0.247	0.939	1000000.0
60	665.757	31.553	216.931	18.556	50.649	0.933	1000000.0
61	681.542	30.97	223.228	18.143	0.239	0.937	1000000.0
62	653.859	30.572	215.454	18.026	0.246	0.939	1000000.0
63	659.339	30.784	214.026	18.163	8.645	0.937	1000000.0
64	668.756	31.242	224.979	18.453	8.659	0.937	1000000.0
65	668.14	30.669	219.467	17.864	8.616	0.94	1000000.0
66	672.513	31.241	219.441	19.057	0.262	0.935	1000000.0
67	658.244	31.219	216.216	18.502	8.668	0.936	1000000.0
68	664.468	30.856	217.921	18.116	8.632	0.939	1000000.0
69	658.536	30.984	215.398	18.229	8.64	0.939	1000000.0
70	663.163	30.766	214.713	18.111	0.247	0.939	1000000.0
71	648.241	31.263	212.527	18.603	17.026	0.935	1000000.0
72	708.153	30.996	235.819	18.01	17.063	0.938	1000000.0
73	661.216	30.649	215.582	17.658	8.618	0.939	1000000.0
74	664.58	30.979	216.918	18.157	0.252	0.939	1000000.0
75	658.159	30.956	213.688	18.122	8.646	0.938	1000000.0
76	658.936	30.966	215.133	18.275	0.245	0.936	1000000.0
77	675.609	30.494	220.526	17.448	0.234	0.943	1000000.0
78	689.506	31.016	221.194	18.276	0.249	0.939	1000000.0
79	677.469	31.049	219.016	17.992	0.244	0.94	1000000.0
80	666.062	31.434	216.932	18.799	0.272	0.933	1000000.0
81	706.127	31.971	242.684	19.205	25.444	0.931	1000000.0
82	692.073	31.175	233.722	18.895	8.673	0.933	1000000.0
83	660.661	30.858	215.793	18.098	0.242	0.939	1000000.0
84	672.293	30.907	221.431	18.317	0.249	0.939	1000000.0
85	666.301	31.233	217.847	17.886	8.641	0.938	1000000.0
86	668.119	30.869	214.93	17.627	8.619	0.941	1000000.0
87	653.743	31.126	211.111	18.234	8.624	0.938	1000000.0
88	688.362	30.932	224.447	18.121	17.022	0.939	1000000.0
89	674.14	31.091	217.075	17.935	17.039	0.938	1000000.0
90	696.516	31.41	239.633	19.14	8.643	0.933	1000000.0
91	655.316	30.977	211.228	18.084	8.645	0.937	1000000.0
92	650.19	31.375	213.213	18.341	0.24	0.936	1000000.0
93	670.362	31.079	215.87	18.139	25.462	0.934	1000000.0
94	716.595	31.126	245.667	18.995	0.265	0.936	1000000.0
95	693.754	31.176	235.41	18.772	0.251	0.935	1000000.0
96	658.532	30.601	214.399	17.705	0.246	0.941	1000000.0
97	662.54	30.753	217.898	17.813	8.626	0.939	1000000.0
98	679.974	31.616	229.823	18.856	0.271	0.935	1000000.0
99	716.33	31.708	234.897	19.376	8.661	0.931	1000000.0
100	656.697	30.822	214.506	18.114	0.26	0.938	1000000.0
