Samples	ID83A	ID83B	ID83C	ID83D	ID83E	ID83F	ID83G	ID83H	ID83I	ID83J	ID83K	ID83L	ID83M	ID83N	ID83O
SP97749	0	74	37	0	126	0	30	0	15	0	9	36	29	0	7
SP49235	14	57	52	0	35	72	30	19	11	81	21	16	9	0	10
SP50177	2	34	0	189	81	0	12	134	18	0	14	0	14	0	3
SP97775	49	171	39	0	43	285	126	91	120	0	20	0	0	48	14
SP97685	9	46	0	60	57	80	130	4	36	39	11	0	11	16	2
SP97747	11	89	123	29	53	0	53	15	26	0	20	105	51	0	10
SP97771	18	73	73	102	103	90	77	24	16	0	11	54	0	30	5
SP97681	40	88	123	0	121	0	49	108	47	0	23	84	0	10	2
SP98082	22	144	13	0	67	152	24	36	10	0	45	95	0	23	10
SP49334	8	69	31	138	82	0	34	55	18	0	17	0	17	13	2
SP49124	29	0	0	129	31	0	561	74	0	152	184	104	0	4	12
SP115501	35	292	0	46	42	79	0	0	11	0	33	0	0	34	8
SP98305	50	329	109	141	103	35	17	19	70	184	56	0	0	43	5
SP49247	39	141	150	0	205	61	50	0	21	145	39	1	0	49	2
SP49328	22	78	93	213	0	45	40	0	0	0	21	0	22	26	8
SP98092	24	55	9	208	88	1	28	0	9	0	38	0	64	13	14
SP120755	2	7	0	0	51	37	12	0	0	0	6	0	22	0	2
SP49417	32	157	28	0	77	105	39	88	27	0	47	0	71	1	2
SP49175	12	330	63	71	0	0	12	93	7	0	10	20	24	0	0
SP49223	5	98	3	17	0	0	21	38	6	0	51	15	26	5	0
SP49187	20	31	131	92	0	7	44	14	32	0	1	0	42	0	3
SP49157	16	94	252	26	87	0	28	32	23	0	26	32	57	35	2
SP49379	12	194	58	157	0	0	20	129	16	0	16	19	0	29	1
SP49541	53	194	120	0	11	125	33	13	30	0	90	63	74	22	6
SP98164	22	147	217	0	165	49	52	25	35	18	30	17	53	51	1
SP49481	10	0	6	0	65	20	43	6	13	0	7	12	0	0	0
SP98078	7	0	94	169	65	90	108	58	23	67	14	32	12	42	4
SP106677	26	121	23	0	64	50	20	38	30	0	26	25	75	0	0
SP106743	12	54	1	40	0	40	8	0	8	0	13	0	75	8	8
SP98359	46	224	32	60	44	23	58	64	35	0	30	2	42	32	10
SP98192	5	309	16	3	0	0	5	43	5	0	15	41	0	0	0
SP98053	28	167	123	0	115	40	46	0	20	28	8	101	11	68	6
SP106631	9	0	30	162	34	0	37	10	115	0	16	0	0	9	3
SP49551	17	68	92	115	0	107	5	5	24	27	11	7	0	0	4
SP49651	0	102	2	0	16	23	70	63	3	0	475	0	16	18	10
SP98265	32	179	0	269	26	58	49	0	11	0	16	193	0	11	4
SP98297	28	52	177	93	51	92	62	135	19	0	17	0	0	21	7
SP98060	3	0	2	0	7	42	0	17	3	0	2	0	14	0	0
SP98289	15	108	80	98	0	0	36	222	53	0	61	0	38	43	4
SP115498	68	115	189	0	91	96	0	13	18	235	9	47	0	21	20
SP98096	31	63	105	217	0	19	34	0	36	155	15	16	22	12	10
SP49114	17	89	194	0	212	118	144	0	42	0	46	138	39	46	11
SP98090	98	767	352	186	42	241	17	52	27	0	16	0	0	81	0
SP49286	14	75	95	73	74	43	59	65	26	0	13	0	14	45	7
SP49469	55	169	0	48	102	37	65	0	22	0	47	59	56	21	1
SP49205	28	109	0	0	34	18	18	0	9	32	49	46	2	22	3
SP98327	13	34	47	248	104	0	38	23	26	22	16	0	0	31	8
SP49449	18	253	0	1	0	36	7	0	5	2	9	34	4	26	0
SP49391	4	72	18	0	96	0	53	17	8	0	6	30	19	4	5
SP49531	84	259	153	346	11	19	40	104	7	0	26	0	0	33	13
SP49322	48	255	0	85	71	78	11	11	14	0	15	0	15	23	7
SP49433	16	123	22	0	50	7	25	50	26	0	4	23	28	6	0
SP109384	14	70	26	0	26	51	34	24	1	25	23	0	47	0	3
SP98065	38	6	24	0	72	39	45	166	13	174	9	0	0	22	7
SP49591	48	94	0	0	31	101	10	35	17	0	34	0	0	29	0
SP49385	10	83	30	0	70	139	74	39	29	0	40	100	0	15	2
SP98313	29	366	26	17	21	11	8	14	12	0	15	81	0	22	8
SP49119	27	177	47	13	78	56	17	75	24	0	7	56	0	35	6
SP109301	44	162	212	0	118	28	46	22	34	0	3	10	46	26	0
SP115830	30	180	12	199	0	35	14	8	15	0	24	30	14	11	2
SP49229	0	657	0	0	0	14	4	38	34	110	12	27	2	0	1
SP98853	21	114	123	0	135	0	53	10	176	170	45	38	38	0	7
SP98855	6	180	52	0	97	8	43	30	8	0	14	0	30	12	3
SP98859	19	175	18	0	110	23	32	9	6	0	46	0	0	0	2
SP98865	26	80	0	5	0	36	28	5	20	0	0	40	38	5	0
SP98879	20	13	105	0	38	65	55	38	22	87	23	66	4	8	1
SP98871	12	85	3	59	0	0	10	122	34	0	10	70	0	0	0
SP98867	27	191	138	106	0	23	76	76	57	0	55	46	0	20	0
SP98861	37	79	106	0	22	201	26	54	11	0	90	82	26	29	10
SP98877	13	0	168	20	42	15	35	25	39	128	15	0	0	18	10
SP98889	30	90	65	308	0	0	58	46	58	18	27	99	0	0	14
SP98887	34	114	115	270	60	0	33	114	73	36	39	0	0	30	9
SP98875	16	154	94	203	56	0	74	136	42	0	17	0	0	12	5
SP98851	8	21	15	0	16	0	13	1	5	11	9	0	16	5	0
SP98833	10	31	44	0	0	97	4	10	17	0	45	82	8	3	3
SP98873	20	135	197	12	33	86	41	59	35	0	57	44	0	34	0
SP98883	36	266	96	0	17	76	18	45	47	0	45	37	30	27	1
SP98849	0	0	9	104	0	5	22	50	37	22	13	8	9	21	7
SP98869	37	139	20	0	50	0	26	29	16	122	9	1	34	0	8
SP98893	42	162	34	199	8	37	0	43	120	99	32	113	0	3	2
SP98847	23	88	100	0	31	79	42	16	3	66	5	0	0	22	2
SP98881	30	119	43	52	0	96	95	108	55	0	38	70	63	36	13
SP98841	12	0	102	79	0	0	0	36	8	68	35	20	17	0	1
SP98845	8390	0	23	565	136	0	0	0	0	0	1	0	8	88	3
SP98839	21	56	67	0	85	6	45	75	11	0	11	64	73	21	2
SP98843	10	3	75	197	0	0	20	42	14	28	19	0	3	19	0
SP98863	3	78	17	48	0	0	20	27	5	0	2	0	10	18	0
SP98891	35	62	152	77	34	15	77	0	42	25	17	0	27	33	8
SP98885	37	119	145	0	11	0	55	58	139	0	32	54	39	15	9
SP107047	19	91	211	30	108	76	74	47	59	35	29	4	0	21	3
SP107050	11	127	72	12	84	127	20	54	24	0	0	0	0	4	0
SP99261	23	100	142	0	70	0	59	42	31	0	27	40	48	18	1
SP107052	19	110	47	50	59	0	7	33	27	29	23	37	21	0	0
SP99269	14	70	104	43	53	82	32	28	18	16	22	2	0	0	0
SP99271	4	20	121	0	13	34	13	61	13	0	0	12	0	0	0
SP107056	30	137	184	241	0	66	50	0	38	82	25	57	0	15	1
SP107060	28	169	107	0	117	0	56	0	9	0	26	4	72	0	4
SP99279	9	131	132	0	93	0	58	41	28	27	2	0	60	1	4
SP107063	11	44	15	70	5	87	16	29	25	0	28	0	28	0	0
SP107068	27	166	78	5	96	0	13	11	22	92	8	21	13	0	0
SP107071	22	81	136	80	0	181	98	94	45	0	4	0	16	17	2
SP107073	1	5	16	0	0	22	0	0	0	0	5	0	0	0	0
SP98896	35	233	192	0	184	48	82	10	49	63	32	0	10	33	9
SP99003	39	229	0	423	19	0	50	12	24	0	19	17	3	0	7
SP107076	29	75	174	111	65	38	654	79	24	0	225	204	0	32	20
SP107078	17	55	27	37	34	35	31	9	11	0	23	38	7	0	2
SP107080	33	109	73	0	0	111	229	25	17	0	79	32	25	35	14
SP98898	13	183	150	0	55	76	59	27	29	0	0	36	42	27	9
SP107084	20	119	136	0	80	74	45	0	25	0	22	56	36	0	18
SP107088	18	21	0	103	36	0	36	10	5	0	9	5	15	0	4
SP107091	35	101	103	0	79	57	34	54	17	131	18	0	6	12	8
SP107094	11	25	23	93	0	1	4	25	8	0	3	5	6	0	0
SP112224	26	96	73	0	63	46	35	27	19	0	37	105	20	21	5
SP107097	16	126	59	0	80	78	46	29	10	0	3	33	25	23	6
SP107101	45	219	148	36	52	300	106	115	160	0	23	1	0	10	3
SP98900	16	101	0	147	21	143	22	0	43	0	15	31	0	20	1
SP107104	10	43	29	0	34	106	47	13	57	54	0	0	1	2	8
SP107109	13	81	0	3	20	35	19	44	8	52	3	1	13	0	0
SP107111	31	206	44	0	156	80	36	0	60	0	11	15	0	28	0
SP107115	3	0	1	6	1	0	0	0	0	0	0	0	4	0	2
SP98902	18	89	127	149	133	0	138	19	59	0	67	46	0	15	3
SP107119	25	227	116	28	61	82	30	14	48	30	19	21	17	4	6
SP98904	11	20	46	0	36	0	0	107	19	0	4	0	76	0	0
SP98909	17	54	279	0	140	5	81	0	76	124	15	27	33	0	3
SP107121	40	199	147	20	71	98	58	177	82	0	35	67	0	0	5
SP107123	9	107	85	205	0	0	46	26	13	0	10	76	0	18	5
SP98907	28	152	192	0	94	116	46	60	52	0	12	131	0	15	15
SP107132	7	16	18	0	9	20	7	13	9	0	1	0	0	0	0
SP107136	28	119	90	0	138	0	132	69	101	92	29	0	36	34	5
SP107141	14	51	29	0	39	5	22	43	18	0	12	11	0	9	3
SP98913	27	36	89	136	79	58	57	22	22	95	37	40	0	9	3
SP107146	24	130	41	92	36	122	43	0	21	0	6	0	66	11	2
SP107150	16	60	67	76	42	68	35	64	47	0	0	0	0	14	4
SP98915	21	155	49	0	27	0	17	35	42	0	0	0	51	26	3
SP107152	11	153	192	0	95	22	19	14	20	0	19	36	72	9	14
SP107155	10	121	21	0	79	78	28	0	47	0	6	23	22	0	0
SP112125	6	18	56	118	9	43	35	78	26	0	2	7	0	0	0
SP98921	11	73	40	7	46	85	22	27	22	0	28	0	6	15	7
SP112130	16	97	82	0	61	29	19	69	14	20	10	45	19	13	2
SP112133	20	7	23	237	10	0	56	115	112	6	43	18	0	3	6
SP98925	18	104	39	0	0	41	30	11	17	3	26	26	26	0	2
SP112138	79	172	0	13	8	39	27	58	24	0	1	6	35	0	2
SP112141	30	0	224	310	0	0	63	81	16	0	114	6	0	0	3
SP98927	21	73	29	233	0	141	41	28	87	0	31	0	0	0	2
SP112147	24	81	61	0	75	168	43	8	5	48	9	1	0	10	7
SP112152	59	140	41	0	28	0	0	58	9	19	24	20	3	51	5
SP112156	9	78	43	0	59	101	0	0	20	0	5	27	0	2	0
SP98933	25	74	64	84	82	10	24	22	8	34	7	38	22	0	0
SP112160	22	85	44	275	21	0	19	41	11	0	16	10	0	18	7
SP98937	0	0	26	50	1	5	2	46	11	0	0	6	3	0	0
SP112165	8	112	29	88	99	1	29	17	12	0	7	0	76	10	2
SP112168	11	103	139	209	0	217	50	22	68	0	27	7	0	11	2
SP98941	8	122	196	107	61	148	24	94	60	31	14	19	0	13	5
SP112170	30	105	246	0	0	142	65	39	116	110	1	37	14	29	6
SP112174	15	37	18	23	0	43	70	51	21	0	24	0	47	0	12
SP98945	13	89	54	0	40	0	48	0	18	0	40	21	6	5	0
SP112178	26	35	83	315	1	123	126	107	194	0	43	0	0	28	4
SP112180	33	200	104	0	82	0	52	39	23	0	28	77	4	27	6
SP98949	38	160	294	27	154	4	57	47	27	62	0	13	22	11	8
SP112182	18	55	100	69	113	20	44	0	30	0	4	7	0	4	0
SP98953	42	483	62	0	0	81	35	12	31	287	27	127	11	0	8
SP112186	22	104	105	88	18	67	44	39	47	0	16	0	0	20	3
SP98955	39	193	219	0	325	0	191	218	111	0	84	135	0	2	10
SP112188	8	46	97	0	70	12	17	1	15	0	7	12	36	0	4
SP112190	19	74	203	11	87	62	126	76	131	137	43	77	0	21	6
SP112192	54	50	103	117	30	90	94	34	56	0	20	0	35	0	0
SP112194	32	138	114	64	0	86	35	49	107	0	27	0	35	12	0
SP98959	4	72	11	56	17	14	9	45	10	0	21	0	28	4	1
SP112196	41	107	61	250	0	84	47	84	31	0	43	0	15	25	2
SP112198	16	37	63	50	0	89	19	72	59	0	0	52	0	0	2
SP112201	10	13	41	61	5	0	11	39	5	0	7	8	12	0	0
SP98965	30	141	34	247	0	79	11	54	12	0	31	27	17	33	0
SP112205	23	96	80	177	24	67	54	0	34	0	27	0	37	17	1
SP112208	53	193	24	198	25	73	47	91	93	0	57	0	0	25	1
SP98967	21	8	41	245	0	0	11	16	37	14	6	0	0	0	5
SP112210	29	246	95	0	171	41	65	53	92	0	29	70	24	4	3
SP112211	39	238	53	0	66	10	31	114	73	0	73	101	2	61	15
SP98973	242	220	104	0	167	201	83	0	118	0	317	166	72	0	2
SP112213	21	99	161	3	60	84	45	15	10	0	19	73	54	28	5
SP50097	43	254	425	0	119	34	28	43	315	0	48	81	0	33	6
SP112215	19	80	224	31	96	6	18	63	28	0	38	36	4	28	4
SP112217	36	103	214	0	65	68	103	145	33	0	113	0	12	20	5
SP98975	10	31	90	0	32	20	46	21	27	75	4	19	0	0	2
SP112219	54	35	161	0	14	127	127	138	108	198	25	10	0	0	2
SP112221	6	43	43	0	27	58	0	28	0	0	6	15	9	0	0
SP112228	34	112	170	0	39	15	55	20	74	0	49	35	36	18	8
SP50099	25	166	127	0	16	0	36	27	22	234	43	0	18	14	9
SP98981	34	38	63	21	0	17	31	36	17	152	14	0	39	13	6
SP112234	43	115	218	38	86	0	59	86	67	77	30	0	78	32	2
SP98985	18	98	190	103	70	82	39	34	24	97	0	0	4	5	1
SP112237	38	103	0	0	96	107	7	0	7	43	15	0	17	2	1
SP98989	10	133	46	0	0	0	0	61	15	19	14	33	5	0	1
SP112241	7	139	13	242	5	0	62	10	49	0	12	0	15	0	0
SP112245	20	49	33	33	62	0	37	0	10	39	4	0	0	7	1
SP98991	19	48	0	0	26	77	48	0	14	0	10	33	11	0	3
SP112248	37	105	139	0	46	0	124	56	67	0	40	58	21	25	2
SP112051	41	115	100	67	29	73	79	99	98	0	43	0	18	0	9
SP98997	25	0	223	303	65	0	61	77	122	0	58	0	0	24	3
SP112252	63	163	96	50	83	27	41	88	44	216	7	0	32	11	0
SP99001	7	73	32	0	78	0	8	11	30	0	11	38	27	0	0
SP112257	0	0	1	12	30	0	3	2	0	0	0	0	0	0	0
SP99007	28	106	21	0	76	10	34	19	17	0	17	0	49	7	0
SP112261	11	30	20	0	54	37	42	31	0	0	6	74	2	0	3
SP50101	15	57	48	0	75	84	40	59	12	0	21	69	20	11	4
SP112265	23	133	0	21	66	45	36	52	77	0	29	15	14	39	3
SP112268	26	61	124	117	87	0	54	23	41	0	48	143	4	45	3
SP99011	29	54	193	21	91	140	79	43	40	65	36	8	0	48	9
SP112269	16	58	0	369	49	61	16	0	41	0	25	0	22	23	2
SP99013	3	154	0	26	1	24	117	64	71	0	146	30	71	34	85
SP112273	99	217	177	321	18	18	30	32	66	236	62	0	0	20	5
SP112274	6	4	0	54	18	49	10	15	0	0	4	0	0	0	2
SP50105	19	71	100	54	125	8	45	47	40	0	42	12	0	20	1
SP112276	1	49	16	0	47	31	3	0	23	0	2	16	17	0	0
SP99019	40	173	16	105	0	167	42	49	4	0	14	18	0	10	1
SP99021	19	98	124	0	30	32	41	0	37	0	49	63	28	5	5
SP112283	3	26	3	0	13	85	22	24	29	0	3	0	0	4	0
SP112288	23	143	47	0	89	62	18	72	42	0	23	65	0	20	1
SP99025	34	97	59	38	19	135	40	0	46	124	33	0	0	14	5
SP112290	17	137	301	50	84	18	102	126	76	0	56	55	2	7	5
SP99029	8	52	217	61	0	13	25	53	28	0	2	0	0	0	2
SP99033	35	99	201	0	32	145	4	63	34	21	16	1	0	15	0
SP99037	0	11	28	14	39	0	0	4	11	0	8	0	25	2	0
SP99041	14	32	85	172	0	93	22	20	27	61	23	0	0	0	4
SP99045	51	81	151	0	54	0	81	84	71	182	12	0	47	5	8
SP112300	11	129	0	51	23	94	6	0	2	0	35	12	15	2	2
SP99049	11	5	96	0	137	49	155	45	73	174	53	4	25	15	7
SP112304	9	140	56	0	96	85	38	23	29	0	59	18	29	17	0
SP50107	41	94	134	280	77	86	41	66	87	0	30	0	0	32	13
SP112310	26	0	57	330	23	0	73	157	27	0	9	0	0	30	4
SP99053	20	33	67	137	10	0	19	53	22	0	18	0	26	0	4
SP99057	0	4	12	0	9	38	1	13	22	0	22	0	8	0	0
SP99061	70	153	299	0	98	280	21	65	251	0	26	0	0	49	0
SP50109	9	95	24	0	169	0	47	68	69	0	44	30	0	4	1
SP99065	41	135	65	0	44	24	32	0	32	0	8	38	52	6	6
SP106993	48	128	263	206	144	0	41	70	36	0	25	0	0	50	5
SP50111	26	176	0	74	41	56	6	3	15	0	16	25	0	0	7
SP99069	7	132	128	0	98	0	175	13	77	0	89	0	49	40	2
SP99073	17	120	132	84	23	0	38	28	122	0	51	81	31	0	2
SP99077	0	82	25	0	97	142	34	14	21	0	13	39	5	0	1
SP99081	34	85	43	4	162	40	38	25	34	58	34	8	0	4	0
SP99085	20	200	103	0	139	20	87	84	32	0	0	89	21	5	1
SP99089	15	168	112	0	87	0	33	29	25	0	16	26	39	20	2
SP99093	15	0	174	253	22	0	15	128	9	0	8	0	0	0	0
SP99097	11	117	0	0	2	29	5	28	1	0	5	0	24	11	5
SP99101	22	325	0	32	26	39	12	6	15	0	12	18	17	0	5
SP106998	15	144	147	0	112	0	0	186	27	12	0	159	0	0	0
SP99105	10	77	45	0	0	43	20	23	14	0	5	12	59	12	5
SP99109	26	271	20	187	0	147	37	0	38	0	7	15	36	34	4
SP50113	65	158	122	97	230	146	79	18	133	0	32	0	3	65	7
SP50115	8	40	22	117	47	76	33	19	47	22	21	0	0	6	3
SP50117	23	28	31	56	6	7	45	87	55	204	12	0	39	0	2
SP107004	20	125	186	0	85	0	79	2	55	0	52	19	24	43	8
SP99117	34	87	21	203	0	188	10	0	8	0	9	0	0	21	1
SP99121	20	93	151	123	92	8	25	70	18	109	33	7	14	12	3
SP107007	25	86	114	236	143	0	69	12	43	0	23	12	35	17	1
SP99125	21	0	98	203	33	0	49	50	31	0	6	0	0	0	4
SP99129	16	199	78	34	40	73	74	36	69	0	75	20	38	0	6
SP99133	17	50	131	0	30	0	58	73	40	13	10	0	52	3	1
SP50119	63	82	75	75	0	130	78	31	6	0	30	0	11	33	2
SP99137	38	86	210	138	0	108	93	29	72	0	25	0	3	13	16
SP50121	1	66	40	0	0	137	16	0	58	0	7	4	0	0	0
SP50123	78	212	91	180	93	32	39	35	28	0	23	0	0	40	3
SP99141	79	165	27	58	76	77	38	0	13	19	0	0	37	14	8
SP50125	25	77	57	142	77	19	37	102	15	0	45	0	4	5	4
SP99145	53	170	19	86	18	0	3	12	16	0	7	24	35	3	0
SP99149	39	87	99	108	104	0	52	31	43	0	15	0	12	14	0
SP50129	23	125	68	80	66	78	28	32	28	12	4	0	17	14	6
SP99153	5	6	70	0	73	0	2	76	5	0	13	19	0	0	1
SP99157	33	73	29	44	5	73	34	49	16	79	7	0	33	11	8
SP99161	16	69	6	133	0	43	49	46	34	0	13	0	37	15	5
SP99165	36	76	38	0	0	155	32	31	25	43	15	44	8	0	5
SP50131	162	230	112	98	79	55	92	29	73	159	162	13	51	9	5
SP50133	8	95	72	26	25	4	20	47	23	0	10	30	0	0	1
SP99169	10	34	27	0	7	15	5	32	7	0	8	14	0	5	0
SP50135	25	43	31	93	7	30	47	74	42	0	18	25	12	3	8
SP50137	10	81	5	0	26	0	12	22	0	75	19	0	22	0	3
SP99173	5	92	75	4	48	121	62	30	60	41	6	0	0	24	4
SP99177	35	162	135	0	13	134	16	0	6	0	1	62	2	33	1
SP99181	5	75	64	0	79	0	9	37	36	0	13	87	0	0	2
SP50139	2	47	22	0	1	45	13	30	7	0	19	51	34	0	0
SP107010	25	15	4	282	0	88	30	16	23	53	25	38	0	19	13
SP99189	11	38	24	0	47	55	19	13	27	0	4	0	1	0	0
SP50141	0	0	5	0	0	3	4	0	0	0	2	12	2	2	0
SP99193	6	102	85	23	80	1	8	29	9	0	16	43	0	0	0
SP50145	14	27	0	130	3	139	16	43	9	0	13	10	0	12	8
SP50147	26	0	160	327	32	0	61	136	20	0	8	7	0	20	8
SP107012	26743	2619	62	0	0	126	0	11	178	0	0	0	0	21	13
SP50149	49	117	90	113	42	26	89	0	40	0	27	30	59	19	0
SP107017	18	62	2	127	0	0	28	101	15	40	19	0	20	0	0
SP107019	27	162	70	0	161	63	28	15	36	0	20	51	0	23	5
SP107023	13	0	65	254	0	0	39	58	13	5	3	0	0	5	3
SP50151	18	20	15	50	2	165	22	0	26	58	10	13	9	0	2
SP50153	33	58	172	336	0	47	59	0	42	0	32	0	19	14	0
SP99197	55	144	0	163	137	174	482	0	2	0	385	131	39	0	8
SP50155	39	55	176	272	0	56	62	231	45	0	5	0	22	10	10
SP99201	20	112	1	78	10	1	27	79	21	0	4	11	0	0	2
SP50157	9	74	45	0	167	38	63	0	37	0	18	0	55	1	4
SP99205	11	47	24	73	0	7	43	42	32	0	3	39	0	0	0
SP50159	28	70	28	150	53	124	81	0	34	90	40	29	0	2	4
SP50161	18	16	164	191	0	44	85	25	43	0	101	0	17	27	3
SP107025	16	0	0	129	7	211	109	0	69	0	43	23	0	2	5
SP107028	2	0	29	0	20	10	10	9	18	0	0	0	30	6	0
SP50163	20	98	78	0	82	27	33	63	80	0	26	0	14	15	0
SP99217	11	58	8	50	29	0	21	41	5	0	7	9	12	23	2
SP50165	35	0	141	0	48	100	39	0	43	120	37	33	5	4	6
SP107030	25	64	47	97	55	117	19	27	9	0	5	0	0	0	2
SP50167	24	42	133	0	103	0	88	36	55	74	43	7	5	0	6
SP99229	16	155	15	0	0	81	26	24	26	140	24	0	7	1	4
SP99233	16	70	0	110	51	0	55	63	63	0	10	0	0	14	3
SP107032	0	7	10	0	23	15	19	0	11	0	4	0	2	0	2
SP50169	15	24	137	241	0	46	34	141	75	0	20	13	15	15	3
SP50171	19	11	202	82	0	37	44	29	31	216	25	0	0	25	0
SP50173	11	39	78	22	53	0	22	37	14	32	15	23	1	0	0
SP50175	0	3	2	17	0	17	7	14	6	0	0	0	0	0	0
SP107034	6	25	83	32	0	105	19	19	20	0	11	0	0	0	1
SP50179	6	130	74	0	111	28	17	45	46	0	0	56	0	0	0
SP99237	42	0	11	34	0	83	34	31	14	130	20	7	30	6	4
SP107037	17	40	128	69	42	37	70	84	81	42	23	27	56	17	3
SP107041	15	130	55	13	40	55	25	0	5	0	12	6	20	8	2
SP50181	14	72	107	0	2	0	24	162	74	0	19	6	0	23	0
SP99249	56	123	43	0	77	70	25	0	19	6	25	13	22	0	2
SP99253	54	114	104	170	10	40	39	59	36	0	24	2	0	24	3
SP50183	29	110	168	31	27	199	44	34	12	0	29	27	0	0	0
SP99257	94	221	160	0	61	48	142	128	50	0	35	83	3	29	6
SP107044	6	5	17	78	45	0	10	48	3	0	12	15	1	0	1
SP50185	9	93	0	116	0	71	24	50	17	0	46	78	12	0	4
CPCT02020315T	63	0	101	0	0	68	26	47	28	289	23	31	25	43	67
CPCT02020321T	1	3	1	0	0	8	5	0	0	0	3	0	7	0	43
CPCT02020330T	68	152	49	0	90	44	24	61	33	85	30	47	0	68	26
CPCT02010372T	122	308	0	0	0	0	23	0	12	0	223	164	91	21	95
CPCT02020326T	36	236	74	0	139	0	50	4	11	0	20	80	23	37	78
CPCT02020403T	31	68	97	130	73	0	62	69	15	0	26	22	62	23	50
CPCT02040063T	157	0	255	0	90	86	38	106	25	333	42	54	58	13	66
CPCT02060054T	64	177	321	0	72	0	158	143	20	0	34	156	0	62	87
CPCT02060053T	6	144	0	0	0	26	1	14	9	103	1	0	36	8	24
CPCT02020886T	159	114	17	270	2	63	10	63	0	1	145	0	43	20	78
CPCT02130167T	65	130	34	0	151	0	0	0	24	13	18	63	42	46	48
CPCT02080186T	75	206	90	0	61	39	48	22	30	37	11	113	38	38	44
CPCT02130172T	24	71	2	0	0	70	62	0	13	276	111	0	0	2	50
CPCT02020413TII	3	18	2	0	87	209	373	353	28	0	41	0	0	0	222
CPCT02130180T	42	147	39	0	210	8	78	59	26	0	19	135	19	64	39
CPCT02130057T	68	144	129	0	98	86	54	0	40	0	0	25	52	10	110
CPCT02130186T	95	272	118	0	66	79	23	22	26	180	24	0	45	54	40
CPCT02130184T	57	86	31	137	70	0	45	97	255	185	52	29	0	64	52
CPCT02020690T	39	144	152	0	191	32	132	0	35	0	29	0	27	73	65
CPCT02080215T	27	179	0	164	47	0	41	51	16	60	24	12	0	28	95
CPCT02050360T	78	185	0	119	106	25	65	0	49	0	33	18	46	24	175
CPCT02130096T	58	106	153	0	150	38	107	6	40	182	22	0	56	7	147
CPCT02020759T	91	137	88	150	120	36	68	58	11	158	0	0	29	34	112
CPCT02130127T	45	138	57	0	42	7	33	64	19	0	41	101	61	33	48
CPCT02060242T	52	314	105	105	169	0	46	93	2	0	26	0	0	84	92
CPCT02050386T	48	5	22	208	0	0	41	63	27	147	0	0	28	24	99
CPCT02290055T	4	233	0	0	0	47	21	0	20	0	34	40	50	21	50
CPCT02130048T	28	154	0	189	0	66	43	0	6	0	13	44	7	16	76
CPCT02130155T	15	92	23	148	36	0	42	44	15	25	21	1	2	15	93
CPCT02130156T	59	190	71	23	144	15	44	52	62	0	29	21	0	5	121
CPCT02130157T	48	145	32	0	0	0	31	24	14	493	260	0	48	0	202
CPCT02130158T	17	244	3	93	5	39	94	58	3	0	177	39	6	32	155
CPCT02020852T	90	142	25	376	17	1	51	24	13	0	39	0	45	17	137
CPCT02020839T	6	0	7	28	0	37	23	17	11	0	0	0	6	0	42
CPCT02130159T	6	99	40	0	0	50	31	56	1	184	256	0	41	34	79
CPCT02020861T	45	130	87	282	0	53	93	18	19	0	4	0	20	24	134
CPCT02060276T	45	160	85	0	1	112	25	36	22	0	9	0	24	35	93
CPCT02350014T	11	271	11	0	0	35	21	20	11	0	5	0	0	509	75
CPCT02030315T	96	51	0	103	171	2	147	0	0	0	490	0	20	20	76
CPCT02090015T	108	0	157	202	0	58	0	12	47	98	21	74	21	30	51
CPCT02020533T	121	268	6	0	0	23	31	13	19	0	23	50	126	16	41
CPCT02020546T	7	66	0	0	0	39	17	53	4	0	35	0	0	28	21
CPCT02050224T	22	139	248	0	121	0	51	31	49	315	18	30	9	44	132
CPCT02180031T	37	156	283	55	69	0	120	12	29	0	12	64	0	19	216
CPCT02080057T	93	212	0	0	0	0	11	26	3	0	2	21	89	30	26
CPCT02020421T	57	47	105	150	0	46	117	25	9	135	11	0	15	23	86
CPCT02080054T	28	110	71	0	65	10	75	78	60	145	55	6	126	34	84
CPCT02020413T	4	49	0	0	0	313	465	848	13	0	151	15	8	25	51
CPCT02020448T	0	16	16	0	12	0	65	15	24	0	4	35	0	0	60
CPCT02190014T	33	17	65	95	52	8	25	91	7	90	16	0	0	6	52
CPCT02080101T	18	127	41	0	40	0	56	16	25	0	60	53	10	30	65
CPCT02030336T	179	112	0	55	2	261	61	102	10	0	50	10	53	67	42
CPCT02050295T	19	0	67	0	36	26	0	46	20	417	32	0	0	16	96
