hdp.1	hdp.2	hdp.3	hdp.4	hdp.5	hdp.6	hdp.7	hdp.8	hdp.9	hdp.10	hdp.11	hdp.12	hdp.13	hdp.14	hdp.15	hdp.16
1	0.0217208376618116	0.00388211441863864	0.0579776138047938	0.0110298058958883	0.0503066615718399	0.0263265139845934	0.0279299934754367	0.0458629048985224	0.103161329214271	0.00350738428601054	0.182112023784777	0.0287607698142168	0.0446346892005319	0.220492305757714	0.00996693329855209	0.0116925714285714
2	0.0145557121001187	0.00107504712587251	0.0432536420677089	0.00405744337152045	0.0408043529931112	0.0104211396863017	0.0107332671899846	0.0170173892892856	0.156843376688307	0.0149515430034663	0.0713694985997158	0.0265018926183402	0.0226136360064005	0.0242677327353289	0.00250639671969414	0.0109127619047619
3	0.00725440044089714	0.00130508820429273	0.023543834995476	0.0043952200509368	0.0268142776781283	0.00376896424190664	0.00872833013042004	0.00962774753968239	0.148205596118477	0.00730251648060212	0.0276504689917753	0.00698663960279222	0.0130222823712115	0.00890981205824256	0.00227774716966652	0.00623542857142857
4	0.00516564584336027	0.00375301522590062	0.011682634630635	0.00472795724104584	0.0145884012748309	0.0027834152709705	0.00390376819789842	0.00685522120962334	0.0511446238025621	0.00914730547635104	0.0145854257623062	0.00272623109847174	0.0214925227680691	0.00147230649124737	0.00164031198932863	0.00104304761904762
5	0.00288496918115994	0.00902085394917377	0.00740910102280048	0.00146459339894967	0.00428997722434448	0.00294305626015311	0.00316002309221232	0.00062672086889447	0.0349950076457356	0.00801574576454044	0.0157760575938864	0.00355808661754765	0.00511593874862857	0.00102782013060389	0.00161744703432586	0.0048392380952381
6	0.00760477775577579	0.0359864616575683	0.00437191867378038	0.00415221194966323	0.00249167162506666	0.00613946828679791	0.00115081608809109	0.0026911297612052	0.0239860413532754	0.00728681548721115	0.00768664906913425	0.00567416123207571	0.00259117444569144	0.000454965410403251	0.00596139083345942	0.00617028571428571
7	0.0187398623873068	0.00220345542966959	0.0540774172693921	0.0150729816223569	0.0655188297606114	0.0142567999064375	0.0114918294434828	0.0241695198853644	0.0291289027164591	0.00430829040433012	0.0541757992992646	0.0328242958043225	0.0239665953052352	0.0698254015659193	0.0094080342680063	0.0203542857142857
8	0.0120994624100371	0.00183835237746867	0.0440710564246024	0.0104204203771816	0.0480254950563747	0.0095053486530979	0.00387013248000414	0.00939225358176933	0.0285808682736585	0.0082730244186202	0.0207630620631399	0.0198699284373302	0.0363255621677528	0.0218461989866759	0.00209502635534009	0.0098792380952381
9	0.0141404910861322	0.00288589851543804	0.0468864922627739	0.0107545974213784	0.0382155041448555	0.0100031394493163	0.0109938966821149	0.0159312930090297	0.017924948990528	0.00748828565983192	0.0471939655126135	0.0172431785946748	0.0716903385424035	0.0172659809875107	0.00584646958135858	0.0136053333333333
10	0.0139385780936386	0.0119931264959162	0.0429610596760759	0.0080004837909735	0.0272639492253595	0.0111692413954277	0.0142166307332491	0.0177122313991599	0.0185781339431395	0.00845615085638814	0.087228585757385	0.025963316735193	0.145629190912263	0.013056022746524	0.0135481817290718	0.016559619047619
11	0.0142958785825738	0.0353899769343075	0.0339792189625261	0.00675743157780651	0.0165172686404319	0.0100889256331632	0.0103884669660317	0.0125649479060596	0.0136274643451103	0.00807046605833867	0.0608321494875719	0.0167139985619328	0.184476373707556	0.00116492103162752	0.00595184720006696	0.00148647619047619
12	0.0946603732244742	0.668199219694138	0.0411137643208313	0.0180601552712469	0.0464108483585247	0.0730088492169175	0.0131376685678367	0.0501351071279433	0.0220411741857001	0.00531626308895437	0.136388997470599	0.0037882490904494	0.0211306071380294	0.125993981532421	0.0149397627731095	0.0464537142857143
13	0.00597707032135371	0.00100898981856109	0.00383604038387321	0.276334178614947	0.00262038899540845	0.00671935038835653	0.00595738702741365	0.00515298070773199	0.00774337534054474	0.00431295406573337	0.00918327347413837	0.00130760113539169	0.00412685987695654	0.00993239266396656	0.0407757701463616	0.00265904761904762
14	0.00322874866249676	0.000274933308463537	0.00585152141323199	0.0505797179797067	0.00524591107169634	0.00187824701347332	0.0010892232383624	0.00162517817766167	0.00421161172907203	0.000822048050014348	0.00259552728879761	0.00320283740337426	0.000350126847302255	0.0054167954716533	0.00831528824456992	0.00224914285714286
15	0.00188626482407522	0.000215982479088642	0.00369420803546282	0.0108405305312551	0.00417763496753063	0.00144696403037484	0.000336638907243537	0.00244544078763529	0.0054124555869491	0.0027215573395615	0.0022470839238109	0.00392517029978859	0.000327335200676519	0.00552769874827751	0.00910204152236063	0.00184533333333333
16	0.00228872816402559	0.000635235507603182	0.00186741996154505	0.00908168331508864	0.00146169845331881	0.00270862819304858	0.000413951315747319	6.975680498895e-05	0.0072994482477356	0.00209818126532596	0.00406120831525665	0.001500753999064	0.000458583648486792	6.6367315145196e-05	0.0186864341824317	0.000726857142857143
17	0.00241838672319281	0.00183847513345834	0.00209097734528651	0.0123753495409418	0.000516157630941478	0.00220981959464891	0.000475847903800139	0.000642013392379738	0.00630519176052289	0.000351329159045467	0.000843675070189025	0.00107894486751672	0.00022320095316238	9.25649395446154e-05	0.0433008564814493	0.00171619047619048
18	0.0216833126525213	0.0134365047918961	0.00879239607502116	0.0192258480511509	0.00192242661772947	0.0101218203154239	0.000233293042958204	0.00120028590749255	0.00624577337720112	0.00443032287771538	0.00134843205028156	0.00176627642807064	0.000489234483604161	0.000138847409316923	0.248677660004482	0.00144190476190476
19	0.00910479850096501	0.0016448925839695	0.00632251578571214	0.0630796148992436	0.00185334471745278	0.00801758700587864	0.00644861113362247	0.00936275891080487	0.0206632017904628	0.00333902610935291	0.0155868459918042	0.00273505315648574	0.00425614352764391	0.00402919463263071	0.00964423919446962	0.00124380952380952
20	0.0100451353277483	0.000344608878955561	0.020968753241313	0.0257599713495216	0.00816912256286492	0.00798659108062829	0.00280681944129175	0.00652423757297784	0.0491643726539075	0.0202572351265733	0.00984475701477995	0.0204450835854135	0.00385768267111811	0.0279450059468607	0.00453839532950488	0.00113371428571429
21	0.0077869702464852	0.00363581728713121	0.0114943892683053	0.0118523552675033	0.00751685046023828	0.00456294402582364	0.00187502069492458	0.00257426871275361	0.0549131012402878	0.00855533138889744	0.00355273482617516	0.0155626841290818	0.00544484578700342	0.00930277642423385	0.00211729483325582	0.00192571428571429
22	0.00668601704329722	0.00216816247493713	0.00991206220144749	0.00271189972646699	0.00290221074962381	0.00389527434789371	0.00217035559209063	0.00704192084126434	0.0278516161070052	0.00425636830737384	0.00149571592502904	0.0149484393743511	0.00424828433915228	9.78044644244993e-05	0.00137726559394902	0.00498438095238095
23	0.00823948645859508	0.00228115024788269	0.00892720360330358	0.00168188047038201	0.00349779451227203	0.00344779205949055	0.00130159795499765	0.00228676381935054	0.00762474720586513	0.0101969402028444	0.00602212104691801	0.00484409881422216	0.00318690093335723	0.00186876387382525	0.00565997107881431	0.00447428571428571
24	0.460018045277511	0.116000477182917	0.203535751190547	0.020468180337274	0.0395182429889629	0.157336043572334	0.0105121148759824	0.116120574105865	0.0272562222083969	0.0189548299520234	0.0308946234530823	0.0159177181711085	0.0251886991156841	0.00498278816076958	0.0170994074795443	0.0150906666666667
25	0.00707228275146951	0.00237029297368671	0.018809396652242	0.0072673362686286	0.0315539166909951	0.00624856983825858	0.00510494762173464	0.00811016221442064	0.0100414981494136	0.0821225691053574	0.00791558602285389	0.00248695967136041	0.0340342157630172	0.0114256572547335	0.00298397604070837	0.012064380952381
26	0.0102395456615566	0.00328703713533861	0.0201746786442902	0.0108175583137633	0.0241278710170366	0.00934113183057949	0.00479174058549638	0.00606407163901205	0.0120260471165247	0.199798405463075	0.00875136007022936	0.00688084663067315	0.0837282575550379	0.0106921237715497	0.00147568431330874	0.120744761904762
27	0.00340581140747197	0.00184827130451501	0.00493748161216602	0.00679925279426593	0.00302472158110758	0.00281656654201641	0.00170645032703505	0.00560829446847073	0.0103609971389464	0.0431324943095558	0.00437075221949229	0.0048887828966833	0.0145222084948397	0.00189670800651797	0.00159000908832255	0.0352868571428571
28	0.00206344562890482	0.00544695794328625	0.00189099547656593	0.00583468145126297	0.000315557610869765	0.00314195533346903	0.000728443737357277	4.70769840624918e-05	0.00843540756483645	0.0248193841666208	0.000839352907883352	0.0010327545800288	0.000763127202537575	9.78044644244993e-05	0.00326610970287289	0.0112544761904762
29	0.00132254794499457	0.00343489854800241	0.000640550159858563	0.000969807176049519	0.000170621266342373	0.00101515931674649	0.000106590141747457	4.6313720858236e-05	0.00434751459036345	0.00119856098063741	0.00326039698207357	0.00250022862040585	0.00101304939657151	0.012966950823566	0.00400872367622349	0.00400342857142857
30	0.00331059117819602	0.0107952395173729	0.00147665067496204	0.00723035819773726	0.0012793960124276	0.00387530318744681	0.000369860836696252	0.00157327627977227	0.00432389745204876	0.00860181254754991	0.00496365928686359	0.203292994532834	0.0199049666927592	0.0432121081926958	0.00919986376463332	0.00590819047619048
31	0.00308365490389354	0.000576035520031436	0.00780940301763107	0.00675487910919631	0.0196446908739638	0.00439759821265042	0.00509180323570764	0.00441752209163122	0.000816126516425782	0.00390768188979022	0.00170951154583071	0.00502376755670234	0.00920310972370237	0.00793264066814421	0.00145619939513247	0.0056632380952381
32	0.00824605455186825	0.00208848046817841	0.0145222814977106	0.00433167012733415	0.0100463273235691	0.00393211194448678	0.00437871809274025	0.00465778644457089	0.000610582305580984	0.00689879885846005	0.00631013672871392	0.00742487354153629	0.0154582378441932	0.00718338861032082	0.0012529995341514	0.101062857142857
33	0.00170729239336375	0.000858980783781024	0.00334459681466843	0.00377189412674355	0.000632940100303133	0.00294014825392101	0.000500358265956323	0.000199102658710157	0.000473803190041145	0.00834577753651103	0.001629840604986	0.00471198311615889	0.00106609891889003	0.00257609973260958	0.000754543515091168	0.0296811428571429
34	0.000579996521902616	0.000309301339353047	0.000650349373928111	0.000780008228111633	0.00100684503166369	0.000440554391203165	0.000329481247605254	2.22164111238743e-05	0.000366232549448801	0.000247174054372696	0.000280059599589929	0.00316482365746029	0.00180407671825438	0.0027664691365787	0.000537028204021409	0.0134967619047619
35	0.000233391715042834	0.000211763805423915	0.000374843855349346	0.000512522607345376	0.000402146634906363	0.000249327322564279	0.000107769879006411	4.78402472667476e-05	0.000213680857437314	0.00349836787396424	0.000410853186304934	0.0597946181859912	0.00512026130229897	0.00592153636841545	0.00148502912100552	0.00565104761904762
36	0.000272394725563713	0.000372276377458542	0.000324392253204667	0.000944282489947528	0.000196784364893271	0.000530916408385821	0.000106286403423323	1.5674155087396e-05	2.81653151279413e-05	0.00291541019855694	0.00100238376886552	0.160583690309902	0.00630896356165848	8.0339381491553e-05	0.00100546154303453	0.00669257142857143
37	0.00228700863576472	0.000302740578637923	0.00561860899179095	0.0035419101601733	0.014360633009192	0.00328360944881017	0.0056355652679822	0.00122661848803938	0.00153878591301958	0.00495296386564054	0.00147820703823663	0.00137989897667713	0.000976897129509995	0.00540631642189353	0.00143512387139079	0.00594628571428571
38	0.00632574072505517	0.00171990013987413	0.0135865795567559	0.00469398977415627	0.00391198339395638	0.00570561086288807	0.00347515820650813	0.00304337572996925	0.000802857523521063	0.0244478458081612	0.00335983424480028	0.00688041628637978	0.00458662240371708	0.00210890876415327	0.00204392815155131	0.0725291428571429
39	0.00208648081881456	0.000742146251357257	0.002291102717142	0.00375703745047393	0.000426123782664497	0.00215065877374475	0.000524507663727304	0.000170943698353148	0.000425692659163343	0.00238530735238657	0.00359097357421707	0.00230277231379989	0.000278608232028394	9.60579561312047e-05	0.00124922184593355	0.0238830476190476
40	0.00103634742622948	0.000544134762993668	0.00156952453717907	0.00427682477617141	0.000416121106045821	0.00106167031054102	0.000119681703718091	0.000695823448279772	6.72212187720198e-05	0.00135650364682776	0.00147886775094578	0.0321722524758245	0.00462238171135401	0.00266429840142096	0.000706030045346176	0.0111161904761905
41	0.000417573198871607	0.000215214342598838	0.00060163005962627	0.000457415464530307	9.41227473045177e-05	0.000727497629675567	6.14563875830611e-05	1.71734220957556e-05	3.70113103977539e-05	0.00525703458913299	0.0002980640209142	0.0387720842829299	0.00636790747534573	8.64521605180842e-05	0.000397253739961042	0.00625942857142857
42	0.000368363868877809	0.00033351465446359	5.97451385007352e-05	0.000419586570768894	0.000119807669119499	0.000250293806988476	3.22270763910601e-05	2.29796743281301e-05	0.000192191765154515	7.75722346741982e-05	0.000488321751452487	0.0101371901745225	0.00214870213361249	6.98603317317852e-05	0.00146216416600275	0.00954171428571429
43	0.0170514072998701	0.000318055907606297	0.0353425158278747	0.00530959284460584	0.116338360278495	0.126522689795603	0.0723209225531279	0.10697665365948	0.00700995053461315	0.0153482651335035	0.00599170073260101	0.0153611395516888	0.00341521035903917	0.00373403473106392	0.0028032434833387	0.0130586666666667
44	0.00377993407382721	0.000794120651220331	0.00415992354262308	0.00531018187582358	0.00258749238771913	0.00364941097392943	0.00592584666375542	0.00325204643813276	0.00112732195379495	0.0108190726340391	0.00546511270341039	0.00149021056387654	0.00200605786248935	0.000171157812742874	0.00164349320045945	0.0202293333333333
45	0.000832031780515981	0.000240418213467593	0.000401272349361881	0.00174582308146315	0.00117597321554494	0.000716729453657303	0.000713375675277425	5.30740520959303e-05	4.25191942449958e-05	0.00204750281141055	0.00070305338192545	0.00426471194725413	0.000432255367039821	0.000123128834677271	0.00107624349069526	0.0141946666666667
46	0.000252548954162995	0.000150557182813141	0.000201734657011261	0.000232078299788878	0.000152889692277852	7.76950841540226e-05	7.73124085037821e-05	2.84588137586807e-05	0.000245685000701212	0.00268284894991445	0.000432161171174943	0.000989648426643333	0.000238526370721065	8.90719229580262e-05	0.000481357009232074	0.00478171428571429
47	8.24949991693182e-05	3.23225028636572e-05	1.80711447746991e-05	0.000215258186126796	1.80926462936833e-05	4.45267071891063e-05	9.03291363945572e-06	1.1667023265053e-05	2.19898089961852e-05	5.00566323949736e-05	6.13636928620811e-05	0.000321467187144181	0.000114744151977843	6.72405692918433e-05	0.000324881186734906	0.00268038095238095
48	1.93969637099887e-05	4.03672741073417e-05	3.64805469388282e-05	2.1794155056316e-05	3.97277039167125e-05	4.53563442612045e-05	2.71427609653431e-05	2.82134791573127e-05	9.0129008409412e-06	4.71029801729099e-05	0.000127847909220056	0.000231238333635172	9.2345464776689e-05	3.23104034259507e-05	0.000681176833386652	0.00632952380952381
49	0.00856064350890239	0.00265540652145182	0.00282969731638853	0.0941862226121754	0.00130707171085742	0.0122297228445973	0.00716225092918175	0.00604548072810839	0.00647435055686166	0.00226343033438141	0.0084853130860126	0.00526935070011637	0.000708898801945306	0.00816405301700575	0.0304513482469837	0.00602895238095238
50	0.0030728817168755	0.000415826799456382	0.00389828999375225	0.00942993166059812	0.00606681366405051	0.00300187496267702	0.00053622580023229	4.52778636524603e-05	0.00361121066332989	0.0124431149900338	0.00132101247285193	0.00707134570453637	0.00109006944378951	0.000128368359557155	0.00620256640231465	0.00144571428571429
51	0.00178586528195063	0.000479379155335068	0.00145783468058233	0.00214610251787284	0.00208813925349702	0.00273641675848411	0.000480324742577588	0.000174105788770779	0.00151558603863271	0.00223467108906132	0.00433496361441346	0.00173012750742792	0.000196086752866246	9.95509727177939e-05	0.00542635088639478	0.00394285714285714
52	0.0013242539549515	0.000831305992843012	0.000344879034083679	0.0030687871965033	0.000606718449498857	0.00121646177168364	0.000909335316395364	0.000130054598125158	0.00055245744043547	0.000693486450664525	0.00174799806113856	0.000289765157532908	0.0012531476049909	6.6367315145196e-05	0.00797847751609444	0.00135771428571429
53	0.00309456147151043	0.00319189516631676	0.000615669449658268	0.00172402892640683	0.000694244309589497	0.00281765276787369	0.000764997984366069	0.000248305875984504	0.000278899209355792	0.000736081224814285	0.00111514540456004	0.000683745358109211	0.000251101072307678	8.38323980781423e-05	0.0409694263739502	0.000306285714285714
54	0.0213441618384527	0.0149548942899982	0.00294039631800613	0.00636402417227043	0.00384215007309468	0.00725811841356902	0.000593760001629798	0.00424308919005862	0.000931541718861168	0.00572557710478035	0.0115356034265772	0.0207593783676682	0.00127593925161664	0.00168625375717597	0.188385159570544	0.00366971428571429
55	0.00334516198746588	0.000511907061785398	0.00102825121274756	0.0283344959064294	0.000752415973320158	0.00544989447957268	0.00406742152654075	0.000154206426659824	0.00145345543978012	0.00777867630987481	0.00205506429271489	0.0023502536341679	0.000235775654748993	0.220056551938537	0.00835405925522678	0.0010567619047619
56	0.00178768304322011	8.22501592950392e-05	0.00228674978871641	0.00565947738794237	0.0023639106081967	0.00240806864304235	0.000256130643329304	0.00210314449992671	0.00104741591161716	0.00470983165115066	0.00219177676411601	0.00386018831149037	0.000255423625978076	8.90719229580262e-05	0.00169021723894335	0.000501333333333333
57	0.000444458401742786	9.54713440040286e-05	0.000565983197566441	0.00269305072749937	0.000179901798502725	0.00022631986149269	0.000785779848543394	5.71084433184253e-05	0.000189229191266983	0.00105958387082031	0.000235874437165685	0.000640639204723746	0.000165435917748877	8.81986688113788e-05	0.00167967947707251	0.000229714285714286
58	0.00010703973301876	7.50476642972942e-05	3.15399390083659e-05	0.000434770486603925	0.00015571971785777	9.07982181174707e-05	0.000133407154365178	2.08261817161226e-05	9.7222495182375e-06	0.000485642607459309	0.000350012557670928	5.97461327289387e-05	0.000146966824793539	4.10429448924238e-05	0.00145182522982759	0.000380952380952381
59	0.000141077019893213	0.000104222266039763	0.000113743318122468	0.000239277570227901	2.79099074433303e-05	0.000179406878601363	0.000142620550197235	1.21849518679409e-05	1.3894888796451e-05	0.00178385048674634	0.000230864032454649	0.000435508424886093	0.000121424462195732	5.23952487988389e-05	0.00261853441205552	7.61904761904762e-05
60	0.00116434143157184	0.00066919880834854	0.000339641169659475	0.00083923858945087	0.000109512231233934	0.000291040106075856	0.000147198635082729	2.89222235612645e-05	0.000182803326778534	0.00143003404161914	0.000595715096385183	0.000449135994176007	0.000147359784218121	0.00273503198729939	0.0196994511019019	0.00202019047619048
61	0.00558715286867773	0.00175739662539142	0.00130061674606484	0.0280395876100818	0.000254741337028215	0.0102448974027177	0.00401127395662298	5.00755180792111e-05	0.00328324121606231	0.00715716570020057	0.00389052419872686	0.00230241369355542	0.00117652051719748	0.00181374886258647	0.0208677508896953	0.00163619047619048
62	0.00220298066092888	0.000173607354536434	0.00341825150703148	0.001623631827739	0.00202272662776533	0.00126754859881397	0.000930953561465231	4.55231982538282e-05	0.000291333674404868	0.00397343951557616	0.00136610611525126	0.00464979836576755	0.00107042147256043	0.002587452036516	0.00217455663361057	0.00170971428571429
63	0.000463263263740306	0.000155664318145663	0.000105331301023714	0.000441642517477538	0.000115738287509754	0.000264696990796862	0.000438893074363867	0.000747152898765975	6.17967877103422e-05	0.000574563084881436	0.000808519648123131	0.000484352502183101	0.000152468256737682	0.000102170735157736	0.00182541871200317	0.0014072380952381
64	0.000306560886935705	0.000222665995793434	3.01971596745681e-05	0.000842183745539561	3.1920736799697e-05	0.000280331800774135	9.85212671367732e-05	5.15202662872667e-06	5.47033009373792e-05	0.000925581333166685	0.000789496628038924	8.04026588104925e-05	0.000175652862788	6.28742985586067e-05	0.00291140466178656	0.0013112380952381
65	0.00051040249079112	0.000260563565237357	6.38383945869688e-05	0.000440268111302815	0.000129907932827137	0.000441734699615016	9.49380353129345e-05	1.74187566971235e-05	0.000198492450464617	7.15094748499622e-05	0.000402236391389801	0.000586989616150821	0.000155218972709754	0.000105663751744325	0.00724978134144118	0.00449333333333333
66	0.00101169094106748	0.000163123263775289	0.000195222348079407	0.00153710968664455	0.000520012320955504	0.000326902665285215	0.000208175204153753	2.63325805468252e-05	0.000154679738043375	0.000921539493283861	0.00103236360804309	0.000891529927755952	0.000213769926972421	0.000106537005890972	0.006056827167384	0.00432419047619048
67	0.0259042147020146	0.00460435718398795	0.000182047393598174	0.0571709118582849	0.000866124449379489	0.263756721193551	0.0238702886631308	0.00646718364845972	0.0112677951068878	0.00493555286306837	0.00666661876499525	0.000869654092843195	0.00035366348212349	9.25649395446154e-05	0.0644439809596561	0.00842438095238095
68	0.00875991051870531	0.000329771204481637	0.0123715145962864	0.00445327234984056	0.00329104650559566	0.00417306591969452	0.0119374839970622	0.0173337073686493	0.00115081391293129	0.00492094005733816	0.00618151798799986	0.00696591135266177	0.00317825582601643	0.0165647579077529	0.00470202887704639	0.00301485714285714
69	0.000736071649404511	8.34850116267485e-05	0.000328232670434155	0.00212443925864269	8.79064497375942e-05	0.000760657453680977	0.000934756893523949	2.80499227564008e-05	0.000455902567537609	0.00180530332920133	0.000289474755695282	0.00344103296975218	0.000284109663972537	8.99451771046735e-05	0.0013665290063825	0.000613714285714286
70	0.000375362745436456	6.65228077474825e-05	9.0195137032049e-05	0.000447729173394167	5.98013681163385e-05	0.000310634936304486	0.000157371667938861	3.23296485802637e-05	0.000202915448099523	0.000437917805765964	0.000226431751364117	0.001475650581951	0.00023027422280485	7.16068400250799e-05	0.000855348142799001	0.000609142857142857
71	0.000183437977112203	3.0292775113702e-05	4.7205697902674e-05	0.000288036265474014	3.50044888109181e-05	0.00036797397683383	3.24471766259396e-05	5.58817703115856e-05	5.67478941837039e-06	7.49294932123517e-05	0.000315435259225538	9.76164305451207e-05	0.00017801061933549	0.000140593917610218	0.00018928206228374	0.00209942857142857
72	0.000123995291037611	7.30215827648539e-06	0.000102485155514672	0.00018345050036893	9.12927217245996e-05	7.58989626577275e-05	2.1327712759826e-05	9.26819605167761e-06	2.04876588560284e-05	4.44602387110635e-05	0.000219439208525639	0.000349654738359635	0.000201981144234971	6.28742985586067e-05	0.000585342848070725	0.00012647619047619
73	0.00987103579499623	0.00317325691778648	0.0194014598362076	0.00953752802970497	0.0289218367623289	0.00784618569737505	0.00461371030951173	0.00788262800135196	0.00988172779145082	0.1990901507513	0.0057645256794391	0.0131922760371746	0.0780095190491011	0.0111479624360996	0.0052857811195517	0.0780308571428571
74	0.00278101522632001	0.000271915455767047	0.00654201408078044	0.00222745427383381	0.0159832818483369	0.00301497809664047	0.00335352641470901	0.00463641507485172	0.000212178707297157	0.00525299274925016	0.00223530121383111	0.00593832090415336	0.0130446810584126	0.00252807075454398	0.000964901101116585	0.00320952380952381
75	0.00498568928012214	0.00135225932028285	0.00952676653443889	0.0043005169207071	0.0103710093272569	0.00301328461065825	0.00436478134586768	0.00473092341517868	0.000695829326034887	0.0156551340538379	0.00527419426016295	0.00816678710329877	0.00816412500510847	0.00221981204077748	0.00211113123668986	0.0436026666666667
76	0.0027592029923065	0.000950915296795609	0.00514061371637199	0.00341664285453429	0.0154286553869264	0.00384850676531399	0.00424236599723239	0.00261308609857005	0.00148729554432643	0.00335410528122345	0.00195025873922636	0.00447055996758073	0.00496032681649424	0.00480464431485353	0.0013991364204734	0.0122925714285714
77	0.00259759887849411	0.000747841643115515	0.00759705937886042	0.00126910048257364	0.00841802819197317	0.00310452758267004	0.00729673657469784	0.00605987369138864	0.00115936782345163	0.0111057323549594	0.00186400820098638	0.00813465472939413	0.00793502966057737	0.000103917243451031	0.00131344254563696	0.0270784761904762
78	0.00495903028353685	0.000975483510410935	0.00977367734501625	0.00552229856212244	0.00434208872985056	0.00300264472903258	0.00395528926087902	0.005276193196419	0.000604782336984268	0.0154270810112186	0.00717054985420135	0.00306225826754146	0.00160170261459483	0.00228792586421597	0.00200098180128525	0.023336380952381
79	0.0135746428211307	0.00131407491506109	0.0291928666518678	0.0110656059043442	0.0978648218178812	0.0442286194443974	0.0964372040427694	0.122786642337834	0.0060968101549689	0.0294710755056109	0.00903604465878332	0.0176429684432116	0.00296566477731775	0.0078549210490926	0.0039484794904336	0.00489942857142857
80	0.00899894387259145	0.000207005491566984	0.0180862877721734	0.00481533020501035	0.0586999611954699	0.0184621789071463	0.21229639176567	0.138099910226617	0.00469038035985425	0.0131700243474216	0.0155346496877816	0.00608571382463111	0.00165789581231	0.00422043729074648	0.00657238219627238	0.00713371428571429
81	0.00598371682078972	0.000392249141599269	0.010685691018487	0.00835396796952955	0.0238792093556508	0.00984375504891891	0.168567260074214	0.0836669497737102	0.00251877197390081	0.00687345963150235	0.00633221554507794	0.00846580466313904	0.00230745774114348	0.00218138885832499	0.009415589644442	0.00857866666666667
82	0.00336207608935265	0.000241439154371762	0.00660346075645224	0.00348379241335645	0.0116018947977611	0.00400472657069414	0.0928991499931421	0.0374961226910709	0.000782036053522778	0.00326005477625774	0.00402855809554627	0.0011970743760456	0.00197855070276863	0.000112649784917504	0.00458293228533635	0.00619771428571429
83	0.00528958345630108	0.000401133758277216	0.0052984876652205	0.00441583614355764	0.00609631424104394	0.00554273685501213	0.0776873360478853	0.0347014617280884	0.00198963958703055	0.00277487853493875	0.00606410383364509	0.00391462686460113	0.00110343006422529	0.0108676478550258	0.00589597717958195	0.00407085714285714
