MutationType	ID83A	ID83B	ID83C	ID83D	ID83E	ID83F	ID83G	ID83H	ID83I	ID83J	ID83K	ID83L	ID83M
1:Del:C:0	1.72E-03	1.04E-03	2.14E-03	1.57E-03	5.80E-03	1.93E-03	5.77E-03	5.19E-03	1.41E-03	3.32E-03	4.51E-03	5.32E-03	4.20E-03
1:Del:C:1	7.60E-04	4.48E-04	1.01E-03	6.33E-04	3.03E-03	8.87E-04	3.02E-03	2.07E-03	6.39E-04	2.15E-03	2.19E-03	3.90E-03	1.69E-03
1:Del:C:2	7.02E-04	3.28E-04	6.13E-04	2.26E-04	1.68E-03	5.60E-04	1.89E-03	1.24E-03	3.80E-04	1.71E-03	1.20E-03	1.77E-03	1.88E-03
1:Del:C:3	8.90E-04	2.26E-04	3.90E-04	1.03E-03	1.78E-03	4.76E-04	8.66E-04	1.22E-03	1.45E-04	9.06E-04	1.30E-03	2.41E-03	1.46E-03
1:Del:C:4	8.08E-04	3.49E-04	5.31E-04	1.25E-03	1.88E-03	3.69E-04	9.06E-04	6.60E-04	4.28E-04	8.20E-04	1.27E-03	2.34E-03	1.55E-03
1:Del:C:5	2.91E-03	5.64E-04	3.99E-04	3.98E-03	1.93E-03	8.56E-05	8.61E-04	1.37E-03	7.85E-04	3.76E-04	4.01E-03	7.36E-03	5.25E-03
1:Del:T:0	2.23E-03	2.73E-04	1.23E-03	8.04E-04	6.49E-03	5.09E-04	6.20E-03	3.02E-03	1.28E-03	3.85E-03	4.71E-03	3.64E-03	3.37E-03
1:Del:T:1	4.82E-04	1.14E-03	5.50E-04	4.12E-04	3.65E-03	7.89E-04	3.21E-03	1.24E-03	1.17E-03	8.03E-03	2.18E-03	2.32E-03	1.34E-03
1:Del:T:2	7.36E-04	7.40E-04	1.00E-03	7.34E-04	3.65E-03	6.37E-04	3.30E-03	2.31E-03	6.35E-04	2.37E-03	1.98E-03	3.41E-03	2.67E-03
1:Del:T:3	1.12E-03	7.85E-04	1.06E-03	1.72E-03	4.28E-03	1.25E-03	3.88E-03	2.64E-03	7.08E-04	2.74E-03	2.44E-03	4.71E-03	3.06E-03
1:Del:T:4	2.12E-03	1.52E-03	2.10E-03	2.38E-03	5.64E-03	1.65E-03	3.56E-03	3.69E-03	1.73E-04	1.80E-03	4.96E-03	3.90E-03	4.01E-03
1:Del:T:5	1.54E-02	7.02E-03	1.11E-02	1.28E-02	7.08E-03	3.25E-03	7.15E-03	6.31E-03	1.31E-03	1.85E-03	2.03E-02	6.08E-03	1.14E-02
1:Ins:C:0	2.18E-03	6.41E-04	8.56E-04	1.06E-03	5.62E-03	2.07E-04	1.56E-03	5.72E-09	9.01E-04	3.58E-03	6.07E-03	5.21E-03	5.67E-03
1:Ins:C:1	5.28E-04	1.24E-04	2.20E-04	2.06E-04	7.81E-04	1.94E-04	9.58E-04	6.07E-04	4.50E-04	6.26E-04	7.18E-04	1.07E-03	5.93E-04
1:Ins:C:2	2.45E-04	3.81E-05	1.08E-04	6.26E-05	3.62E-04	2.01E-04	5.40E-04	3.95E-04	2.44E-04	5.61E-04	4.98E-04	7.43E-04	5.37E-04
1:Ins:C:3	2.08E-04	1.20E-04	1.21E-04	1.24E-04	6.28E-04	1.09E-04	3.73E-04	1.55E-04	3.38E-04	6.73E-04	5.83E-04	5.58E-04	5.00E-04
1:Ins:C:4	3.44E-04	1.97E-04	2.52E-04	4.27E-04	5.39E-04	3.34E-04	3.15E-04	5.51E-04	2.79E-04	1.70E-04	6.93E-04	5.66E-04	7.58E-04
1:Ins:C:5	1.61E-03	1.56E-03	2.03E-03	1.76E-03	9.82E-04	6.49E-04	4.15E-04	8.43E-04	8.06E-04	4.26E-04	2.52E-03	2.87E-03	3.07E-03
1:Ins:T:0	7.34E-04	3.95E-04	1.28E-03	2.54E-04	1.75E-03	2.23E-04	1.26E-03	1.36E-03	8.39E-04	2.60E-03	2.90E-03	2.85E-03	2.89E-03
1:Ins:T:1	5.06E-04	4.32E-04	4.07E-04	3.45E-04	2.19E-03	5.38E-04	1.92E-03	2.30E-03	5.13E-04	2.05E-03	1.23E-03	2.71E-03	1.74E-03
1:Ins:T:2	6.54E-04	3.40E-04	3.65E-04	3.66E-04	1.04E-03	3.28E-04	1.04E-03	1.04E-03	2.24E-04	8.82E-04	1.15E-03	1.68E-03	1.81E-03
1:Ins:T:3	3.39E-04	5.10E-04	7.28E-04	3.30E-04	8.71E-04	4.30E-04	6.90E-04	1.34E-03	3.38E-05	1.00E-03	1.10E-03	1.32E-03	1.04E-03
1:Ins:T:4	6.38E-04	1.49E-03	1.07E-03	7.17E-04	1.68E-03	2.40E-04	6.08E-04	9.36E-04	9.89E-05	5.75E-04	1.43E-03	1.23E-03	1.70E-03
1:Ins:T:5	9.88E-03	9.91E-03	1.14E-02	7.17E-03	3.57E-03	6.03E-03	2.30E-03	1.13E-03	2.66E-03	3.11E-03	6.09E-03	3.28E-03	2.15E-02
2:Del:R:0	3.23E-04	2.17E-04	2.23E-04	2.85E-04	2.63E-03	6.59E-04	2.79E-03	5.46E-03	7.39E-04	1.02E-03	7.92E-04	4.86E-03	9.60E-04
2:Del:R:1	2.31E-03	1.13E-03	1.75E-03	7.86E-04	2.50E-03	8.51E-04	1.23E-03	5.68E-03	3.83E-04	1.52E-03	3.97E-03	3.49E-03	4.40E-03
2:Del:R:2	1.07E-03	3.58E-04	4.83E-04	1.87E-04	1.14E-03	4.20E-04	1.06E-03	2.02E-03	3.92E-04	8.16E-04	1.52E-03	1.20E-03	1.54E-03
2:Del:R:3	3.33E-04	1.33E-05	1.10E-04	2.92E-04	3.33E-04	1.80E-04	3.85E-04	6.83E-04	1.93E-04	2.65E-04	6.06E-04	6.96E-04	3.53E-04
2:Del:R:4	2.15E-04	7.38E-05	6.69E-05	3.05E-04	2.29E-04	4.09E-05	2.33E-04	1.17E-04	1.97E-04	2.37E-04	3.47E-04	6.51E-04	3.15E-04
2:Del:R:5	5.36E-04	3.32E-06	1.22E-04	7.37E-04	4.45E-04	1.58E-06	1.28E-04	1.24E-04	4.39E-04	1.39E-08	9.19E-04	1.41E-03	6.75E-04
3:Del:R:0	3.57E-04	5.27E-05	2.56E-04	1.10E-04	6.90E-04	3.75E-04	1.23E-03	9.94E-04	2.60E-04	6.04E-04	6.69E-04	1.49E-03	5.74E-04
3:Del:R:1	1.64E-03	1.14E-03	9.72E-04	3.55E-04	1.50E-03	9.53E-04	3.33E-03	3.52E-03	2.36E-04	4.97E-04	2.60E-03	2.78E-03	3.06E-03
3:Del:R:2	8.39E-04	4.17E-04	5.93E-04	2.61E-04	7.08E-04	4.76E-04	9.10E-04	1.99E-03	3.58E-04	1.03E-04	1.04E-03	1.35E-03	1.31E-03
3:Del:R:3	2.16E-04	4.78E-05	2.13E-04	6.84E-05	2.65E-04	1.70E-05	3.04E-04	5.39E-04	5.72E-05	2.32E-04	3.51E-04	5.13E-04	4.28E-04
3:Del:R:4	9.49E-05	1.84E-05	7.37E-05	1.27E-04	1.76E-04	4.14E-05	2.86E-04	2.00E-04	1.18E-04	1.71E-09	2.74E-04	4.30E-04	2.45E-04
3:Del:R:5	3.07E-05	8.76E-06	5.15E-05	5.68E-05	1.24E-04	3.76E-05	1.30E-04	4.40E-05	8.75E-05	2.33E-04	2.20E-04	2.04E-04	1.31E-04
4:Del:R:0	3.38E-04	6.94E-05	1.69E-04	2.56E-05	4.24E-04	3.55E-04	6.18E-04	6.31E-04	2.95E-04	5.54E-04	2.98E-04	9.46E-04	5.26E-04
4:Del:R:1	1.20E-03	3.97E-04	7.77E-04	4.27E-04	1.28E-03	8.79E-04	2.88E-03	3.63E-03	2.97E-04	8.69E-04	2.83E-03	3.86E-03	2.57E-03
4:Del:R:2	4.63E-04	2.84E-04	5.02E-04	2.34E-04	9.44E-04	5.08E-05	1.25E-03	1.25E-03	2.04E-04	0.00E+00	9.01E-04	1.37E-03	1.48E-03
4:Del:R:3	1.31E-04	1.14E-05	1.68E-04	3.27E-04	4.07E-04	1.57E-05	9.07E-04	7.22E-04	3.09E-04	3.37E-04	7.30E-04	1.05E-03	5.98E-04
4:Del:R:4	8.02E-05	6.68E-07	5.08E-05	8.01E-05	2.66E-04	9.46E-06	3.70E-04	3.79E-04	1.59E-04	2.71E-05	1.45E-04	3.78E-04	3.03E-04
4:Del:R:5	6.03E-05	1.08E-05	7.54E-05	7.76E-05	1.87E-04	1.62E-05	1.31E-04	4.54E-05	1.36E-04	1.13E-04	1.70E-04	1.87E-04	1.12E-04
5:Del:R:0	6.05E-04	3.23E-04	1.03E-03	2.66E-05	2.35E-03	1.99E-03	3.20E-03	2.46E-03	1.27E-03	3.53E-03	1.28E-03	5.45E-03	2.77E-03
5:Del:R:1	7.48E-04	2.51E-04	5.42E-04	4.83E-04	9.81E-04	6.05E-04	1.36E-03	2.18E-03	4.54E-04	3.84E-05	1.75E-03	2.44E-03	1.99E-03
5:Del:R:2	2.35E-04	2.71E-05	2.11E-04	2.43E-04	4.17E-04	1.57E-04	6.17E-04	4.70E-04	1.88E-04	1.72E-04	6.13E-04	8.21E-04	5.55E-04
5:Del:R:3	6.99E-05	9.63E-06	1.29E-04	8.81E-05	1.49E-04	4.24E-05	2.93E-04	2.43E-04	6.66E-05	1.78E-05	1.91E-04	3.06E-04	3.74E-04
5:Del:R:4	2.76E-05	7.73E-10	2.89E-05	5.92E-05	4.63E-05	1.54E-05	5.86E-05	6.16E-05	7.70E-05	1.05E-07	6.03E-05	1.12E-04	6.99E-05
5:Del:R:5	2.31E-05	6.39E-06	2.68E-05	6.41E-06	1.52E-05	2.33E-05	5.58E-06	3.61E-05	6.77E-05	6.60E-06	3.60E-05	2.66E-05	4.78E-05
2:Ins:R:0	9.33E-04	8.93E-05	1.05E-03	8.35E-04	1.06E-03	2.54E-05	8.36E-04	2.10E-04	1.43E-03	1.12E-03	2.48E-03	2.41E-03	1.53E-03
2:Ins:R:1	2.60E-04	2.46E-04	5.58E-04	1.09E-04	7.45E-04	1.12E-04	5.45E-04	1.20E-03	4.13E-04	6.91E-04	9.06E-04	1.62E-03	1.24E-03
2:Ins:R:2	2.61E-04	1.48E-04	1.95E-04	1.52E-04	3.85E-04	2.29E-05	6.19E-04	4.52E-04	1.76E-04	2.75E-04	5.76E-04	8.20E-04	7.18E-04
2:Ins:R:3	1.33E-04	1.01E-04	1.24E-04	3.38E-05	5.09E-05	1.51E-04	4.29E-05	7.80E-05	1.77E-04	1.21E-04	9.01E-05	1.67E-04	2.73E-04
2:Ins:R:4	1.87E-04	2.41E-04	2.37E-04	1.97E-04	1.94E-04	1.98E-04	8.93E-05	1.99E-04	4.48E-04	2.00E-04	2.86E-04	4.02E-04	5.18E-04
2:Ins:R:5	1.96E-03	7.21E-04	2.15E-03	1.90E-03	1.78E-03	2.74E-04	8.83E-04	2.87E-03	1.48E-03	4.88E-04	2.40E-03	3.30E-03	5.71E-03
3:Ins:R:0	1.65E-04	2.92E-05	2.21E-04	7.71E-05	1.09E-04	9.74E-05	1.50E-04	1.09E-04	5.18E-04	6.26E-05	3.77E-04	4.44E-04	2.89E-04
3:Ins:R:1	4.68E-04	3.49E-04	4.86E-04	1.34E-04	6.81E-04	1.76E-04	4.92E-04	9.01E-04	2.10E-04	4.82E-04	9.16E-04	1.22E-03	1.12E-03
3:Ins:R:2	5.16E-05	5.83E-05	8.45E-05	1.13E-05	1.68E-04	8.48E-05	9.70E-05	2.21E-04	9.70E-05	1.04E-04	1.28E-04	1.93E-04	2.37E-04
3:Ins:R:3	2.91E-05	4.46E-06	1.41E-05	2.27E-05	2.29E-05	3.28E-05	1.93E-05	1.44E-05	1.09E-05	3.90E-05	3.13E-05	6.80E-05	2.73E-05
3:Ins:R:4	2.37E-05	5.13E-06	3.23E-05	3.91E-05	4.79E-05	1.75E-05	6.49E-05	6.43E-05	1.64E-05	3.78E-05	5.89E-05	7.57E-05	4.05E-05
3:Ins:R:5	1.05E-04	1.12E-04	1.93E-04	6.61E-05	2.22E-04	8.25E-05	2.17E-04	1.85E-04	1.29E-04	1.84E-04	2.72E-04	4.23E-04	1.75E-04
4:Ins:R:0	2.34E-04	3.90E-06	5.23E-04	3.92E-04	2.41E-04	2.11E-05	1.89E-04	6.52E-05	1.21E-03	2.83E-04	6.88E-04	8.02E-04	3.84E-04
4:Ins:R:1	4.44E-04	3.77E-04	4.08E-04	2.25E-04	6.30E-04	7.03E-05	4.78E-04	1.22E-03	2.17E-04	3.19E-04	9.66E-04	9.52E-04	1.22E-03
4:Ins:R:2	7.44E-05	7.74E-06	5.96E-05	1.44E-04	1.02E-04	9.08E-05	1.33E-04	1.62E-04	1.60E-04	5.83E-05	1.17E-04	2.24E-04	1.53E-04
4:Ins:R:3	8.60E-05	2.78E-05	7.12E-05	7.88E-05	5.75E-05	1.10E-05	3.23E-05	6.04E-05	1.07E-04	1.12E-08	1.05E-04	1.48E-04	1.54E-04
4:Ins:R:4	9.90E-05	3.88E-05	9.93E-05	1.06E-04	1.20E-04	8.45E-08	1.50E-04	1.53E-04	8.92E-05	6.33E-05	2.12E-04	2.12E-04	2.41E-04
4:Ins:R:5	4.03E-04	9.71E-05	4.76E-04	1.93E-04	3.78E-04	4.61E-10	3.42E-04	3.52E-04	7.78E-05	6.12E-05	5.29E-04	6.31E-04	8.38E-04
5:Ins:R:0	1.69E-07	5.31E-08	1.68E-08	1.30E-06	6.32E-08	4.08E-07	3.56E-08	4.13E-08	3.36E-03	2.31E-08	2.65E-07	3.22E-07	1.21E-07
5:Ins:R:1	1.24E-03	7.25E-04	7.41E-04	3.00E-04	2.34E-03	3.53E-04	1.53E-03	2.52E-03	4.46E-04	1.85E-03	3.29E-03	3.01E-03	2.82E-03
5:Ins:R:2	5.45E-05	3.58E-05	4.81E-05	9.92E-05	1.01E-04	1.02E-04	1.92E-04	1.82E-04	1.73E-04	1.90E-04	1.48E-04	2.43E-04	1.40E-04
5:Ins:R:3	6.48E-05	1.42E-05	4.91E-05	6.35E-05	6.54E-05	3.33E-05	3.66E-05	1.83E-05	1.50E-04	4.48E-05	1.18E-04	1.09E-04	1.05E-04
5:Ins:R:4	4.16E-05	5.19E-05	3.31E-05	3.88E-05	6.88E-05	3.11E-06	9.66E-05	1.01E-04	3.32E-05	1.85E-05	1.38E-04	1.34E-04	8.54E-05
5:Ins:R:5	7.74E-05	2.11E-05	3.66E-05	4.28E-05	8.55E-05	0.00E+00	1.35E-04	7.99E-05	3.25E-05	5.71E-05	8.91E-05	1.84E-04	1.29E-04
2:Del:M:1	8.25E-04	7.27E-04	8.14E-04	2.23E-04	2.04E-03	8.28E-04	2.08E-03	3.40E-03	7.07E-04	1.33E-03	1.69E-03	2.98E-03	2.17E-03
3:Del:M:1	2.22E-04	9.22E-05	1.63E-04	8.44E-05	5.86E-04	2.78E-04	8.84E-04	8.15E-04	2.69E-04	6.28E-04	3.52E-04	6.27E-04	4.74E-04
3:Del:M:2	9.25E-04	5.35E-04	5.84E-04	5.44E-04	1.02E-03	5.55E-04	1.61E-03	2.46E-03	3.84E-04	3.62E-04	1.76E-03	1.80E-03	1.30E-03
4:Del:M:1	3.84E-04	1.32E-04	1.99E-04	1.57E-04	6.57E-04	3.47E-04	1.40E-03	1.63E-03	2.98E-04	6.36E-04	8.67E-04	1.81E-03	8.09E-04
4:Del:M:2	4.72E-04	2.07E-04	2.39E-04	3.11E-04	1.22E-03	4.86E-04	2.16E-03	2.72E-03	2.61E-04	2.52E-04	8.67E-04	2.27E-03	1.40E-03
4:Del:M:3	6.87E-04	4.71E-04	4.92E-04	1.32E-04	1.30E-03	6.28E-04	2.60E-03	2.71E-03	2.94E-04	5.16E-04	1.40E-03	2.41E-03	1.29E-03
5:Del:M:1	9.96E-04	3.65E-04	4.68E-04	3.17E-04	1.31E-03	1.39E-03	2.45E-03	1.67E-03	9.90E-04	2.64E-03	1.26E-03	3.58E-03	1.63E-03
5:Del:M:2	7.41E-04	6.38E-04	3.77E-04	2.50E-04	1.22E-03	2.16E-03	8.78E-04	1.25E-03	7.54E-04	1.48E-03	1.40E-03	1.89E-03	1.72E-03
5:Del:M:3	3.63E-04	2.94E-04	3.17E-04	2.25E-04	6.47E-04	1.90E-03	7.70E-04	6.80E-04	5.92E-04	2.57E-04	3.96E-04	8.70E-04	8.97E-04
5:Del:M:4	4.21E-04	1.77E-04	2.72E-04	2.73E-04	9.20E-04	1.18E-03	9.64E-04	6.96E-04	3.15E-04	3.38E-04	6.37E-04	9.85E-04	5.75E-04
5:Del:M:5	7.39E-04	1.82E-04	7.51E-04	6.20E-04	1.41E-03	1.50E-03	5.53E-04	7.90E-04	6.07E-04	4.31E-04	1.48E-03	1.73E-03	2.15E-03
