NMF_Replicate	L1	L1 %	L2	L2 %	KL Divergence	Correlation	Convergence Iterations
1	30.085	76.667	6.882	61.463	251.542	0.769	1000000.0
2	29.491	73.541	6.645	58.015	140.514	0.786	1000000.0
3	28.384	75.845	6.413	59.525	223.796	0.759	1000000.0
4	28.446	71.476	6.418	58.139	140.066	0.797	1000000.0
5	28.899	75.103	6.337	58.448	140.684	0.78	1000000.0
6	29.173	73.763	6.653	59.984	211.098	0.778	1000000.0
7	28.871	74.704	6.495	59.263	154.625	0.78	1000000.0
8	29.284	76.642	6.642	60.471	182.453	0.761	1000000.0
9	29.349	76.068	6.606	59.712	126.499	0.769	1000000.0
10	29.396	73.064	6.541	58.995	154.094	0.788	1000000.0
11	29.826	76.394	7.023	59.236	265.551	0.771	1000000.0
12	29.334	75.202	6.563	60.036	141.236	0.763	1000000.0
13	28.655	74.127	6.425	58.913	84.512	0.775	1000000.0
14	28.917	75.364	6.397	58.197	112.525	0.774	1000000.0
15	29.437	76.185	6.609	60.701	154.406	0.776	1000000.0
16	29.032	76.281	6.492	58.36	168.838	0.769	1000000.0
17	28.195	74.658	6.412	57.809	209.689	0.771	1000000.0
18	29.117	75.676	6.604	59.439	168.957	0.767	1000000.0
19	29.123	76.049	6.524	61.333	237.765	0.762	1000000.0
20	29.309	74.072	6.622	58.785	154.656	0.78	1000000.0
21	28.211	72.46	6.353	59.667	126.762	0.776	1000000.0
22	30.875	75.96	7.421	62.055	99.351	0.773	1000000.0
23	28.251	72.351	6.225	55.909	154.185	0.793	1000000.0
24	29.537	75.309	6.506	60.141	85.977	0.787	1000000.0
25	28.857	74.783	6.328	58.366	99.032	0.781	1000000.0
26	29.932	76.955	6.697	59.49	182.444	0.764	1000000.0
27	30.625	79.731	6.953	62.197	182.569	0.743	1000000.0
28	29.276	75.903	6.731	59.649	320.633	0.766	1000000.0
29	29.221	75.014	6.848	58.96	182.03	0.779	1000000.0
30	29.449	75.5	6.65	59.346	265.506	0.771	1000000.0
31	28.658	75.014	6.458	59.816	237.843	0.76	1000000.0
32	29.167	74.655	6.372	57.884	154.403	0.767	1000000.0
33	29.756	76.994	6.744	60.982	85.396	0.769	1000000.0
34	28.914	75.95	6.393	59.951	98.977	0.769	1000000.0
35	29.253	74.753	6.622	58.376	168.271	0.791	1000000.0
36	29.616	73.528	6.886	60.175	153.955	0.787	1000000.0
37	29.338	75.755	6.512	57.491	168.487	0.772	1000000.0
38	29.139	73.885	6.794	60.202	57.575	0.772	1000000.0
39	29.367	73.658	6.711	60.781	167.962	0.77	1000000.0
40	29.601	75.056	6.735	60.282	167.711	0.781	1000000.0
41	29.104	74.177	6.556	59.691	167.751	0.778	1000000.0
42	30.354	75.899	6.975	60.645	293.898	0.772	1000000.0
43	28.411	75.88	6.354	59.095	141.133	0.762	1000000.0
44	28.883	74.548	6.379	58.724	113.015	0.773	1000000.0
45	29.538	75.778	6.682	60.928	154.649	0.772	1000000.0
46	29.128	75.599	6.681	60.205	348.197	0.767	1000000.0
47	29.368	75.716	6.599	60.646	85.519	0.758	1000000.0
48	27.548	73.965	6.259	58.679	182.234	0.77	1000000.0
49	30.155	76.483	6.841	60.952	99.753	0.759	1000000.0
50	28.823	76.456	6.499	59.794	264.666	0.767	1000000.0
51	29.064	71.498	6.417	58.84	140.537	0.786	1000000.0
52	29.228	76.395	6.661	61.916	99.09	0.766	1000000.0
53	28.116	72.106	6.296	58.009	223.317	0.789	1000000.0
54	28.711	74.855	6.152	56.955	85.45	0.783	1000000.0
55	30.017	76.401	6.883	62.096	43.855	0.759	1000000.0
56	28.557	73.976	6.526	59.054	168.278	0.779	1000000.0
57	28.876	75.242	6.587	60.343	168.082	0.764	1000000.0
58	29.377	74.106	6.69	58.542	196.338	0.778	1000000.0
59	29.395	74.879	6.792	60.363	181.574	0.771	1000000.0
60	28.942	76.518	6.494	59.424	210.532	0.771	1000000.0
61	30.246	75.835	6.961	61.68	140.728	0.768	1000000.0
62	30.141	72.573	6.986	58.975	223.529	0.78	1000000.0
63	30.259	76.056	6.942	60.571	140.271	0.766	1000000.0
64	29.769	75.379	6.871	59.086	153.999	0.767	1000000.0
65	28.784	76.324	6.414	58.86	278.973	0.761	1000000.0
66	29.896	75.197	6.948	60.273	126.659	0.767	1000000.0
67	28.88	75.879	6.372	59.419	44.363	0.763	1000000.0
68	29.707	78.466	6.745	61.171	127.712	0.748	1000000.0
69	29.239	74.764	6.72	59.553	168.179	0.769	1000000.0
70	29.84	76.047	6.854	61.379	209.698	0.756	1000000.0
71	30.506	77.786	6.903	60.707	168.056	0.759	1000000.0
72	29.803	76.107	6.659	60.077	71.548	0.759	1000000.0
73	28.924	75.392	6.416	59.476	210.404	0.775	1000000.0
74	28.5	74.936	6.361	58.498	126.733	0.766	1000000.0
75	28.78	76.1	6.498	59.6	251.945	0.767	1000000.0
76	28.156	75.539	6.465	59.256	168.053	0.759	1000000.0
77	29.446	76.095	6.621	59.125	140.514	0.762	1000000.0
78	29.094	76.217	6.438	60.631	154.522	0.765	1000000.0
79	29.047	73.645	6.563	58.543	209.879	0.784	1000000.0
80	29.314	76.082	6.733	61.268	224.268	0.756	1000000.0
81	29.029	72.746	6.577	57.756	126.443	0.777	1000000.0
82	29.065	75.333	6.552	59.294	154.736	0.776	1000000.0
83	29.055	76.276	6.476	58.812	209.976	0.767	1000000.0
84	29.332	76.484	6.507	59.018	72.186	0.765	1000000.0
85	29.885	73.631	6.934	60.224	113.223	0.786	1000000.0
86	29.195	75.378	6.691	60.545	181.973	0.775	1000000.0
87	29.124	74.252	6.508	58.338	98.908	0.779	1000000.0
88	29.655	76.863	6.75	61.495	154.711	0.759	1000000.0
89	28.319	73.951	6.284	57.79	154.943	0.773	1000000.0
90	29.217	75.323	6.382	59.408	85.342	0.773	1000000.0
91	29.225	75.608	6.576	59.551	223.486	0.76	1000000.0
92	29.285	77.235	6.47	60.854	182.625	0.761	1000000.0
93	29.332	75.412	6.726	58.644	98.548	0.773	1000000.0
94	28.793	75.216	6.456	58.371	196.406	0.78	1000000.0
95	29.347	75.534	6.588	59.75	223.626	0.771	1000000.0
96	28.541	73.567	6.23	56.648	140.786	0.788	1000000.0
97	28.773	75.575	6.608	59.069	278.878	0.773	1000000.0
98	29.48	75.892	6.818	61.469	154.277	0.759	1000000.0
99	28.935	75.809	6.355	59.948	154.946	0.761	1000000.0
100	29.047	74.27	6.543	58.716	264.76	0.775	1000000.0
