NMF_Replicate	L1	L1 %	L2	L2 %	KL Divergence	Correlation	Convergence Iterations
1	329.23	22.667	84.658	15.693	5.119	0.982	1000000.0
2	329.63	22.412	85.801	15.471	0.069	0.982	1000000.0
3	329.225	22.486	83.908	15.463	0.069	0.982	1000000.0
4	325.995	22.679	83.488	15.799	0.069	0.981	1000000.0
5	327.56	22.514	83.667	15.371	0.071	0.982	1000000.0
6	330.447	22.314	85.06	15.327	0.069	0.982	1000000.0
7	332.239	22.679	86.999	15.646	5.12	0.982	1000000.0
8	335.023	22.602	87.711	15.663	0.069	0.982	1000000.0
9	328.349	22.376	83.306	15.296	0.069	0.982	1000000.0
10	332.9	22.492	85.327	15.564	0.069	0.982	1000000.0
11	328.622	22.492	83.31	15.425	5.119	0.982	1000000.0
12	331.584	22.373	83.705	15.413	0.069	0.982	1000000.0
13	328.112	22.546	84.094	15.66	10.169	0.982	1000000.0
14	329.697	22.276	83.981	15.289	5.119	0.982	1000000.0
15	332.887	22.986	85.875	16.062	0.07	0.981	1000000.0
16	332.159	22.445	85.211	15.391	0.069	0.982	1000000.0
17	330.379	22.573	86.725	15.589	0.069	0.982	1000000.0
18	324.501	22.508	81.806	15.498	0.069	0.982	1000000.0
19	334.216	22.517	86.076	15.482	10.169	0.982	1000000.0
20	327.985	22.678	84.028	15.706	10.169	0.982	1000000.0
21	332.798	22.633	86.39	15.786	0.069	0.982	1000000.0
22	330.671	22.511	85.021	15.459	0.069	0.982	1000000.0
23	326.37	22.6	81.749	15.602	5.119	0.982	1000000.0
24	331.107	22.445	85.841	15.441	0.069	0.982	1000000.0
25	330.431	22.395	85.858	15.352	0.069	0.982	1000000.0
26	331.468	22.472	85.374	15.567	0.069	0.982	1000000.0
27	331.075	22.62	85.507	15.521	5.119	0.983	1000000.0
28	331.012	22.654	85.18	15.729	5.119	0.981	1000000.0
29	329.307	22.326	83.292	15.291	0.069	0.982	1000000.0
30	316.326	23.718	69.568	16.772	0.074	0.98	1000000.0
31	328.284	22.434	83.466	15.455	0.069	0.982	1000000.0
32	330.022	22.513	83.812	15.497	0.069	0.982	1000000.0
33	333.375	22.782	86.536	15.701	0.07	0.981	1000000.0
34	329.576	22.533	85.4	15.637	0.07	0.982	1000000.0
35	341.026	22.884	86.65	15.727	5.121	0.983	1000000.0
36	328.563	22.504	83.822	15.498	0.069	0.982	1000000.0
37	336.598	23.188	85.312	16.157	5.123	0.981	1000000.0
38	328.059	22.632	83.797	15.385	0.071	0.982	1000000.0
39	329.775	22.62	84.985	15.789	0.069	0.982	1000000.0
40	327.012	22.505	84.665	15.478	0.07	0.982	1000000.0
41	327.115	22.457	83.404	15.41	5.12	0.982	1000000.0
42	342.154	22.814	86.928	15.621	0.071	0.983	1000000.0
43	330.691	22.568	85.506	15.491	5.119	0.982	1000000.0
44	330.829	22.788	83.804	15.74	0.07	0.982	1000000.0
45	332.771	22.459	87.032	15.494	0.069	0.982	1000000.0
46	333.086	22.758	85.929	15.787	0.07	0.981	1000000.0
47	332.319	22.722	85.829	15.867	0.07	0.981	1000000.0
48	327.303	22.478	82.65	15.473	0.069	0.982	1000000.0
49	329.25	22.396	84.708	15.429	0.07	0.982	1000000.0
50	329.158	22.554	84.099	15.565	0.069	0.982	1000000.0
51	331.052	22.345	85.806	15.311	0.069	0.983	1000000.0
52	329.81	22.64	85.227	15.578	0.069	0.981	1000000.0
53	327.807	22.385	82.835	15.32	0.07	0.982	1000000.0
54	332.581	22.534	87.198	15.547	0.069	0.982	1000000.0
55	332.605	22.454	86.707	15.353	5.119	0.982	1000000.0
56	330.619	22.463	84.464	15.553	0.069	0.982	1000000.0
57	327.723	22.544	82.832	15.397	0.069	0.982	1000000.0
58	334.214	23.042	84.964	15.968	0.07	0.981	1000000.0
59	331.361	22.401	87.231	15.372	10.169	0.982	1000000.0
60	342.246	22.891	86.473	15.766	5.121	0.983	1000000.0
61	329.283	22.383	84.049	15.277	0.069	0.982	1000000.0
62	331.758	22.461	85.058	15.422	5.119	0.982	1000000.0
63	332.083	22.502	85.563	15.418	0.069	0.982	1000000.0
64	332.573	22.71	86.159	15.654	0.07	0.982	1000000.0
65	330.684	22.466	85.856	15.471	0.069	0.982	1000000.0
66	337.817	22.757	84.111	15.737	0.071	0.983	1000000.0
67	328.115	22.548	84.23	15.586	5.119	0.981	1000000.0
68	307.684	23.693	66.516	16.687	0.074	0.979	1000000.0
69	329.0	23.004	84.765	15.93	0.072	0.982	1000000.0
70	330.474	22.632	85.685	15.796	0.069	0.981	1000000.0
71	326.11	22.324	83.368	14.939	5.12	0.983	1000000.0
72	331.408	22.577	85.546	15.733	0.069	0.982	1000000.0
73	331.119	23.101	85.805	15.915	0.072	0.981	1000000.0
74	329.125	22.444	84.338	15.41	0.069	0.982	1000000.0
75	337.399	22.966	85.75	15.9	0.07	0.981	1000000.0
76	330.964	22.748	85.118	15.882	0.07	0.982	1000000.0
77	330.397	22.416	85.687	15.373	0.069	0.982	1000000.0
78	329.165	22.43	85.147	15.328	0.069	0.982	1000000.0
79	329.909	22.457	86.274	15.514	5.119	0.982	1000000.0
80	328.566	22.585	83.197	15.543	0.069	0.982	1000000.0
81	330.321	22.631	84.904	15.554	0.069	0.982	1000000.0
82	330.338	22.505	85.225	15.547	10.169	0.982	1000000.0
83	325.996	22.503	82.956	15.495	0.069	0.982	1000000.0
84	331.799	22.689	85.367	15.58	10.169	0.982	1000000.0
85	330.056	22.439	85.394	15.435	5.119	0.982	1000000.0
86	333.14	22.709	87.67	15.855	0.069	0.982	1000000.0
87	328.79	22.498	85.45	15.406	5.119	0.982	1000000.0
88	328.468	22.547	83.662	15.4	5.119	0.982	1000000.0
89	326.877	22.762	82.807	15.756	0.07	0.982	1000000.0
90	338.422	22.888	86.74	15.851	5.12	0.981	1000000.0
91	329.969	22.296	85.278	15.289	5.119	0.982	1000000.0
92	330.034	22.697	82.967	15.615	0.069	0.982	1000000.0
93	325.692	22.393	82.357	15.271	0.069	0.982	1000000.0
94	328.962	22.62	83.901	15.46	0.069	0.982	1000000.0
95	336.408	22.957	85.527	15.978	0.07	0.982	1000000.0
96	335.614	22.801	89.87	15.836	5.119	0.982	1000000.0
97	336.899	22.885	87.65	16.109	0.069	0.981	1000000.0
98	330.27	22.379	84.338	15.306	0.069	0.982	1000000.0
99	327.636	22.34	84.602	15.44	5.119	0.982	1000000.0
100	335.412	22.982	84.592	15.904	5.12	0.981	1000000.0
