MutationType	ID83A	ID83B	ID83C	ID83D	ID83E	ID83F	ID83G	ID83H	ID83I	ID83J	ID83K	ID83L	ID83M	ID83N	ID83O	ID83P	ID83Q	ID83R
1:Del:C:0	0.0006945649703447998	0.008750567051465622	0.09761958449147641	0.14487549021840096	0.009712638474302366	0.03189656235277653	0.07098275039694273	0.20187515806406736	0.0224904571619284	0.03582361517881509	0.012281854642205872	0.017824606140493415	0.048213981199078264	0.028609177647158503	0.025223798842635006	0.03650984160834923	0.0496556679205969	0.0055113132984843105
1:Del:C:1	0.00045058938801957995	0.0053630703702299345	0.25303616516292093	0.17303655864670872	0.003067692670249613	0.06020853152298076	0.03740875284303911	0.06374660433502868	0.010116111435927451	0.039301820058608425	0.04617736758547835	0.009200160543696257	0.05137622683076188	0.030389906601049007	0.022630318285142222	0.021283634713618084	0.018127880964311772	0.0027723693070583976
1:Del:C:2	0.001974873032377218	0.0005032156140077859	0.18508902184665202	0.0706527442112565	0.003191221105080331	0.03899406583048403	0.032808227012865246	0.041788237598420895	0.00907471941318363	0.02130485921050422	0.014078347855247557	0.0004563190767657943	0.0248065891826991	0.029277202060911806	0.023379692689049988	0.0024915071902796627	0.014379408448221512	0.00425510984758148
1:Del:C:3	0.005287226425134577	0.0008896975105744787	0.07734524317085743	0.030788813678241843	0.005711885579803493	0.02357200748519972	0.019628998461807042	0.012635246817371808	0.004024232926167315	0.011985416140742017	0.008052147446287563	0.0004776608536485583	0.023364467196515762	0.038236892231507225	0.004027962697437033	0.011254435969767655	0.009452636383648495	0.003389786015613936
1:Del:C:4	0.014056602781954553	0.00011791111814090982	0.0624009702494368	0.008905838474165649	0.0020736238644167315	0.012776025027269497	0.008418593164533377	0.003167085618479177	0.0034039535114425232	0.00674196573178051	0.005141897463254282	0.0013665645703076735	0.0038617179653374478	0.024314019589219242	0.01449087800225243	0.0009991951939446154	0.0036978725600056352	0.007735001194869255
1:Del:C:5	0.02957885302476825	9.921430610120297e-06	0.016725528294573553	0.0047878166648918355	7.456465804324353e-05	0.0013035990954068666	0.004555656872439435	0.0012931199935512438	0.0016809845829880033	0.007155778219723174	0.0004953092567873085	0.00020567917768914867	0.00019424437874874913	0.08392801646496963	0.002057140113315654	0.0019263324827471706	0.0024846134529805126	0.002648741268951085
1:Del:T:0	0.0003438618056679843	0.004547480869223364	0.04495107169204857	0.040615998487919566	0.023262618791195563	0.2047359984740615	0.0542728169541806	0.02471044828707818	0.016738596928395372	0.04782893990515731	0.04827717708423734	0.008045290762966032	0.09864924347144552	0.03283555716945557	0.028365498566417954	0.00856541098211892	0.013209209125488997	0.004054359766596463
1:Del:T:1	0.0021024140730878573	0.0013808135315775871	0.03041921908268705	0.05010184097132878	0.0314697942789644	0.11636894701980055	0.09253016878850757	0.03242619626689702	0.009031586260534822	0.02527901910507353	0.029275210287887602	0.0004641756776254624	0.08290420731296763	0.01895167931972537	0.024502240542946464	0.005780990432249382	0.0193537404271774	0.0032462200851296075
1:Del:T:2	0.004104091976769269	0.00018010106519795956	0.013649164662347175	0.0794721678661881	0.03505716323270462	0.07143618000205607	0.1294810938555747	0.04201463936362416	0.00959607634985332	0.026000498929060995	0.011129570213379339	0.004172182882321067	0.03658155074866954	0.03960233093646821	0.04045620377874002	0.017702242599916644	0.0072502596589038145	0.001719981314963661
1:Del:T:3	0.011844687715638428	0.01062128114157531	0.013387635141843929	0.024221995518309995	0.028619752227386927	0.06037848067469895	0.1088688736653421	0.055539969313686016	0.018706219054874965	0.03574087291024625	0.00783693786652293	0.006721995956268074	0.015875013368204235	0.07878727375878952	0.02234044412500225	0.0034365556540433316	0.017060074603650718	0.011116851972183213
1:Del:T:4	0.04250308798626065	0.0019243721497332444	0.016204341677366757	0.025124997795646777	0.006811016176216072	0.054314854447729884	0.06298451190581546	0.049160370965255426	0.01282759579597041	0.024982472548726944	0.021541345361038113	0.01644697283860296	0.013034180200775155	0.04691281302715652	0.026463878895156084	0.017311975613995462	0.01141131439653691	0.00040672351489774884
1:Del:T:5	0.6553163707256318	0.02211188428569585	0.007015963754420228	0.011022947273750156	0.010741112177221464	0.009682977991724328	0.008928124674130232	0.020503973152899563	0.016179339796082957	0.018737378408875908	0.003995196648174897	0.004380314552399796	0.01844470654948964	0.04125316652162837	0.035464618931564475	0.03456615980714559	0.054314666603168006	0.007067399977095192
1:Ins:C:0	0.0005776457626069486	0.00036530169721253	0.005370362715745785	0.004127755633089691	0.00531276285022102	0.0007214845503654033	0.003168082597148896	0.00547746855246487	0.005609601020233299	0.009071993339217386	0.0002420551626710221	0.0016254907993487678	0.00265709217521362	0.005507687007101367	0.0089876445716709	0.14723034103401006	0.003070466580172706	0.00011608015978708863
1:Ins:C:1	0.000236445192622341	0.00047601231669347043	0.001122582013194915	0.0015507156008970923	0.00039849651453550906	0.012957898600725458	0.005957481999066658	0.008036730027670273	0.0023613983726204425	0.0042604578664759175	0.003746178595724814	0.00014835861315077637	0.009241821781160411	0.002818103096797131	0.0019038801957503891	0.03425046159492922	0.007332526204418172	0.0022762571116717823
1:Ins:C:2	0.00037454736484505703	0.00016798396118247182	0.0008545530544142821	0.003865032535395585	0.0043391149234958	0.002790076415112708	0.0049163908138928035	0.0035097038629464806	0.0015801924167317338	0.0021606026976951397	0.002772706870309776	0.0007511806374532171	0.005608063273830339	0.003908497322408948	0.008330103032058105	0.018152904093731194	0.005048738971272542	0.006101080361705726
1:Ins:C:3	0.0018043400834721979	0.0001824114826422374	0.001626737121041515	0.004580499075527769	0.0027614777263079305	0.0011210463809675276	0.0033083129732403905	0.00381034619291313	0.001671061629167525	0.0032063950510200813	0.0018640384034370073	8.429936831817032e-05	0.002407174488180317	0.005586470093112439	0.006491461871045629	0.004827183877641801	0.004547710169572383	0.006044238025468758
1:Ins:C:4	0.003822165817109635	0.0005553069694724399	0.0029371044324943796	0.0027793857560027392	0.0010425744653682046	0.0013346482813358306	0.0022926729283062742	0.0039991717597786195	0.0014866624920978212	0.0025911595294019207	3.663845418486744e-05	0.00040643568545895904	0.0008342182612977922	0.01032439385773614	0.0034993598478467902	0.005934508217469556	0.0024318766570650043	0.00020024438394443677
1:Ins:C:5	0.011162657014328942	0.009080841338836763	0.0009864291059784591	0.0030775808366030333	1.9033350108657034e-05	0.0038611100526072307	0.0013379515998531133	0.0023111666514887474	0.04239398512523621	0.028407570687122644	2.802596928649634e-47	0.0006458962467877427	0.0020256874698172567	0.04101775533286855	0.005794890962943669	0.04842353548443498	0.005434422793199048	0.01757320669747287
1:Ins:T:0	0.00045122532312689143	0.0004903487057890743	0.003922222190303728	0.009062644863608965	0.00046606151649029924	0.0034928054452348077	0.003748007183967275	0.007860556711182767	0.005217622395139188	0.009249694259510761	0.011639930806309167	0.002240704293944873	0.0063381043641129505	0.020170850089871236	0.0022175334568601103	0.1101272775446705	0.014251493861156633	0.011616215695682967
1:Ins:T:1	0.000319460298442209	0.0014421318180393428	0.0027654592564795165	0.011826829725177958	0.002116942957148922	0.009223220994344956	0.014308097760076634	0.014223342790892275	0.0062777109839953485	0.0158917476105853	0.36894161835312844	0.004377034987846855	0.01654261835015859	0.008807672316906974	0.02085567208880093	0.005858901568572037	0.03444902379226732	0.003087916240100128
1:Ins:T:2	0.010187845486216247	0.001843194301764015	0.004809320170317998	0.03659429584397003	0.0021242791030090303	0.009234095540383578	0.014046554928645491	0.010104461367591284	0.005139993291231803	0.009748531197546982	0.12698313887518453	1.4082099078223109e-05	0.004867214315017918	0.025441818747203797	0.010254063705804128	0.008759634407178965	0.0025936925684800372	0.0019335001657600514
1:Ins:T:3	0.005466252439655364	0.007019040786108235	0.011803601566352882	0.014661898912163452	0.004257339821160713	0.006687560730497353	0.007135025628603984	0.00560799321567174	0.007893309452338144	0.00899482792652161	0.07493481555953622	0.0004604253763318411	0.00956374554312788	0.01901958902075421	0.009825815676013008	0.008450083651114255	0.005612053603604394	0.006064457313113962
1:Ins:T:4	0.005798649234347977	0.011930172864813357	0.005837277998584796	0.013285919353656937	0.0016192318411776797	0.008126952213060576	0.008382080629235133	0.01650211495696567	0.008315697348443792	0.00810260221527642	0.02288507461635163	0.003114315604325384	0.007412939340283629	0.010033024069853127	0.019265074655995706	0.003561780289746821	0.012440085771522717	0.0015440698780003004
1:Ins:T:5	0.14824142042229596	0.8588666260242462	0.06794033346893313	0.015939014279283584	0.006396056413999105	0.022376967525507288	0.008240828746929765	0.02614750253036618	0.5691227047145366	0.32959539622068407	0.030422837056453517	0.040812825562443325	0.0023479035496711733	0.06920928976203392	0.08634235504083336	0.07446945679174263	0.0038808449821044633	0.008953354990808293
2:Del:R:0	0.0002332791146818636	0.0012195340666221455	0.0037870255354209804	0.019675763761188136	0.001576877106417669	0.017557604213652666	0.017851642439491115	0.021220585405826567	0.008276465828821529	0.006669542893359903	0.008955024689203128	0.004211224417376798	0.05488265880383551	0.010595072839641943	0.01927689983858727	0.00811064711859217	0.01910335784777999	0.014928797988686711
2:Del:R:1	0.002999691776058171	0.0006826392272557769	0.0027291537600103765	0.014258550104859751	0.0010699663468403742	0.02974391643772833	0.02682449853979051	0.024482646512333305	0.009036161777330562	0.01712936598167289	0.0033538758446229624	0.008116829212522134	0.03688422826817259	0.021336874306434765	0.0273588979983424	0.007101407170994207	0.06624286556150764	0.0017700828754459508
2:Del:R:2	0.0012022830614296254	0.00038256580199231394	0.006506053759949282	0.003875826120493002	0.0001859257690375671	0.005888783289119601	0.008890072184149176	0.006494330248533515	0.004021481650997884	0.004078094596916344	0.006134229464805685	0.003624120270542335	0.009967862394551047	0.008884103876480367	0.008473714688443578	0.0050941988127306105	0.012280954943630604	0.00542595637816703
2:Del:R:3	0.003935143067501486	0.00016566349240747512	0.0014177904283860698	0.001828418092627544	0.00034375588220427746	0.004556063914205879	0.0023182121826496884	0.0004076736472779885	0.0023614978228579274	0.0026855248311767354	0.0011846990440062654	0.000772810023751731	0.0009770515313721263	0.004867840806255117	0.004053171691484749	0.00022953021049033852	0.0015236653814213242	0.006899141397154835
2:Del:R:4	0.0020183885165076278	1.1692404111585119e-09	0.00022651934843452183	0.0007041789861978032	0.00019576389858727339	0.0004882939630454075	0.001220653570489958	0.0010814101346356608	0.000722397680551694	0.0014498984150122852	0.00014346497075166554	5.918133050727192e-05	0.0004619360989687493	0.004897723943313395	0.00038136194938623194	0.0040996087327289385	0.001740377829109434	0.00562666097287547
2:Del:R:5	0.004616546670440584	1.3097404432649285e-05	0.0005437651015381561	0.00026214315207539584	2.8814685065299274e-05	0.0003852480556815863	0.00042284363661565294	0.0005570209212601185	0.0008481761323611891	0.0006993782833160367	0.00030093236346189655	0.0	0.0002971886300794324	0.0019214393531729003	0.0004855948605109006	0.0010895103645452765	0.0007476535323075951	0.027587647438049315
3:Del:R:0	6.256990598558332e-05	6.147585343569518e-05	0.0009792879594351688	0.005549484204793771	0.003618717847521111	0.008607822018093429	0.00791689961333759	0.014854158468975386	0.0019612780282545826	0.0024087795929517595	0.0023257730905970673	0.005414821425491709	0.03645170297473669	0.0032715068258403336	0.014998689715284855	0.008992181306832946	0.0021869312507800487	0.004944075090318165
3:Del:R:1	0.0016605777718359605	0.007008787522063358	0.003537006299229688	0.004891253674286417	0.0009262915411090944	0.005050362963229418	0.00867042169906199	0.01775117152777966	0.01431834638788132	0.014480979190848871	0.002198039343638811	0.009660324126598426	0.014200895969988778	0.012825085557997227	0.007905196540814358	0.0040381224910925086	0.08009921064600349	0.0029880478500854224
3:Del:R:2	0.0006595447799190878	0.000608501800961676	0.0006522368650576027	0.0011872056440915912	0.0001236548533847781	0.0006563524233717999	0.0030041636066744106	0.003073302757802594	0.00445738631853601	0.005069443586398848	0.0009902681668972945	0.00048664617257600186	0.0009313257283065468	0.0062861758706276305	0.003601745484279917	0.0036040930860326624	0.018069013588400365	0.0014315640561790132
3:Del:R:3	0.00015174639217548246	0.0003436023909941532	0.0001606942861690186	0.0012635393799809692	4.1096412655923234e-05	0.0006522694328668877	0.0019106547399962892	0.0009792340703072	0.0016548387093314432	0.001787861455084112	7.082939264364541e-06	0.0001385199032869622	0.0007613811449901675	0.0006682759178170272	0.0006389332791036395	0.0027777746855281293	0.001554919980347904	0.0005268072067648433
3:Del:R:4	0.0002685453673257143	4.0179115097949136e-06	0.00011312744021438448	0.0003810809696699025	1.4402385568246246e-05	7.179675988290057e-05	0.00027831618976406955	0.00021811111553162731	0.0002729690456727951	0.0002277590062294621	0.0002916904420216326	0.0004560784216653246	0.00022588362267806695	0.0004323741910047829	0.00047269364860540007	0.0011236748564189903	0.0010945754542339614	0.0005458729745310009
3:Del:R:5	0.00026698494780703186	2.1901665667085624e-05	1.3257909136440982e-05	9.316549895622472e-05	0.0	3.361592040462824e-06	3.896160305473018e-05	0.00015140789960458535	0.00036863326361071815	0.0002114903065756124	0.00011496624060181482	2.101713797237892e-06	7.956885112086809e-05	0.0004295162310097922	6.132081081034358e-05	0.0006928460738069475	0.00010893039633200763	0.0006671130181927509
4:Del:R:0	3.3065788734347734e-05	0.00020893573222565464	0.0013559401200473075	0.004399983867551782	0.005306714080797974	0.005927019966766239	0.0028866262506198836	0.011493297065622698	0.0017649760445056018	0.002854685472411802	0.002713262100587599	0.003670639366901014	0.02421864737174474	0.0035893742165353615	0.002687747741874773	0.006009848921312368	0.0071676333178766075	0.006668133093626238
4:Del:R:1	0.0009484888979932293	0.003214512372833269	0.0007108419401629363	0.00531126627640333	0.001115526358908562	0.005607489098329097	0.014710817590821535	0.01385397912876215	0.008486007722094655	0.012589692417532206	0.005496110592794139	0.0015212811938268977	0.00999618470625137	0.019868861275026576	0.01187586008134531	0.007616705526015721	0.05824916243669577	0.003347125624131877
4:Del:R:2	0.0005244592289091088	5.6062894052288925e-06	0.00017597728525288404	0.000933588040061295	0.0	0.0005701821688099784	0.0020563144996798856	0.0013142053014598787	0.001614865720523042	0.0030929112451832095	2.812300343066454e-05	2.7739147338721183e-05	0.001758974246870224	0.0033164785905364625	0.004743766368043154	6.743359845131635e-05	0.021850330960614242	0.001524701856706514
4:Del:R:3	0.00015630296824383549	1.2125163339078426e-05	0.00017070639951676013	0.000647229285725146	7.321079901885241e-05	0.0006589678602176718	0.0014987519525220705	0.0010540469027182553	0.0006096733782130315	0.0007599305853703697	4.79494941100711e-05	0.000557250451176401	0.0005605705705193032	0.001999412133159382	0.0005736927271901493	0.0015374969353433698	0.003755262881750241	0.0037964932707512844
4:Del:R:4	4.593347026002448e-05	0.0001596388222105105	0.00020580959681410605	0.00026518856983003046	0.0	0.00038877281799742035	0.0002718778030052249	0.0003906643267737309	0.0004575855867743428	0.0005787195720926519	0.0004369450951031695	1.362811044597123e-05	0.0002062212575557254	0.000711201880556942	0.0004889459337544366	6.881867616414184e-05	0.0015657237268619185	0.0001375711352464082
4:Del:R:5	8.001418618313493e-05	1.7982095901203366e-09	4.0598333271191224e-07	6.629554539145489e-05	5.304611458996078e-06	3.851543821483006e-05	0.00013216039740086673	0.0002255312779505303	0.0001846847539835572	0.0004077298933940199	1.3107935094387457e-05	6.631772437408756e-06	2.121476977048786e-05	0.00017363413893995984	0.0007521861753934634	0.0013078933782058044	0.0009806981122235925	0.00020119867795507674
5:Del:R:0	0.00019225109994295054	0.0014537715405458585	0.009846224838111085	0.043828992259223015	0.32119989305734636	0.019190190042718314	0.03324945264379494	0.04789337383816019	0.011144649310153909	0.02146510173100978	0.022604369177133776	0.0491139191458933	0.029276551492512227	0.02882352819200605	0.01956189057789743	0.02176007552538067	0.02810893775196746	0.0845016518048942
5:Del:R:1	0.0001950861508484536	0.00025296018270267953	0.0001246934292430524	0.002515763916890137	0.00046082680123561205	0.000689679967763368	0.005292290568702356	0.002716356468587051	0.0032411197503097356	0.0041035921144066375	0.0003001546551240608	0.011731563665653083	0.0010272901739085505	0.007724299454712309	0.00530605179565498	0.0025482796173309907	0.028758262659278985	0.015808618265558606
5:Del:R:2	8.09118292674782e-05	2.859298521823206e-05	0.00011097885217012049	0.00046516117767488654	4.876186393431681e-05	0.00028879710501863445	0.000967111503487601	0.0009761897000435838	0.0005222865988391234	0.001189395532255446	0.0	0.00042202392155857635	0.00018106128015489277	0.0008477855247681987	0.0009955581748192798	0.004029833961271834	0.0014881310580469175	0.0017684052401374117
5:Del:R:3	2.82220265500599e-05	0.0003132577162753414	8.26443858386483e-06	2.3386547020258774e-05	0.0	2.1568003993621685e-06	3.350600271655679e-05	0.00010544430534643823	0.00031159015046805294	0.00019399726849869125	5.660229263071415e-10	1.3427512478791925e-05	0.00021399651955398725	9.968062751454454e-05	0.00013873823347857695	8.444050418802362e-05	0.0009511227925514377	0.0008316504069919973
5:Del:R:4	1.4797153114292083e-05	4.435153936883651e-06	0.00015701701481191766	2.8796537224025086e-05	7.394913126290703e-10	7.802823373713074e-05	4.83554880460213e-05	1.747064865657677e-05	7.373127741217012e-05	5.583175324325396e-05	3.086439452921752e-06	2.2240223072387267e-05	4.412050437187176e-05	0.00013239327150348144	3.9836164538069594e-05	0.000174270388432447	0.00012957313566566597	0.000249683134058607
5:Del:R:5	1.62711313311803e-10	6.518833330915186e-09	2.2222078723057592e-05	3.2525602898170194e-05	5.368535234140382e-09	2.7646248294086462e-05	5.320598541599164e-05	8.900778876259618e-05	2.0259468856786976e-05	6.808105794916309e-05	5.030713410292264e-09	3.29676076482599e-08	3.290573959170207e-05	3.717637347316227e-05	2.722053676396996e-05	8.276683198271683e-06	0.0001706132148231365	7.944339106558118e-09
2:Ins:R:0	0.00019251352759511064	1.9891831470886246e-09	0.0004156562981040679	0.0011080546255433888	0.00039339236356681793	0.002000173245492789	0.0012143507850690583	0.000897713518643286	0.002899198720402012	0.00220979659670121	0.002313802680013275	0.0008949716397751217	0.000358593724668026	0.001677553708404531	0.003063548940993286	0.1147206300124526	0.002177061216914922	0.03691117021087848
2:Ins:R:1	0.0005301449909529765	0.00045011227448412685	0.0012817785599327182	0.008452074445376639	0.003246869462309405	0.00836904597117325	0.007783773229457438	0.005906318688066676	0.002638383813027758	0.007398543692543172	0.0012288628742862784	0.0019148663445957936	0.006345509978709743	0.005921219200463384	0.014063029307753822	0.001730289256956894	0.010668949908140348	0.011929197970312088
2:Ins:R:2	0.0004946058616769733	4.052709285105038e-05	0.00037675129857234424	0.00494331487105228	0.000464669098458188	0.002174223288602661	0.005470895908074453	0.002077964342897758	0.0013041409170477891	0.0035395900398725645	0.0014038920548046009	0.0005446920465692528	0.0023215935999178327	0.006613761316984892	0.009804677170468495	0.002612351686693728	0.0076838516594389715	0.006206721371705157
2:Ins:R:3	0.00046116767553030515	4.8220529943616695e-05	0.0002552596986788558	0.001356384274804441	0.0004279225497677253	0.0008591718022304917	0.0016004817982320674	0.0013841155976254526	0.001275849809171632	0.002059456026120188	0.0007174604294777964	0.000786472332173389	0.0010710213221571507	0.0032287031802115964	0.0030560451105702668	0.0026922679744893685	0.0032301865311173115	0.0008125695187750637
2:Ins:R:4	0.0031902306771371515	0.001347206817871438	9.500231826677918e-06	0.00024755323759308113	1.0203683123108931e-05	0.00048035143176093696	0.00034979167307028545	0.0010151934565510601	0.0028648192794935314	0.002167677863617428	0.00038009970856364814	0.0005863399831076777	0.0009667722095036879	0.0013971032854169607	0.0012455538057838567	0.0013267368380337529	0.0025217780973471804	0.003954199704095274
2:Ins:R:5	0.011564343670071508	0.012562972464051293	4.161662161550339e-09	0.0006382640936516282	1.4568566292041397e-05	5.896145867723135e-05	0.0001950761971855286	0.00012702525698841783	0.027868865177733824	0.005435146166619233	0.0006893628292436915	3.629761813442656e-05	0.0008725812559210055	0.0019485239032655955	0.00026616174703121944	0.02822500746574427	0.001473326714627703	0.009079059822489625
3:Ins:R:0	0.0001419447647731431	6.70351407514147e-06	9.627738808035247e-05	0.0005472273657159122	0.00034473666323719954	0.0008592003465309972	0.000662117695825799	0.0016179439396364615	0.0010719132877420633	0.00059629302324538	0.0012025134440766293	0.0004044239658924198	0.0009099633659934625	0.001264371694123838	0.0006493270442302901	0.013822013321041595	0.0006136344167015296	0.02224317524349317
3:Ins:R:1	1.0951560014405004e-09	0.0020514775311431775	0.0002789042540825903	0.002127912042662956	0.001299831112908123	0.00521507667527203	0.004072592458393274	0.0035749999146622714	0.003507738125408935	0.005360173512530082	0.0006526566289070956	0.0004396661316422978	0.00389786747442713	0.004525712692411616	0.015194885840851385	0.006406067113193786	0.0021587140179264706	0.0045032370895035
3:Ins:R:2	1.0821224113897188e-05	3.084274789525665e-05	3.110071033006534e-05	0.00014166296226903797	0.0014891416486750586	0.0006007286576368643	0.00012129057967399603	0.0007091342961857095	0.0004497386817959548	0.0006241333217279532	0.0	0.0003077119471538481	0.001266358407028747	0.000722599383443594	0.005316093941114559	0.000331659180564543	0.0017610190548000304	0.0012667250288768627
3:Ins:R:3	1.1338903603412832e-05	2.5455183939024906e-05	4.925485028927312e-05	0.00015621096341877916	0.00015280065196408897	5.123038534048163e-05	1.7997908797315885e-05	0.00012236417811081423	0.00018740008777735185	7.50532885424171e-05	0.000398493120975445	3.9169337589726184e-05	8.303823818515354e-05	0.00011639172198636416	0.00011098521903669224	5.905134499656128e-05	0.00010856673854785726	7.801011914036593e-05
3:Ins:R:4	0.00018756068729999242	2.7460655215936213e-05	2.2552552178147777e-05	5.580388917710621e-05	0.0	0.00012346484183703766	0.00014634235278205844	9.64986443074256e-05	0.00012438303470117872	0.0001267114150940074	4.010474084328308e-06	0.0001653280621949449	0.00010001153231032234	9.852231398227218e-05	0.00011593178838587903	2.3030268140402654e-05	0.00022541944641140787	3.6036922501736514e-06
3:Ins:R:5	0.0008227974134933902	0.0002536376247497074	1.0187212319578976e-05	6.201021827868302e-05	2.5109327725800768e-05	8.177252391135426e-05	0.00031935582512424785	0.00016420694388330048	0.0009491771812044191	0.000828254787629703	5.55136222536845e-05	1.6457321686118575e-05	0.00019059886924843283	0.00028610177130474314	0.0007498688871385184	0.0030789640115555274	0.0010496828153407022	0.00039888452397249805
4:Ins:R:0	2.8024620843631887e-05	3.72622465041772e-05	3.96643609181524e-05	0.00011646071916459278	0.0004843373486477276	0.0002724531943570696	0.00033573146959980704	0.0013944751371624876	0.0013785372850907863	0.0018541886815145858	0.0	0.0004550219780773546	9.079214472226482e-05	0.0021216707686954805	0.0015098123502684758	0.008877370035451122	0.009590821001939105	0.04377544546499848
4:Ins:R:1	0.00013795419181917624	0.00011057658921345137	0.0008826549233296533	0.0043224029691529605	4.467519698664546e-05	0.0019519538923844948	0.00810406304861516	0.004854791975236594	0.0014047610267880373	0.006273447268408745	0.001603813208824363	5.855030387742488e-05	0.0023912857672121392	0.003255000942991728	0.030232423900370124	0.004579884956146998	0.006636056020288379	0.000750769438707124
4:Ins:R:2	0.0	7.346902799287847e-07	1.401298464324817e-47	0.0002792970785554516	0.0006462315787692319	0.0004548426996120014	0.00048688696071621964	0.0001134329153845215	0.0001831315672677647	0.00027799173146867415	6.158780168838974e-05	0.0003195514717276637	0.0005084110692385746	0.0002749649919718422	0.0009475998398079355	0.0011783410102177072	0.0003915476538267626	0.0016964420683272152
4:Ins:R:3	4.750152909764438e-05	2.8630796002118154e-05	3.9493510848842565e-06	4.8123756330440415e-05	0.0003971712176503317	3.581107774328629e-05	0.00012877581681561168	8.889081126287834e-05	6.348590330873094e-05	0.00014683102423823869	0.00015261031283770877	0.00040765160235039843	0.0002960036650637221	2.1622746493079605e-05	0.0002178246230700509	0.000168278517860756	0.00011381952874145896	0.0006366770195990767
4:Ins:R:4	0.00014565486108040205	0.00014753530622375167	4.9107843480982186e-05	5.919286134057344e-05	2.013960531058956e-05	7.15231218913459e-05	7.170326073639543e-05	0.00010699899358769471	0.0003909704919835377	0.0003329206969267773	8.4411315615327e-05	0.00039563897259597524	8.063570860670665e-05	0.00035505864831662846	0.00017607786703893068	0.0005788083561100166	0.0008783960846170658	0.0010375468426572353
4:Ins:R:5	5.7282662496618286e-05	0.00012005091069568152	0.00010770929249702021	0.00038170906578926633	0.0001776746937039242	0.0001411902264226228	0.0005101784826007361	0.0011853504746920152	0.0006693572373149559	0.0009209624524544324	0.0001138952560722828	9.959866945422391e-05	0.0006543226985124661	0.0008514399922816551	0.001908875407870596	0.001147726501731654	0.0023075082974955306	0.00028492574082278566
5:Ins:R:0	3.3995524331786877e-06	2.6755859181548657e-08	2.2123138254670495e-09	1.1715359244490741e-07	2.150369546516373e-07	1.677708942793288e-07	1.2725206371300147e-07	1.434881284101408e-07	7.278519404074757e-08	7.814377377624026e-08	2.2096471474775115e-09	5.125790187728018e-07	3.427904380615132e-07	1.479842100682305e-07	2.2519579725204578e-07	4.187396514865327e-08	1.3907928224199394e-07	0.43440145820379256
5:Ins:R:1	1.0132999686902622e-05	0.0030340106486046636	0.0030571699420147524	0.003172426664386876	0.02128274226677604	0.0074833962763659655	0.01440864536257294	0.005403418447320974	0.01900244670745451	0.023995546912483404	0.0002490078618575353	0.006403245801921003	0.00391246398070507	0.005769278237939943	0.17410676282830537	0.0043229166971286755	0.012987546094717573	0.008514663461428427
5:Ins:R:2	5.1002702077660444e-05	0.00017441515299154275	4.271454675972564e-06	0.0004816751051825463	1.2515648995758965e-05	0.00024498556418166116	0.0009678034394516999	0.0002488931886306389	0.000815219455762417	0.0010935461811951085	0.0023713887608678872	0.00072151825697091	0.0003803555685195903	0.001411058019439224	0.0018556824765437342	0.0021829921014762024	0.002067998492579477	0.0008235822449080387
5:Ins:R:3	0.0	9.782946989151498e-05	6.124307984343602e-05	0.00018433899430672805	0.0	0.00033327053745018986	0.000294203841826608	0.0006425935808009697	0.0003311822315400548	0.0005945168549941115	5.099438431884096e-05	9.484491966862407e-05	0.00015929989204309435	0.0004109549811193247	0.0004322353671360446	0.0005026090533267791	0.0006216551251919355	0.0008579455878185626
5:Ins:R:4	0.0	0.00019603259666055805	0.0001826290269589137	0.0002110098076908784	2.0018262148369105e-06	2.0952361084187743e-05	0.0001719115316105757	0.00013843561394068614	0.0004793120482096214	0.0002353704196315931	0.0004195359825369849	7.224387837059253e-05	2.4098657997448925e-05	0.00047972981547243163	0.00045142174889217123	0.0003644784665601719	0.0004016987916966741	0.00010158826265918463
5:Ins:R:5	0.0	3.9494350697437675e-05	2.822943221136853e-06	2.4821459340245156e-05	8.379317772977401e-09	8.199939321227312e-05	0.0003027470059026971	0.00023579096677107004	0.00018386395633080533	0.00018317480511377936	1.4821285425625775e-08	1.6018752546642645e-09	0.0001722221243382549	2.0386583945022353e-05	0.0003253788268482083	0.00011118003957236943	0.0004934465366824447	4.927075636373957e-10
2:Del:M:1	0.0019199892150936649	0.0025407794209604618	0.003548451930405667	0.013796176779833332	0.007500845733447932	0.011901466760295989	0.013208223016845296	0.02190568150169032	0.011228696370963007	0.012711750734306406	0.0024393012456130235	0.002246105254162103	0.08132625996833667	0.014512785507540683	0.007887100921943785	0.016475662197917698	0.05031849262770265	0.012466879797902947
3:Del:M:1	4.8925778955890564e-05	0.0004227423642617101	0.00017205629857016902	0.0032653675019227533	0.0033439749459648737	0.0087697458115872	0.004142023952153977	0.012940198441556845	0.0025328005086339544	0.0036173398821847513	0.00045338921278016643	0.0037344865645900427	0.025258065699599683	0.0049235100121586585	0.007368811290962185	0.002425461491866372	0.010362090702492423	0.0039021888142451644
3:Del:M:2	0.0007987259700894356	0.0029527333737860316	0.0009337908127417904	0.006951762756943936	0.0025406333948194515	0.00693780868840804	0.009154409942420899	0.01348446542979218	0.00762967120452231	0.004852413874741615	0.0004600407902034931	0.007420272962772288	0.01393847171566449	0.0064214612854993905	0.010333564207539893	0.006494715311564505	0.025436525690020063	0.0015943235995655414
4:Del:M:1	0.00018548993228705512	0.000945397192677433	7.095603803463745e-05	0.0035894009766343515	0.006419931516138604	0.007802967475727201	0.0012473448825555521	0.005365384168653691	0.004086286327310233	0.0015329904814474205	1.6339547582902013e-05	0.002852404702880449	0.03099142792634666	0.00389697937949677	0.0027982741736923343	0.002861047750338912	0.005203089358983562	0.005643499779725971
4:Del:M:2	0.0004663447148050182	0.0026086825839593073	0.0001538831600919366	0.0036328882377711126	0.002286701773382447	0.005309215611996479	0.007111869896762073	0.008070456950517836	0.0038339003035071074	0.004089588900096714	0.0024978306687262375	0.012978598242625594	0.010811775961628882	0.00597084326116601	0.006532380316639319	0.006872663717367686	0.016401759871514515	0.0010696365548210451
4:Del:M:3	0.0008642653793503996	0.00017902057876199252	0.00037294603826012465	0.00326472786226077	0.002955931007709296	0.0013604994979865381	0.005844641813237104	0.016866609810385853	0.005460864935057544	0.009087210872676223	0.0014660086664662231	0.002090819484219537	0.005666469311108813	0.0118762198620243	0.007336702541472846	0.003836913085206106	0.06354591374052689	0.0010757685391581616
5:Del:M:1	7.441384350386216e-05	0.0011773477392853237	0.01023006823787	0.015117317009280668	0.24765909925103188	0.026220305493334307	0.02992354534411682	0.02470862050453434	0.009228452653117074	0.023278325140709058	0.03646287096547894	0.08109420706517995	0.0511337813269347	0.022239878735272212	0.0622207280411385	0.007096435885760002	0.03064690303755924	0.030331216477788983
5:Del:M:2	0.0001091703647216491	0.0022908429191556934	0.009825156794977374	0.008774608187377454	0.12846057794988155	0.0107098046518513	0.015164809059351683	0.01508221609867178	0.00856969763757661	0.01666424047057717	0.02160139096318744	0.2155406641960144	0.014025563807226717	0.013385041896253825	0.018698513834387996	0.007941778444815242	0.0205962804320734	0.008789970274374354
5:Del:M:3	0.00011621925397776068	0.0002551800729020215	0.0040212701496784575	0.006985282246314455	0.03329265591267358	0.005713467730092816	0.01013093427871354	0.011359756456804461	0.0029074518010020257	0.008190874085703398	0.009201340613071807	0.20806805402040482	0.012316153949359431	0.006824591087533918	0.009059157051960937	0.010072740890464046	0.006172268488444388	0.0003974825917975977
5:Del:M:4	0.0001020429766867892	0.0005003060254982851	0.000985206488549011	0.005584453036426566	0.007620733005364855	0.005803312147733521	0.00402927199155215	0.005198862753575071	0.001417207001359202	0.0033962825174722864	0.00010799478506669402	0.11118451185524464	0.013615607670653845	0.001497491951449774	0.004158753341762349	0.001126282909535803	0.0025252464739605783	0.017293619960546493
5:Del:M:5	0.00015128273276786785	0.00031044155257404783	0.0010928794887149706	0.0024724237160282316	1.5414283107572988e-46	0.00278004319443653	0.004048209513421171	0.00505882352548971	0.005390148900914937	0.009828165520520998	0.0007449840931258222	0.11313908509910106	0.0030501513272079704	0.0069963090005330745	0.009735337435267865	0.011712275944883005	0.01921041073510423	0.015556317798395867
