Samples	ID83A	ID83B	ID83C	ID83D	ID83E	ID83F	ID83G	ID83H	ID83I	ID83J	ID83K	ID83L	ID83M	ID83N	ID83O	ID83P	ID83Q	ID83R	ID83S
SP53460	493	13	7	153	219	71	0	49	0	33	28	3	6	26	21	25	7	12	24
SP50827	621	41	117	229	194	337	0	84	20	45	17	0	6	40	68	27	47	5	28
SP50263	19	34	154	0	24	20	13	46	0	20	34	5	0	30	15	62	30	0	14
SP50317	43	112	56	17	58	0	0	97	3	26	25	0	0	0	30	10	41	5	7
SP54113	1930	48	66	278	431	269	62	162	0	106	97	0	9	197	48	71	0	67	32
SP50406	3	0	0	0	1	0	4	0	0	0	0	0	0	0	0	0	5	0	0
SP51824	308	19	87	76	46	0	38	72	0	29	55	0	0	41	8	98	10	6	17
SP55387	122	0	8	36	26	19	7	14	1	0	10	5	0	18	0	0	0	0	0
SP52779	550	19	62	185	184	112	84	64	0	0	62	0	5	129	32	85	14	21	0
SP55235	1342	48	84	451	321	304	146	91	0	75	141	0	0	137	56	0	36	1	1
SP50713	164	2	13	42	35	13	0	24	0	21	55	3	0	11	6	33	16	4	0
SP50611	862	14	76	282	269	15	9	80	0	13	37	0	0	95	76	41	24	0	0
SP50485	0	7	23	11	6	43	1	6	12	11	2	0	1	0	3	6	21	0	2
SP51037	13	18	88	3	1	0	2	23	11	4	23	0	1	6	7	12	15	2	2
SP55142	1955	161	289	340	851	280	286	479	0	451	62	0	9	188	176	175	53	22	51
SP53387	401	13	17	135	144	156	16	81	0	13	48	0	5	108	35	47	32	31	21
SP54745	109	64	156	51	95	324	0	48	0	23	29	0	4	1	14	60	63	32	27
SP52284	26	22	141	16	10	0	8	33	20	17	34	0	2	6	19	25	26	4	26
SP53618	891	6	63	363	305	177	71	69	0	32	89	0	4	127	63	58	0	10	0
SP52232	441	0	0	124	125	0	28	46	0	15	21	0	5	36	27	43	8	12	3
SP50412	1	3	16	6	4	42	0	0	9	5	7	0	1	0	2	0	14	0	9
SP50321	135	0	48	76	71	22	21	44	3	0	87	0	4	12	14	36	6	4	14
SP53548	0	8	63	4	2	19	0	51	16	9	28	5	1	2	22	0	10	11	8
SP55004	0	0	3	1	3	0	1	2	0	1	7	0	0	0	0	1	2	0	0
SP56079	704	1	31	154	151	207	33	0	0	18	25	0	0	73	46	29	13	18	0
SP56168	37	21	95	12	64	66	11	28	13	21	60	9	1	0	25	29	60	9	36
SP54363	431	43	210	146	169	258	31	4	5	21	52	0	5	10	19	65	6	18	18
SP53810	2365	6	62	633	910	1126	0	0	0	0	0	0	0	249	69	0	0	22	0
SP50518	0	7	116	5	14	50	13	46	0	23	44	0	8	6	3	1	45	3	18
SP56303	23	29	135	7	85	0	0	80	8	126	151	0	10	0	21	33	44	7	45
SP55711	12	9	104	2	50	0	0	13	0	10	40	0	0	0	0	130	39	2	15
SP55509	943	10	94	319	343	80	8	96	0	8	40	0	0	84	45	88	12	7	0
SP55309	5	1	0	6	3	0	0	6	8	5	1	0	1	0	0	12	19	0	2
SP52607	10	0	21	12	12	0	0	27	0	6	7	2	0	1	3	0	15	7	1
SP52667	464	13	18	94	206	108	0	0	0	32	57	0	3	37	49	65	18	0	16
SP51446	47	0	125	0	35	0	6	31	0	0	58	7	2	6	16	43	23	4	6
SP50592	0	3	92	5	8	44	13	20	19	9	27	2	4	1	16	27	40	0	11
SP53073	284	20	45	34	51	169	11	23	0	16	64	0	0	56	19	68	17	12	0
SP56638	529	21	150	167	99	31	33	152	36	45	69	6	4	54	52	0	19	40	2
SP56537	596	99	193	100	162	44	48	229	0	16	69	1	0	80	36	11	5	28	16
SP57586	369	60	147	90	84	38	68	130	28	24	73	0	8	58	57	0	28	20	27
SP56541	597	16	1	124	132	31	51	77	0	73	71	0	5	92	38	117	16	29	8
SP56553	895	134	244	101	346	506	159	42	6	58	10	0	12	197	14	0	52	14	34
SP56771	96	28	189	26	51	0	53	75	81	27	74	0	6	13	15	11	17	0	26
SP57941	963	44	115	348	471	0	67	411	0	28	41	0	7	68	115	85	28	13	27
SP57818	656	46	74	228	285	303	50	15	0	77	145	0	8	23	19	59	26	20	15
SP56460	179	71	407	16	95	25	59	112	84	114	109	0	12	19	16	0	18	18	33
SP56474	29	133	191	24	77	0	36	77	19	47	36	0	1	2	21	23	22	16	15
SP56704	982	51	78	192	21	204	202	110	0	22	26	0	8	136	15	110	1	17	5
SP56533	292	47	113	49	96	0	80	153	42	30	67	0	2	9	48	0	31	10	36
SP56730	582	85	219	93	133	73	31	182	9	19	100	28	1	41	33	0	14	42	11
SP59245	582	33	126	107	159	33	64	107	20	327	112	41	19	40	36	76	51	45	68
SP57024	264	19	120	45	78	20	90	50	4	23	34	0	3	52	28	65	20	16	8
SP57933	744	122	165	120	225	0	49	229	27	1207	186	0	22	84	36	72	53	21	53
SP56754	280	42	125	52	129	51	29	133	5	14	59	9	0	39	47	51	7	20	0
SP56827	531	23	28	118	149	129	22	47	11	9	31	0	0	12	12	0	13	6	22
SP57084	613	90	361	108	167	88	77	182	1	51	62	0	6	33	13	29	7	25	67
SP57538	515	100	87	69	56	0	108	246	0	33	113	5	0	113	28	78	38	26	16
SP57735	621	81	33	67	133	0	146	176	0	13	65	0	1	54	4	101	20	32	0
SP57669	702	61	114	97	187	290	25	137	21	63	78	44	0	22	33	0	27	16	27
SP56566	143	37	214	43	111	0	49	14	38	38	71	4	0	23	19	3	18	8	16
SP56569	439	59	108	94	116	0	48	181	0	26	47	0	0	11	28	0	6	38	16
SP58342	864	86	360	222	167	225	41	128	35	49	57	19	0	64	35	74	11	97	12
SP58349	506	54	71	148	179	0	68	241	0	184	112	25	7	27	38	51	24	70	29
SP56644	696	96	301	105	156	107	93	117	36	82	86	0	5	17	20	132	39	19	40
SP57629	180	179	676	32	134	85	69	196	237	74	42	1	1	0	49	0	44	15	28
SP56941	13	1	90	6	1	29	2	10	26	6	17	0	0	1	5	0	10	3	0
SP57619	508	26	45	109	146	269	50	101	0	94	56	0	4	7	18	25	0	15	0
SP58245	630	113	29	137	161	203	295	183	0	29	37	0	4	0	4	143	0	15	7
SP57251	509	60	210	118	162	0	131	431	7	38	67	0	11	0	17	53	15	26	25
SP56502	699	103	179	94	195	0	35	207	8	30	74	0	9	71	35	27	70	34	1
SP58668	825	82	165	207	168	191	124	130	0	62	2	0	10	135	47	105	0	41	0
SP58101	467	109	65	94	162	152	190	111	0	30	71	0	0	82	16	55	19	44	5
SP58991	308	101	262	83	97	108	29	70	125	35	52	7	5	36	43	44	35	6	22
SP56607	263	23	150	45	46	104	73	10	15	21	53	2	1	42	27	2	12	6	22
SP58326	1264	161	282	248	251	0	187	222	28	23	73	0	6	187	41	123	0	37	0
SP57267	821	96	187	170	181	26	87	167	8	80	58	0	21	44	41	119	0	105	22
SP57066	657	33	400	107	180	263	85	67	62	84	41	0	10	65	19	177	11	34	30
SP57901	318	33	307	40	135	0	0	144	81	43	55	15	0	44	21	76	9	14	22
SP57651	147	23	76	26	82	0	30	91	13	61	49	0	9	34	27	0	39	6	1
SP57450	114	61	208	15	54	0	0	72	68	50	38	0	4	20	40	48	15	35	0
SP57846	578	44	182	90	156	280	0	16	16	19	44	0	1	123	19	37	0	24	3
SP58612	466	62	185	78	73	0	99	96	13	87	85	0	3	84	32	55	34	31	0
SP56821	598	71	278	97	72	19	10	106	0	5	48	0	3	55	17	77	23	24	10
SP58882	146	80	192	41	56	59	47	125	28	23	118	1	2	21	1	5	26	32	24
SP57189	2028	286	348	431	300	285	183	297	41	18	58	41	3	110	55	129	8	66	20
CPCT02020306T	481	0	34	176	177	47	55	71	1	0	37	18	34	67	15	6	5	18	6
CPCT02110002T	682	31	93	356	292	0	71	64	101	23	100	112	25	32	33	18	10	28	18
CPCT02020308T	0	54480	6795	0	0	0	3991	0	3778	0	0	309	223	0	882	0	1447	11	0
CPCT02020305T	279	42	93	34	87	8	36	53	46	19	53	20	62	44	25	32	11	15	20
CPCT02010356T	221	71	136	57	48	39	21	50	14	31	53	26	51	32	15	69	10	13	13
CPCT02020337T	1031	55	115	153	224	0	138	114	58	37	0	58	42	81	21	114	0	31	18
CPCT02010373T	2751	226	119	636	527	37	252	233	20	11	114	251	49	374	127	56	34	72	81
CPCT02020343T	3	4	86	11	0	66	0	35	11	34	49	50	41	19	3	32	41	3	30
CPCT02020353T	414	182	174	110	221	126	36	44	59	47	39	108	93	61	13	12	32	21	16
CPCT02020334T	661	78	97	242	179	222	81	30	0	20	61	67	72	64	46	39	18	31	24
CPCT02140018T	0	72	132	4	41	1	0	22	23	30	40	0	117	64	36	56	32	17	28
CPCT02140021T	11	38	46	0	17	59	3	0	12	15	34	17	18	0	23	85	50	0	0
CPCT02040039T	235	48	164	65	111	95	0	0	2	6	16	53	27	56	19	19	30	7	19
CPCT02010409T	207	85	167	175	81	184	77	0	0	50	71	48	91	5	33	45	74	32	39
CPCT02110010T	91	40	97	9	20	105	13	3	64	25	3	39	40	6	15	74	5	6	1
CPCT02070025T	12	0	15	4	0	0	0	17	19	0	20	6	41	13	3	0	18	0	27
CPCT02040045T	1416	114	93	532	599	278	0	116	44	80	111	85	45	134	86	11	16	59	37
CPCT02040051T	477	221	79	243	249	3	55	93	72	20	64	56	25	65	59	5	21	37	20
CPCT02040054T	251	16	153	70	23	140	32	17	66	24	31	23	76	26	29	0	8	14	19
CPCT02140028T	586	61	151	119	149	277	15	63	118	73	64	79	110	4	63	0	59	28	17
CPCT02011006T	1695	71	105	749	580	66	227	117	23	88	0	220	81	291	133	0	0	230	12
CPCT02040302T	4	284	213	6	20	17	0	0	42	6	2	32	19	33	10	47	20	23	10
CPCT02011015T	2990	742	302	1034	848	1486	801	171	4	74	0	252	91	509	212	108	83	115	68
DRUP01040009T	346	11	544	132	89	147	71	56	72	20	54	212	61	43	23	0	19	201	53
CPCT02011018T	669	76	48	274	211	320	90	54	7	36	29	28	46	184	43	33	22	48	18
CPCT02270045T	115	39	156	63	26	86	4	9	14	19	54	49	14	23	17	126	36	16	5
CPCT02120088T	0	13	42	8	0	32	6	21	9	22	31	3	175	7	9	0	30	7	23
CPCT02011022T	0	26	64	9	18	40	0	17	11	41	21	38	35	4	20	30	78	5	5
CPCT02010722T	519	66	114	71	123	3	85	75	18	234	144	64	84	42	43	83	35	38	33
CPCT02011021T	6	160	372	27	48	32	32	0	96	74	45	57	44	8	55	31	90	24	17
CPCT02011019T	295	47	65	23	124	94	83	64	44	142	42	90	56	27	4	75	19	21	2
CPCT02011008T	66	78	61	39	42	74	23	0	17	30	1	36	3	0	19	7	40	14	12
CPCT02011017T	692	229	296	179	183	218	0	0	0	24	80	57	33	78	19	0	13	25	55
DRUP01010116T	1044	305	115	317	410	399	42	156	111	89	308	203	27	60	100	57	28	225	0
CPCT02011029T	40	219	187	8	26	77	12	26	66	22	53	51	12	65	2	0	40	41	0
CPCT02020887T	4	1	12	20	1	33	0	24	5	25	48	20	29	22	25	0	18	14	16
CPCT02040214T	532	167	166	163	167	127	15	55	8	24	17	81	102	33	37	31	19	13	1
CPCT02190052T	704	86	141	328	391	34	99	52	14	3	171	85	237	85	50	0	24	38	33
CPCT02010699T	966	46	76	153	223	143	118	182	0	27	60	88	109	64	35	0	0	36	20
CPCT02040213T	505	93	113	104	66	37	18	104	118	27	82	47	90	28	34	0	29	27	11
CPCT02070276T	688	28	0	96	173	343	48	80	0	181	94	41	160	25	13	0	2	32	11
CPCT02040208T	0	38	52	0	20	30	0	15	36	13	13	14	133	4	2	0	8	1	8
DRUP01040010T	1642	66	145	535	389	355	257	58	3	23	0	78	55	91	50	37	12	55	41
CPCT02040315T	677	14	64	256	163	115	18	84	0	2	62	82	15	65	30	23	39	28	17
CPCT02040313T	159	106	34	14	37	150	54	111	11	7	43	92	23	25	15	1	29	6	6
CPCT02040312T	38	11	126	9	24	100	45	25	21	32	20	38	16	1	8	2	28	9	20
CPCT02010727T	693	154	1417	159	290	167	155	70	155	67	48	29	167	14	43	75	7	67	0
CPCT02010728T	45	30	27	0	69	150	7	34	28	57	304	76	98	19	50	15	25	9	21
CPCT02011031T	198	89	96	40	58	0	7	39	30	359	95	45	59	4	23	101	16	32	17
CPCT02011035T	254	21	127	131	110	0	0	75	30	41	84	20	36	35	24	37	20	37	13
CPCT02011038T	0	0	0	0	15	12	0	0	3	3	0	23	9	1	1	0	13	2	0
CPCT02010927T	202	66	196	40	90	147	41	60	125	103	88	81	18	37	19	0	48	7	38
CPCT02070447T	0	20	623	20	44	30	23	0	158	25	22	38	33	0	7	34	35	24	21
DRUP01020043T	2	8	13	2	36	0	3	0	10	23	35	0	21	13	4	50	27	4	19
DRUP01270007T	2	57	221	13	15	30	0	0	82	2	77	16	20	41	28	45	32	14	22
CPCT02011040T	5	0	38	10	5	14	0	26	6	3	13	34	25	17	5	60	23	12	0
CPCT02011032T	8	56	1	15	24	95	0	5	46	32	12	15	41	8	10	24	75	7	16
CPCT02010738T	631	328	326	238	139	168	21	80	184	14	86	85	108	34	73	3	20	37	21
CPCT02011044T	184	60	191	70	71	0	0	36	15	15	52	56	5	2	29	9	33	21	11
CPCT02011036T	177	134	352	49	82	63	30	76	208	85	170	59	27	31	44	133	119	15	57
CPCT02020906T	89	125	553	33	61	6	2	116	111	2037	189	64	119	0	53	0	92	71	11
CPCT02011046T	245	7	60	33	68	0	90	74	0	34	33	6	26	39	14	118	35	19	24
CPCT02011047T	49	124	88	10	49	11	0	16	39	63	51	31	32	12	5	11	43	26	7
CPCT02011050T	0	33970	4029	0	0	0	1511	0	1081	0	0	84	24	154	709	0	1465	0	0
CPCT02390011T	73	20	44	13	78	57	13	8	13	91	377	30	91	3	14	11	3	10	11
CPCT02080188T	2317	234	388	750	408	613	257	258	21	69	114	104	136	239	103	120	11	31	18
CPCT02020912T	106	77	125	73	58	18	0	0	0	16	63	6	22	26	10	79	38	27	7
CPCT02120100T	0	14	33	5	10	56	0	28	0	12	26	20	80	22	27	19	38	9	27
CPCT02011053T	275	87	259	110	103	53	53	75	20	35	82	34	28	60	45	22	28	31	5
CPCT02011055T	783	124	68	356	269	144	152	215	50	41	59	65	35	72	42	53	30	140	25
DRUP01010119T	22	13	92	26	0	25	0	44	20	58	72	4	35	8	30	61	70	38	31
DRUP01010116TII	1059	445	134	328	435	428	55	144	154	123	348	237	33	51	114	75	26	274	0
CPCT02040317T	1193	84	85	153	129	0	140	175	64	46	79	93	33	64	18	81	8	28	3
CPCT02040320T	804	59	235	139	124	114	93	90	196	94	21	70	46	124	32	120	0	52	47
CPCT02010955T	0	1014	320	1	105	71	0	128	83	76	51	47	41	0	37	58	28	48	21
CPCT02011057T	120	114	397	31	22	0	19	1	123	55	14	33	53	63	41	160	41	19	15
CPCT02011059T	32	1	21	15	0	6	27	11	21	20	43	56	15	9	15	29	30	5	25
CPCT02011052T	1617	50	89	333	263	218	371	216	82	75	178	148	47	264	75	2	48	103	47
CPCT02011056T	58	78	242	4	57	36	18	38	167	143	18	69	37	39	35	62	87	19	30
CPCT02270046T	394	47	159	130	107	0	112	72	139	13	54	26	44	36	16	2	7	21	47
CPCT02011042T	12	15	39	7	20	0	20	17	7	38	23	30	19	0	14	58	49	6	0
CPCT02100145T	461	38	147	174	143	129	116	36	34	52	132	25	66	30	39	7	53	15	47
CPCT02130173T	11	431	119	28	45	0	17	10	81	65	41	85	47	5	67	113	140	13	17
CPCT02011067T	4	83	232	36	42	52	1	19	103	57	41	53	166	4	18	88	14	11	21
CPCT02190029T	36	250	261	15	102	0	0	34	99	88	53	61	118	0	26	109	42	7	36
CPCT02020925T	1018	112	231	413	307	413	189	29	53	48	15	81	31	24	55	0	79	27	0
CPCT02011051T	0	79	196	2	51	0	2	14	47	20	10	24	25	0	23	115	13	17	53
DRUP01010066T	320	110	68	68	56	0	12	163	50	17	59	18	203	35	33	0	19	10	15
CPCT02011065T	43	65	285	36	10	0	3	27	62	40	73	65	29	27	18	98	72	14	45
CPCT02011080T	11	31	84	0	14	0	0	0	16	12	4	40	12	12	2	55	0	14	0
CPCT02010741T	0	72	168	29	46	111	0	28	36	45	30	0	84	0	32	7	33	25	14
CPCT02011082T	373	437	157	78	104	32	28	43	49	61	9	57	39	53	60	113	77	37	20
CPCT02011079T	1291	706	279	536	361	211	139	96	1	19	45	122	53	57	151	0	134	46	27
CPCT02011077T	11	3	207	8	0	0	7	7	38	2	32	24	17	14	14	0	11	4	15
CPCT02270047T	694	67	80	83	126	302	191	92	50	36	55	117	33	18	15	13	0	14	21
CPCT02410018T	1130	56	77	209	256	343	50	161	0	34	1	84	56	100	12	0	8	42	31
CPCT02011074T	242	40	248	67	66	0	26	70	146	48	7	8	30	60	22	37	36	15	13
CPCT02011089T	19	69	251	9	40	0	10	61	107	53	82	11	48	18	27	74	56	20	34
CPCT02011086T	272	4	110	82	90	29	37	106	64	528	40	44	59	31	14	0	25	93	52
CPCT02011088T	850	140	277	416	212	267	152	173	166	65	182	88	46	31	70	39	18	58	29
CPCT02011087T	574	136	356	186	167	70	4	47	51	22	69	64	25	54	38	9	5	22	28
CPCT02020671T	3877	793	173	1254	998	871	276	316	0	24	0	204	114	388	177	2	45	76	21
CPCT02011071T	13	26	267	26	17	0	19	21	16	9	24	29	14	10	6	78	24	9	26
CPCT02040216T	13	82	184	17	2	1	0	6	68	22	27	15	60	0	5	55	25	34	42
CPCT02140057T	589	158	70	139	480	145	0	295	56	176	20	117	78	38	28	49	17	42	28
CPCT02040221T	320	346	94	79	145	32	0	123	49	41	70	69	47	0	29	34	70	0	46
WIDE01010002T	369	65	282	149	168	132	11	50	50	75	116	66	48	29	73	72	23	142	25
CPCT02010500T	6	271	312	1	54	25	0	38	105	22	20	20	36	12	17	86	24	13	15
CPCT02010966TII	10	3	153	15	5	62	0	0	52	17	49	105	38	20	22	37	40	114	46
CPCT02010942TII	10	160	146	29	35	56	0	50	38	24	27	81	28	17	36	0	55	39	35
WIDE01010003T	0	113	63	0	0	38	0	1	2	32	5	74	21	14	28	22	46	2	15
CPCT02190031T	28	166	165	16	98	0	0	44	108	70	0	4	59	0	22	90	44	3	35
CPCT02011093T	9	26	65	15	0	0	4	52	48	37	25	8	18	9	11	0	19	12	15
CPCT02011097T	425	23	261	90	118	28	92	136	174	183	80	116	81	45	47	51	26	23	14
DRUP01060011T	14	53	85	32	14	0	28	23	57	24	23	0	50	0	29	39	14	2	31
CPCT02011069T	536	101	77	189	246	49	113	98	19	58	57	49	52	52	54	49	28	36	56
DRUP01060014T	1	21	127	19	22	0	15	0	33	15	53	28	126	22	12	7	42	5	16
DRUP01010064T	85	17	128	12	47	0	28	40	14	14	54	43	93	37	15	28	13	2	15
CPCT02120107T	378	55	44	53	106	177	94	65	24	38	16	1	62	21	56	24	31	19	14
CPCT02011102T	1	130	298	11	6	56	0	41	15	35	13	49	17	4	15	104	21	5	8
CPCT02040330T	673	41	104	139	133	154	59	120	72	72	14	66	37	47	25	31	10	26	14
CPCT02040299TII	274	303	194	115	146	0	90	142	43	114	85	97	39	61	34	186	44	144	17
WIDE01010034T	3	7	121	12	0	38	0	0	18	9	28	8	18	5	7	3	21	18	16
CPCT02040332T	493	10	61	164	102	123	67	194	33	88	66	77	44	0	0	0	3	28	30
CPCT02230086T	0	24531	4791	0	205	0	3038	85	1145	0	0	78	20	0	0	0	37	154	0
CPCT02011070T	21	75	207	2	64	0	16	2	100	45	49	54	47	0	24	132	28	28	9
WIDE01010026T	0	135	557	41	67	116	9	19	232	64	72	15	26	35	27	24	9	53	44
CPCT02390020T	386	116	202	51	153	0	156	159	45	22	17	58	74	21	13	0	13	13	17
CPCT02011106T	114	88	77	25	52	2	43	50	92	34	40	53	32	0	40	4	16	23	8
CPCT02410019T	1072	238	34	349	291	168	180	188	0	26	23	94	17	102	145	0	232	47	0
CPCT02270022T	177	150	245	54	88	49	49	31	49	71	35	27	115	37	29	38	27	25	18
CPCT02011040TII	12	0	44	8	7	0	4	32	7	10	19	34	24	18	17	39	29	12	0
CPCT02010760T	444	123	263	454	73	0	30	124	52	46	80	100	39	73	33	4	25	26	10
WIDE01010057T	13	18	124	5	0	0	4	46	15	27	57	10	4	0	19	79	36	12	0
WIDE01010065T	1304	109	290	335	315	15	268	168	35	41	211	98	28	161	72	41	34	40	38
CPCT02020964T	532	31	101	143	172	175	55	110	137	136	338	82	48	21	64	0	16	45	47
CPCT02050321T	173	78	160	16	25	43	23	61	123	18	84	56	97	29	35	56	53	8	14
CPCT02010779T	41	152	89	7	111	31	0	117	37	85	122	45	110	29	26	17	52	21	33
CPCT02011105T	191	169	134	99	126	92	24	0	11	20	18	70	45	0	24	120	26	32	87
CPCT02011107T	793	151	177	319	264	295	41	19	52	52	13	0	39	119	36	0	31	36	23
WIDE01010615T	11	47	211	17	22	0	15	39	102	28	22	15	36	15	24	0	28	27	38
WIDE01010130TII	5	6	23	4	7	8	10	6	0	15	15	0	26	3	10	71	0	0	14
WIDE01010041T	784	87	40	125	174	0	88	200	81	40	59	123	32	33	27	0	11	22	36
CPCT02040225T	961	63	203	331	324	107	147	190	59	45	45	182	81	80	43	0	16	46	15
WIDE01010058T	42	110	324	1	37	0	16	54	57	12	9	32	23	21	22	126	57	18	1
WIDE01010083T	131	92	77	91	64	119	39	13	8	11	50	26	9	46	21	3	21	6	0
CPCT02040234T	682	77	35	95	204	91	159	79	108	39	135	36	108	37	19	22	10	21	1
CPCT02011089TII	13	36	177	15	42	0	15	57	48	42	71	0	51	37	14	65	37	29	22
CPCT02010781T	579	105	69	159	214	14	83	230	30	67	74	108	89	47	28	29	45	32	0
WIDE01010088T	357	65	65	198	205	0	38	45	27	37	153	55	25	0	14	0	28	22	47
WIDE01010081T	0	17	357	0	51	91	0	46	42	55	14	30	40	0	7	34	38	32	24
DRUP01010078T	3597	230	190	1130	564	1168	391	329	0	0	0	191	114	418	146	2	3	88	41
WIDE01010079T	4	55	52	0	19	30	0	7	16	8	14	11	25	18	4	26	23	11	36
WIDE01010089T	20	52	198	28	0	32	12	0	68	19	47	23	29	13	35	70	45	21	0
WIDE01010082T	178	229	130	16	78	41	42	39	0	26	55	33	27	32	31	142	57	18	0
WIDE01010075T	0	19992	1266	0	0	0	915	694	0	5	0	0	71	0	0	0	0	12	0
CPCT02270049T	73	160	199	18	68	158	0	37	170	107	179	30	40	6	38	0	19	20	58
WIDE01010099T	0	56	102	12	1	27	1	12	0	30	14	3	18	0	8	44	23	2	1
CPCT02040341T	0	16	101	16	51	0	12	36	16	16	22	5	15	24	0	11	25	9	7
WIDE01010104T	823	50	211	335	231	372	46	70	85	15	56	51	24	51	41	0	16	38	24
WIDE01010090T	0	26	161	12	6	29	1	20	61	61	11	14	20	11	6	1	35	13	26
CPCT02040338T	0	10	46	6	16	5	3	9	0	18	12	17	15	1	0	63	10	11	0
WIDE01010105T	463	66	202	156	135	40	10	40	25	22	67	46	20	28	40	0	0	25	22
CPCT02040340T	0	18	15	91	46	254	0	260	24	24	182	44	29	21	32	0	25	13	70
CPCT02100156T	437	77	319	109	52	164	43	46	45	37	73	26	126	36	23	0	18	0	6
WIDE01010115T	189	12	295	115	133	10	66	40	56	89	83	55	29	15	34	0	31	17	42
WIDE01010122T	845	227	259	284	333	40	46	77	44	97	124	59	58	80	57	35	61	40	44
CPCT02100149T	835	77	151	321	268	0	0	139	0	40	128	54	80	55	55	91	18	6	8
WIDE01010121T	137	63	70	18	17	12	19	47	0	94	56	73	65	8	31	65	29	29	19
CPCT02010776T	0	10	59	5	26	22	4	11	21	33	27	0	130	0	16	1	20	10	3
CPCT02050339T	433	84	191	138	196	0	137	204	25	53	94	72	134	44	0	100	0	33	57
CPCT02050439T	1	238	3311	44	25	0	0	127	8	25	2	16	39	0	8	37	6	31	4
WIDE01010130T	0	27	80	16	1	29	25	23	20	43	15	8	43	10	20	109	9	8	23
WIDE01010134T	24	144	251	16	47	137	0	13	108	63	49	51	66	0	60	69	72	21	5
WIDE01010139T	2212	500	422	1131	480	403	391	2	0	39	0	267	102	268	75	129	57	121	26
CPCT02050344T	84	12	38	13	39	20	21	14	21	30	27	54	157	10	5	113	37	9	7
WIDE01010192T	18	25	19	6	12	0	0	23	18	13	23	9	10	23	6	17	14	9	2
WIDE01010005T	16	85	177	18	29	0	24	50	76	21	27	19	28	2	15	81	29	8	13
CPCT02011068T	4	100	489	0	43	0	0	16	43	9	40	39	22	21	16	84	27	12	0
WIDE01010151T	0	18	90	3	39	19	17	30	34	38	31	32	36	10	23	39	25	20	32
CPCT02050346T	857	28	59	146	152	0	74	127	38	27	106	54	134	59	21	58	15	0	0
CPCT02160045T	507	152	309	159	101	24	177	153	175	108	139	117	232	27	25	0	44	51	79
WIDE01010189T	426	100	237	118	166	0	153	116	116	56	89	48	56	60	9	186	3	7	25
CPCT02040215T	0	21	75	2	40	12	0	16	41	38	24	0	140	1	7	0	14	7	29
WIDE01010176T	20	28	112	11	58	0	32	43	31	40	28	55	32	26	20	61	15	11	42
WIDE01010175T	0	13	41	0	2	0	0	0	13	3	2	21	13	9	1	16	5	4	2
WIDE01010188T	296	259	404	135	69	42	0	44	49	16	53	66	12	56	20	83	23	36	16
CPCT02370019T	132	110	233	24	41	132	5	37	67	42	39	0	138	0	17	162	41	22	33
CPCT02010802T	62	34	155	31	26	26	2	37	56	26	116	26	105	0	32	52	17	19	21
CPCT02010807T	378	192	330	115	194	19	56	36	21	25	66	18	79	76	26	11	14	27	18
WIDE01010224T	859	263	153	469	346	51	0	148	11	116	99	108	44	98	78	1	37	35	6
CPCT02070320T	923	53	71	177	284	0	119	377	52	99	37	136	62	100	25	0	34	25	0
WIDE01010217T	1782	77	69	403	387	327	231	146	36	26	123	92	56	166	60	38	95	58	67
CPCT02070321T	12	5	0	2	28	0	10	11	10	11	33	16	38	0	0	33	26	0	0
WIDE01010191T	3	5	44	7	0	28	3	12	9	3	26	24	18	0	6	31	4	8	5
WIDE01010256T	238	12	14	82	97	105	0	11	0	21	42	28	18	24	4	7	6	11	17
WIDE01010241T	29	631	358	15	69	0	0	1	45	28	56	58	21	48	73	51	114	11	32
WIDE01010253T	32	258	367	39	8	38	4	0	95	13	28	63	21	4	33	80	11	11	5
WIDE01010260T	672	37	34	227	239	0	56	10	0	45	66	125	23	23	30	0	6	125	51
CPCT02010797T	1121	162	166	221	96	268	154	143	137	127	0	112	179	150	13	244	4	62	22
WIDE01010276T	1092	107	190	440	282	626	165	70	24	35	38	194	27	28	48	0	33	35	4
WIDE01010019T	997	61	94	422	404	0	29	144	6	49	51	122	56	39	57	48	37	46	7
WIDE01010263T	601	349	356	66	95	324	61	221	100	262	130	139	69	28	49	19	115	49	48
CPCT02270029T	2677	450	297	743	676	512	423	188	52	51	0	86	253	263	183	79	62	39	0
WIDE01010287T	544	113	284	260	193	203	46	14	0	128	110	80	36	66	41	125	10	40	5
WIDE01010194T	0	56	174	37	10	24	0	36	62	15	54	35	19	42	24	60	10	11	28
WIDE01010193T	0	53	96	8	39	56	0	12	13	45	38	66	30	12	13	59	122	9	15
CPCT02010780T	2333	122	203	837	507	263	95	111	4	14	39	200	107	106	143	0	7	57	12
WIDE01010307T	511	107	500	149	139	159	0	32	180	46	12	71	47	109	48	39	76	12	42
CPCT02270026T	1417	909	979	529	490	299	242	252	264	33	37	0	128	162	75	66	67	97	39
WIDE01010315T	48	43	37	0	126	0	62	135	104	109	94	71	46	1	35	86	48	5	64
WIDE01010316T	20	151	215	11	34	0	19	3	8	25	103	50	22	0	43	63	58	5	34
WIDE01010306T	349	8	47	155	85	17	56	53	0	3	47	60	15	23	45	34	20	11	0
CPCT02010722TII	460	56	132	54	107	87	48	109	28	187	85	33	147	26	41	34	46	32	40
WIDE01010313T	13	36	130	8	29	0	0	44	24	7	40	43	16	24	6	53	20	12	0
WIDE01010334T	320	7	86	105	44	72	0	39	12	9	50	29	16	5	11	36	2	18	16
WIDE01010333T	423	118	105	77	187	148	195	142	71	176	101	104	46	0	27	68	29	24	3
WIDE01010363T	555	244	114	230	289	302	31	54	43	178	106	63	64	6	55	31	93	33	25
WIDE01010343T	14	308	573	8	4	3	30	29	321	7	0	49	29	34	29	0	56	23	29
WIDE01010036T	403	29	108	74	99	22	89	45	2	25	70	77	28	9	28	57	7	20	19
CPCT02010782T	1449	43	85	335	170	120	226	71	8	27	104	124	26	185	33	0	0	50	45
DRUP01080030T	82	15	102	19	20	0	1	20	31	19	94	0	21	28	25	9	28	6	40
WIDE01010368T	18	255	536	10	14	18	11	42	98	23	34	48	38	0	10	96	10	13	4
WIDE01010242T	12	500	438	12	48	37	9	58	172	76	10	81	33	0	20	88	41	26	24
WIDE01010399T	0	41	169	2	12	39	12	11	41	13	38	19	20	5	38	12	48	14	21
WIDE01010395T	0	59	138	5	40	49	21	66	81	22	0	74	48	0	21	33	35	14	32
DRUP01230005T	965	51	106	320	278	223	54	44	4	3	23	113	43	83	56	0	20	42	11
DRUP01340010T	9	23	152	24	21	0	13	5	77	20	46	53	142	0	25	65	50	22	36
WIDE01010419T	11	85	142	10	16	0	10	71	91	16	18	23	15	0	9	17	37	4	27
WIDE01010403T	71	158	266	38	67	170	0	29	61	9	30	34	38	14	25	0	55	32	10
WIDE01010398T	698	57	90	241	330	173	23	4	16	38	34	86	35	15	32	59	19	12	0
WIDE01010422T	1491	399	139	722	397	354	30	113	65	42	0	116	51	169	77	96	4	59	0
WIDE01010390T	1179	143	210	350	423	328	62	0	19	24	19	102	43	59	46	41	2	39	33
DRUP01010149T	0	5	113	12	9	0	5	21	39	22	36	9	10	11	11	37	32	10	8
WIDE01010449T	92	64	56	5	40	67	27	20	57	57	21	46	24	24	15	0	11	12	16
WIDE01010238TII	741	64	5	336	365	51	11	116	0	242	755	116	44	39	121	245	68	61	27
WIDE01010417T	0	10	196	7	2	90	4	0	23	6	34	39	13	0	33	46	51	25	29
CPCT02370031T	146	21	77	54	87	206	33	26	13	54	30	45	56	28	21	0	27	9	27
CPCT02010811T	274	52	114	116	86	129	90	21	6	55	25	18	151	54	31	0	21	23	17
CPCT02010842T	0	183	46	11	14	0	21	15	0	44	38	20	113	0	237	0	304	5	15
CPCT02010836T	188	49	79	30	84	0	66	77	76	25	42	36	56	27	15	35	14	21	10
CPCT02010683T	903	711	345	498	580	0	37	101	86	29	72	100	67	69	107	0	61	42	26
CPCT02010852T	976	331	300	238	311	212	113	138	98	151	191	53	103	106	54	0	23	24	37
CPCT02040255T	120	93	169	90	104	171	1	145	70	139	382	85	65	22	59	17	25	31	74
CPCT02010858T	13	8	68	5	0	44	0	0	0	10	40	7	30	28	5	44	8	1	0
CPCT02010849T	12	75	46	0	0	1	0	17	8	84	0	9	219	0	37	117	71	13	9
CPCT02390026T	1510	136	149	410	425	164	183	193	10	83	76	108	98	153	37	101	21	42	36
CPCT02010870T	1212	470	557	320	231	445	297	251	186	58	17	179	74	172	61	12	33	43	25
CPCT02010847T	1428	259	88	862	608	5	89	282	0	276	449	110	209	143	95	89	15	73	0
CPCT02190039T	0	201	212	2	26	159	0	112	69	31	32	0	37	0	28	59	69	152	19
CPCT02120147T	1101	66	197	366	307	0	7	128	38	40	120	90	105	143	35	0	45	6	47
CPCT02010865T	5	1	77	11	9	0	12	31	13	7	9	0	78	2	6	36	11	5	22
CPCT02190040T	28	47	110	6	45	21	0	14	36	41	40	32	65	2	5	36	12	12	15
CPCT02120140T	34	345	193	14	85	134	0	0	19	51	34	30	76	19	41	0	55	12	37
CPCT02120138T	25	26	98	2	71	104	3	12	2	43	63	4	64	0	19	102	32	27	27
CPCT02370034T	952	135	277	234	151	117	88	261	64	58	80	86	74	87	26	0	5	43	18
CPCT02390028T	234	23	113	59	67	59	38	62	0	4	62	56	27	12	36	50	21	10	25
CPCT02010874T	246	259	103	174	202	92	0	97	19	65	77	91	54	0	40	2	44	36	85
CPCT02010867T	4564	89	112	2524	1381	705	338	133	1	12	0	215	133	487	45	0	6	156	2
DRUP01010086T	961	45	78	152	218	130	119	193	0	26	90	56	141	54	36	0	0	37	13
CPCT02190043T	1201	113	239	677	398	123	36	135	35	42	106	150	47	151	56	0	28	38	19
CPCT02270034T	451	53	263	140	234	232	106	149	112	183	28	68	107	9	0	0	18	184	75
CPCT02390030T	600	27	96	257	162	219	42	75	18	69	37	17	61	35	39	60	14	20	6
DRUP01270004T	38	193	319	410	31	0	38	0	0	41	0	37	79	32	0	336	10	21	81
WIDE01010591T	21	15	174	19	12	0	19	33	0	35	69	66	16	22	21	0	25	7	15
CPCT02390032T	1749	114	36	826	515	430	105	106	0	55	0	107	59	44	86	0	0	38	0
CPCT02010853T	47	7	203	0	51	0	51	54	73	942	112	88	76	0	35	187	25	22	0
CPCT02190045T	845	19	146	177	139	73	78	111	35	47	106	64	61	121	23	37	40	9	14
CPCT02030508T	1285	50	63	279	221	351	98	340	1	67	320	45	138	23	60	0	13	66	29
CPCT02010567TII	2	7	72	0	12	0	0	8	0	22	21	29	126	171	0	0	31	10	25
CPCT02040215TII	0	46	118	0	54	10	0	14	59	69	30	18	48	0	11	22	35	16	27
DRUP01010090T	1080	377	333	261	321	386	224	108	91	45	92	90	55	73	100	0	81	39	28
CPCT02020784T	5	14	81	28	21	10	5	38	6	7	7	27	62	17	23	32	15	2	5
CPCT02010904T	339	62	148	42	96	44	6	69	58	30	29	64	87	19	1	86	17	16	7
CPCT02330122T	0	883	851	27	69	0	0	164	300	40	25	171	70	0	50	38	67	59	38
CPCT02270036T	478	214	457	107	122	116	100	88	432	57	110	31	83	52	35	12	32	23	32
CPCT02010894T	16	69	295	70	53	5	0	10	30	16	18	0	87	3	11	92	18	21	1
CPCT02010897T	524	47	188	82	53	174	18	125	53	48	139	42	87	92	7	0	0	3	22
DRUP01010092T	22	41	64	0	38	98	7	0	57	122	7	56	134	16	23	37	37	45	18
CPCT02010903T	6	158	376	8	50	38	0	0	87	21	21	8	79	20	4	8	40	23	14
CPCT02410006T	453	133	275	86	123	24	93	107	119	25	64	19	85	59	4	0	30	15	9
CPCT02190047T	435	261	163	158	223	47	8	190	85	117	0	66	79	48	48	0	34	15	0
DRUP01140006T	607	171	53	141	493	117	14	298	82	181	21	120	124	39	18	47	18	49	26
CPCT02120152T	7	36	66	13	39	24	8	20	6	1	59	35	145	5	0	11	31	3	4
CPCT02010895T	1008	144	502	55	95	204	165	145	116	458	103	45	101	123	39	111	59	32	11
CPCT02040286T	891	117	254	322	381	125	11	49	139	78	36	42	131	26	40	0	9	224	50
CPCT02010913T	618	250	118	204	218	108	0	122	21	37	24	109	57	60	60	92	73	37	30
CPCT02010911T	2575	388	130	862	1008	321	319	207	78	110	93	207	113	215	161	0	25	50	59
CPCT02100184T	364	112	168	84	109	54	9	114	157	45	45	86	52	53	37	90	24	25	0
CPCT02330123T	908	101	151	185	139	220	44	134	145	40	27	134	93	71	49	35	0	36	33
CPCT02010919T	3	1	32	4	6	0	0	0	18	0	0	30	118	1	15	18	29	4	1
CPCT02410013T	862	89	161	262	324	24	79	134	30	13	44	82	37	43	74	0	35	19	26
CPCT02120161T	525	84	101	274	199	206	54	73	0	13	55	53	77	57	40	54	12	14	11
CPCT02010924T	333	14	30	124	173	54	23	40	31	1	47	39	36	55	24	0	35	12	11
CPCT02030531T	435	77	169	78	115	148	59	102	38	32	122	72	57	36	4	0	23	29	11
CPCT02060261T	962	101	131	338	222	64	185	39	6	525	237	92	80	143	47	0	27	27	684
CPCT02060265T	252	129	168	86	136	99	14	110	31	60	259	4	74	8	49	112	19	34	12
CPCT02010918T	943	213	78	269	227	234	132	215	91	101	26	37	101	2	33	91	12	600	0
CPCT02010925T	1026	151	145	300	283	37	57	158	20	73	2	8	104	92	59	60	26	27	0
CPCT02070380T	797	292	106	172	200	182	146	326	95	101	77	141	292	108	38	0	4	51	245
CPCT02010931T	204	108	84	28	62	0	51	90	55	39	48	61	67	7	27	9	67	9	14
DRUP01010096T	2035	377	184	936	702	151	235	137	27	124	74	176	141	161	195	167	109	59	30
CPCT02010938T	286	39	331	41	82	21	33	93	31	30	28	48	142	39	18	80	44	23	8
CPCT02010894TII	8	228	290	47	20	0	1	21	120	40	1	15	47	0	2	130	0	49	24
CPCT02010945T	721	136	116	304	214	109	88	99	2	26	97	82	129	95	25	75	26	42	15
CPCT02120167T	799	132	201	247	75	108	190	93	256	69	32	52	78	142	34	75	25	8	29
DRUP01190001T	172	102	132	12	76	0	10	61	31	46	52	12	92	15	0	33	21	103	19
CPCT02010776TII	0	32	121	7	42	87	20	0	33	40	41	64	68	10	41	25	63	27	0
CPCT02070393T	1093	346	25	279	226	141	106	56	15	54	91	40	161	68	85	51	85	27	4
CPCT02070396T	5	141	137	0	32	0	2	8	55	0	74	50	58	47	29	41	27	15	3
DRUP01010101T	169	60	117	31	99	57	103	134	76	87	185	18	109	64	31	21	11	73	68
CPCT02030546T	1859	62533	17741	1767	92	0	10201	150	5961	0	0	728	237	1000	440	0	423	32	0
CPCT02240013T	18	86	215	5	41	0	10	53	58	50	27	33	38	16	18	87	39	12	11
CPCT02010953T	32	111	494	17	38	3	0	97	209	14	18	23	51	59	26	17	33	22	31
DRUP01010102T	237	264	123	20	73	0	63	92	123	64	65	93	48	22	47	90	86	37	32
CPCT02010967T	828	149	82	394	329	119	108	121	8	13	63	88	110	41	23	12	19	38	5
CPCT02390005T	71	11	93	16	57	46	14	32	7	10	29	11	109	23	27	0	17	10	9
CPCT02010966T	0	2	131	14	21	38	0	21	39	23	83	16	93	9	10	70	35	9	24
DRUP01010038T	0	52	151	2	27	40	12	41	21	6	32	3	83	7	16	73	10	6	31
CPCT02050412T	0	249	423	0	13	81	0	44	111	18	52	25	47	0	38	60	54	3	10
DRUP01020006T	122	10	244	47	25	4	35	72	95	82	146	15	88	9	53	45	81	24	2
CPCT02010954T	1275	308	219	284	350	270	174	367	98	471	157	198	87	65	121	47	86	95	0
DRUP01010104T	183	123	349	155	70	0	24	54	95	98	293	37	45	47	37	0	19	23	25
CPCT02070399T	2	43	229	11	54	30	5	8	58	100	18	28	39	0	35	53	31	6	36
DRUP01050038T	5	31	227	20	18	0	0	20	23	18	59	25	58	30	37	58	0	4	16
CPCT02390006T	245	94	170	32	234	54	119	118	50	247	93	35	102	15	19	127	9	26	6
CPCT02120172T	3	42	63	0	15	28	0	2	29	35	33	14	51	0	26	55	25	7	9
CPCT02010655T	6	19	72	2	14	0	21	0	69	39	35	22	60	2	14	11	9	9	6
CPCT02010869T	9	21	44	6	4	28	13	14	55	21	43	28	58	22	6	11	22	0	8
CPCT02040298T	0	8	2	7	8	8	0	22	5	0	14	41	18	0	8	50	0	2	4
CPCT02040299T	245	244	139	58	151	34	59	158	76	87	95	27	45	28	43	122	53	13	13
CPCT02010981T	5	50	122	0	36	0	0	25	37	49	29	4	56	0	11	57	13	9	40
CPCT02010979T	327	161	104	91	199	74	45	55	2	88	15	109	63	80	19	110	30	40	23
CPCT02010977T	387	118	78	73	107	102	89	130	15	16	26	0	50	46	75	6	68	22	12
CPCT02010982T	18	6	189	2	47	11	11	3	171	28	14	29	175	20	23	39	35	12	28
CPCT02040173T	728	303	184	127	118	76	16	108	34	23	53	43	56	48	35	32	44	33	11
CPCT02010926T	15	342	311	1	88	90	0	29	156	127	45	19	74	27	30	0	86	20	37
CPCT02010965T	0	145	325	36	85	79	0	1	45	40	42	104	22	32	68	64	105	53	39
CPCT02070404T	160	4	74	66	31	0	0	20	7	0	19	100	29	44	17	10	32	173	8
CPCT02010986T	701	1180	19	90	39	0	231	143	0	39	3	46	58	0	861	0	1290	27	0
CPCT02270041T	0	56	168	15	1	50	0	0	56	0	56	16	22	20	16	29	30	11	16
CPCT02010980T	599	127	310	89	98	36	73	81	138	46	82	63	50	101	26	0	12	44	30
CPCT02040174T	516	39	603	255	109	285	14	51	0	47	73	69	76	26	16	0	33	9	4
CPCT02010972T	1661	112	187	646	454	743	196	76	0	104	191	126	71	114	76	0	35	40	48
CPCT02010990T	15	1	59	4	10	19	4	20	58	19	2	21	18	2	29	36	32	18	14
CPCT02010976T	576	125	211	180	145	28	111	37	120	30	31	87	34	40	34	0	35	40	15
CPCT02080156T	82	84	163	45	38	39	0	40	0	24	51	26	143	9	20	23	8	14	77
CPCT02010985T	405	40	83	180	144	0	0	157	53	36	38	21	62	52	7	63	21	87	8
CPCT02010984T	639	14	26	250	209	0	24	105	5	20	49	85	3	34	22	0	0	24	18
DRUP01060026T	16	24	81	3	19	0	5	31	14	50	69	22	6	18	18	0	9	27	28
CPCT02270043T	102	21	69	61	99	68	34	112	78	15	29	27	57	12	26	0	30	18	37
CPCT02010989T	0	74	47	0	56	58	0	88	0	55	115	17	56	9	27	9	29	19	0
CPCT02040301T	943	34	50	218	152	0	88	244	11	37	39	78	63	50	30	27	8	49	19
DRUP01010111T	283	110	313	170	101	85	5	89	16	41	71	81	23	18	49	0	57	35	27
DRUP01010110T	14	5	84	4	12	0	9	28	0	13	9	7	21	0	15	36	0	14	22
CPCT02011001T	10	37	108	22	2	51	7	0	46	21	28	23	40	0	14	30	73	0	0
CPCT02040305T	1356	55	104	255	274	176	97	246	99	95	19	116	38	106	45	0	0	31	26
CPCT02011004T	890	0	32	308	392	0	74	57	0	14	20	38	17	63	47	0	36	27	29
DRUP01090005T	563	190	219	116	155	10	128	115	60	63	15	60	180	71	40	168	10	81	24
CPCT02020872T	2529	25	42	97	0	891	17	0	49	43	0	56	86	93	0	0	0	41	18
CPCT02011009T	0	165	249	24	17	114	0	17	120	116	25	28	69	14	25	0	66	22	31
CPCT02120070T	510	62	187	70	180	45	64	185	43	17	66	90	61	34	53	45	0	35	22
CPCT02040309T	180	52	97	19	88	0	32	52	56	26	46	30	27	42	22	0	16	27	27
CPCT02040115TII	174	22	10	82	16	0	0	0	1	23	74	123	33	97	23	0	11	255	14
CPCT02190020T	2380	307	183	1003	518	679	704	179	7	244	62	448	177	250	141	0	58	126	72
CPCT02040172T	697	31	106	81	115	0	33	96	34	47	6	42	164	27	18	0	0	19	32
CPCT02020630T	1277	499	127	102	171	852	206	0	67	576	229	89	195	63	702	0	1006	49	0
CPCT02010667T	740	55	45	238	189	360	70	28	0	18	11	49	47	113	41	0	9	14	9
CPCT02010676T	539	106	175	101	170	333	117	181	42	166	42	87	73	58	41	0	7	11	1
CPCT02230060T	988	73	77	405	594	0	12	71	64	70	0	125	147	9	71	207	47	80	10
CPCT02010660T	821	46	49	156	117	164	130	65	21	0	54	62	173	74	16	29	0	39	19
CPCT02040186T	785	204	204	167	248	203	127	377	116	118	37	47	122	102	33	0	16	33	27
CPCT02020458T	102	51	74	0	59	198	0	0	95	51	225	42	19	0	23	45	35	6	41
CPCT02110017T	217	59	42	89	73	137	67	75	4	4	70	74	32	19	42	0	16	13	11
CPCT02010567T	0	3	47	10	26	2	1	27	0	10	17	23	26	1	12	5	16	2	7
CPCT02080092T	884	86	120	193	354	105	65	184	69	205	31	35	58	86	40	20	36	42	7
CPCT02390002T	1117	59	54	159	113	203	191	166	0	56	0	44	48	59	27	74	4	37	24
DRUP01010024T	0	11	36	4	2	22	0	0	2	10	9	16	18	6	11	22	16	4	20
CPCT02040113T	1188	105	103	159	262	4	71	246	51	51	49	79	35	78	41	72	14	27	9
CPCT02080114T	451	85	337	50	121	0	102	73	56	42	24	61	36	107	49	0	48	23	18
CPCT02300015T	632	716	505	126	161	107	46	268	184	494	123	95	53	38	57	34	80	33	26
CPCT02010531T	525	60	96	105	271	0	87	196	98	265	62	94	43	28	32	104	9	53	24
CPCT02010478TII	0	135	39	20	15	16	0	4	49	8	35	24	17	0	16	38	11	7	0
CPCT02020535T	823	34	73	506	286	0	57	80	0	32	126	61	47	106	17	69	6	36	0
DRUP01010023T	1244	197	200	503	390	117	127	116	0	77	30	100	54	99	92	0	65	40	13
CPCT02040121T	389	241	187	118	188	29	42	161	252	32	81	27	82	28	31	0	35	17	36
CPCT02010603T	420	79	169	77	126	19	144	68	40	68	27	110	21	57	14	169	0	8	3
CPCT02010606T	1183	112	75	290	97	245	176	260	16	176	87	35	71	75	46	0	31	139	0
CPCT02010609T	595	42	79	123	392	26	143	169	63	50	38	75	61	25	8	43	3	70	22
CPCT02010450TII	786	236	559	187	351	320	135	4	133	94	283	133	25	22	88	187	102	35	41
CPCT02020555T	946	45	146	312	481	67	43	77	21	5	92	51	51	94	87	65	14	100	54
CPCT02040117T	738	233	148	258	239	213	96	222	87	113	43	115	109	68	13	0	27	59	0
CPCT02040136T	795	89	141	141	183	38	82	156	39	23	97	157	55	99	47	0	27	35	41
DRUP01010034T	2019	100	93	945	345	470	193	75	0	56	0	110	119	190	81	41	23	7	5
CPCT02010612T	1474	40	27	523	483	119	162	72	17	26	92	87	107	154	53	16	8	38	22
CPCT02040115T	208	53	54	88	34	0	15	46	51	31	128	2	82	9	38	5	15	7	18
CPCT02010621T	73	13	20	36	34	14	7	3	1	24	52	11	54	11	21	0	13	11	19
CPCT02010618T	330	151	95	64	87	0	19	182	22	21	49	23	114	9	33	36	7	29	12
CPCT02010507T	46	74	290	125	36	11	5	57	95	23	7	71	95	34	18	110	4	14	76
CPCT02120040T	927	368	111	409	502	339	0	296	0	166	30	124	106	110	74	0	43	338	11
CPCT02080138T	1672	12	47	368	382	193	370	118	0	218	93	19	214	156	68	116	0	28	29
CPCT02040157T	0	89	188	25	32	35	0	35	119	27	44	42	44	18	31	0	33	4	0
CPCT02040149T	751	38	62	154	130	107	66	84	13	49	37	52	106	91	9	0	0	21	15
CPCT02180002T	1318	155	282	251	202	38	218	296	139	74	29	140	79	173	33	117	49	151	30
CPCT02020417T	133	135	104	58	128	56	0	63	38	73	96	29	67	34	0	13	26	15	36
CPCT02010455T	382	1	30	95	77	41	17	78	9	16	32	27	31	16	14	31	18	6	17
DRUP01010010T	125	32	126	7	40	88	0	9	48	30	18	0	35	0	0	101	3	27	21
CPCT02010452T	16	110	452	16	4	30	0	5	81	16	0	38	22	0	30	44	39	25	26
CPCT02010451T	48	43	555	40	19	0	25	40	119	45	33	10	50	30	44	40	49	32	33
CPCT02010450T	681	121	294	150	268	217	108	0	17	75	184	87	46	33	38	146	28	24	26
CPCT02010453T	1778	44	135	355	157	140	218	216	65	42	95	122	77	151	50	0	0	40	19
CPCT02010407T	1206	95	83	526	424	245	66	126	18	9	42	19	61	64	71	0	23	43	23
CPCT02020429T	311	131	101	49	103	96	44	56	7	46	64	17	22	12	20	7	41	13	28
CPCT02010477T	7	48	300	8	29	0	0	50	0	26	34	40	12	0	15	47	23	13	13
CPCT02010478T	0	174	43	9	12	31	0	0	79	17	1	5	23	0	10	43	15	18	0
CPCT02010484T	66	247	75	0	145	160	0	87	39	79	218	108	19	4	41	26	77	3	26
CPCT02020452T	440	48	112	127	131	76	120	84	76	92	84	74	41	6	49	9	8	20	33
CPCT02190006T	514	144	113	91	144	0	89	161	172	51	32	45	57	41	62	80	54	24	0
CPCT02010481T	10	23	39	0	78	0	0	15	59	21	26	7	37	0	11	75	41	10	31
CPCT02110015T	555	41	39	118	108	199	111	94	50	26	49	41	31	16	23	88	11	51	0
DRUP01010016T	195	13	17	67	68	120	11	5	0	15	20	27	20	27	15	0	14	9	12
DRUP01010017T	1280	107	265	341	314	102	155	183	2	102	0	134	62	75	62	87	33	23	0
CPCT02080088T	271	12	247	111	88	98	0	102	12	39	157	23	17	9	47	44	20	5	50
CPCT02020482T	439	42	63	96	147	106	46	86	68	15	10	10	42	8	4	82	10	39	0
CPCT02010524T	986	6	75	229	265	56	102	237	43	45	92	67	30	94	33	8	7	20	13
CPCT02010530T	336	72	117	185	380	294	0	55	39	174	536	107	25	0	88	0	24	32	42
CPCT02010536T	1607	39	92	512	442	161	148	80	67	23	36	107	50	102	97	43	8	39	0
CPCT02040093T	24	134	557	10	29	0	19	33	179	16	55	132	47	9	16	0	29	39	39
CPCT02020485T	12	119	281	93	29	27	17	64	55	147	40	45	46	26	36	94	55	17	13
CPCT02040092T	321	138	122	72	112	162	60	56	0	83	62	36	30	42	32	115	50	22	14
CPCT02080089T	762	129	401	260	242	0	44	143	21	8	96	141	30	44	85	0	42	20	10
CPCT02040077T	426	76	107	84	79	0	29	121	56	16	19	59	62	19	38	73	15	32	45
CPCT02010498T	856	276	92	199	200	67	183	347	116	40	50	176	41	141	43	0	23	54	206
CPCT02190013T	527	38	54	99	145	0	36	163	57	44	10	115	60	46	48	60	0	23	30
CPCT02060086T	5	6	40	3	11	13	0	17	9	0	28	11	29	6	10	52	12	4	0
CPCT02040106T	581	44	194	164	73	0	76	43	52	79	8	71	33	21	37	11	10	22	17
CPCT02040104T	1383	265	176	481	420	134	174	57	114	328	343	66	84	86	2332	207	182	91	19
CPCT02230013T	2	50	220	0	16	46	0	9	75	23	17	34	42	30	11	54	6	6	6
CPCT02230017T	142	87	141	0	53	15	33	84	43	24	30	41	40	25	34	0	8	0	9
CPCT02180023T	618	68	111	258	238	151	73	38	23	33	93	85	45	49	37	35	29	33	29
DRUP01010054T	19	53	358	116	0	0	0	23	38	40	30	49	72	10	22	20	26	11	35
DRUP01010058T	595	50	102	131	403	14	140	170	53	79	53	47	139	29	16	24	1	63	16
CPCT02010690T	21	18	59	26	11	0	14	19	31	31	92	0	242	4	9	0	9	18	30
CPCT02020639T	750	97	85	150	160	137	139	177	31	83	39	117	65	63	15	0	5	64	82
CPCT02040194T	805	33	60	106	104	0	37	222	37	8	55	100	37	42	8	27	11	23	8
CPCT02010670T	850	131	33	380	395	275	56	75	39	94	32	62	79	10	72	0	21	49	8
CPCT02040198T	1223	32	98	368	506	269	20	73	10	60	69	124	81	20	77	0	11	41	0
CPCT02050283T	7	34	240	7	10	22	39	29	43	0	53	12	81	3	13	50	30	10	0
CPCT02010702T	260	19	43	117	44	40	42	135	21	58	50	50	68	43	14	8	16	9	18
DRUP01010024TII	0	20	70	8	0	34	0	7	9	21	23	17	157	10	12	30	22	11	26
DRUP01070030T	74	143	92	38	94	58	0	44	20	51	32	42	63	32	24	20	15	5	10
CPCT02050294T	1677	87	396	535	280	762	198	39	0	40	0	89	76	152	33	0	17	41	31
CPCT02120097T	66	383	248	67	110	55	5	55	144	30	83	46	102	39	18	61	89	15	29
CPCT02170019T	473	106	76	194	144	165	20	73	19	10	25	26	37	16	37	20	7	15	20
CPCT02010706T	667	14	48	214	206	99	84	108	31	0	61	36	67	74	16	0	11	40	5
CPCT02040202T	50	58	229	36	30	87	0	14	129	47	97	27	42	0	35	0	15	11	38
CPCT02040201T	69	136	181	10	81	40	23	37	124	31	38	36	88	50	17	0	22	7	22
WIDE01010634T	83	7	51	63	41	35	24	3	11	21	63	3	23	9	20	26	18	4	4
WIDE01010610T	709	180	588	306	393	249	94	113	61	343	66	137	49	0	96	0	43	74	19
WIDE01010630T	376	444	467	31	181	10	2	86	379	68	16	147	62	41	52	174	72	41	41
WIDE01010491T	5	13	94	8	11	0	2	5	0	10	17	30	6	5	15	0	6	7	16
WIDE01010495T	4	24	267	18	15	0	0	8	40	8	41	38	22	5	13	75	12	13	21
WIDE01010485T	202	62	111	56	101	0	85	123	91	31	35	89	36	48	22	16	18	145	21
WIDE01010474T	29	117	314	7	73	2	0	51	49	78	59	0	53	9	18	147	62	23	19
WIDE01010513T	970	78	319	287	367	305	166	57	150	88	96	71	67	35	58	0	54	40	7
WIDE01010523T	832	493	337	146	334	106	93	355	154	515	73	202	40	85	98	136	102	45	3
WIDE01010528T	78	24	60	7	31	0	4	78	0	40	29	16	20	26	7	34	19	13	0
WIDE01010457T	529	355	269	172	215	31	75	21	109	211	87	74	72	0	67	56	46	61	0
WIDE01010427T	0	7	10	5	3	0	0	0	6	0	2	51	0	0	3	28	17	87	6
WIDE01010472T	88	194	173	0	97	193	0	25	30	78	288	83	27	41	37	0	80	17	54
WIDE01010501T	329	146	290	51	179	29	4	74	118	192	301	31	35	78	62	38	107	19	30
WIDE01010480T	17	64	277	6	56	0	0	29	137	29	32	29	26	2	12	4	43	13	9
WIDE01010557T	3475	227	420	809	773	571	488	63	0	69	0	366	150	565	49	159	0	82	45
WIDE01010589T	37	22	107	19	45	0	32	69	78	37	15	81	28	30	13	19	27	19	19
WIDE01010549T	1	5	44	5	3	58	0	19	1	5	14	12	12	0	9	18	12	3	0
WIDE01010593T	47	30	194	17	18	0	12	45	29	20	23	32	22	0	8	76	27	28	27
WIDE01010558T	0	40	277	6	11	5	25	9	0	30	18	27	20	2	12	83	32	33	0
WIDE01010657T	722	173	292	123	131	201	207	191	73	76	22	52	53	74	35	12	0	18	23
WIDE01010667T	185	15	78	43	76	179	4	0	0	4	53	29	10	0	14	0	14	15	11
WIDE01010675T	24	79	101	16	18	0	0	34	6	18	32	27	27	1	31	82	47	15	6
WIDE01010646T	834	58	84	377	280	16	82	99	9	23	30	139	37	61	26	0	47	30	7
WIDE01010666T	0	1	20	4	32	52	0	7	8	15	28	22	17	0	9	4	28	5	11
WIDE01010648T	1590	356	661	785	422	376	101	174	194	112	0	144	93	118	91	0	29	59	30
WIDE01010677T	487	34	115	254	163	0	26	25	94	25	72	74	18	62	16	51	22	20	53
WIDE01010671T	160	18	33	44	68	0	4	29	4	43	37	14	17	26	8	21	34	12	16
WIDE01010679T	1	17	87	22	6	10	2	7	21	29	14	39	31	5	3	28	20	12	16
WIDE01010685T	156	73	180	34	33	63	15	21	15	23	18	49	24	25	11	21	25	10	2
WIDE01010689T	177	19	70	65	46	61	7	24	0	26	86	39	6	25	14	53	27	8	0
WIDE01010707T	545	20	58	99	59	0	74	142	66	49	40	65	33	81	20	63	0	19	43
WIDE01010708T	16	12	120	21	39	0	6	67	79	71	35	24	23	0	23	78	33	10	26
