MutationType	ID83A	ID83B	ID83C	ID83D	ID83E	ID83F	ID83G
1:Del:C:0	0.03458799	0.00023538	0.17017594	0.03071515	0.02410855	0.05076287	0.01091360
1:Del:C:1	0.01733909	0.00016967	0.08241640	0.01629136	0.01538160	0.01360493	0.01880736
1:Del:C:2	0.00904197	0.00022397	0.03532879	0.00694088	0.00857697	0.00886550	0.01173722
1:Del:C:3	0.00406184	0.00050239	0.01568600	0.00641743	0.00718627	0.00340350	0.01068663
1:Del:C:4	0.00273884	0.00117404	0.01508925	0.00463973	0.00395485	0.00512587	0.00158632
1:Del:C:5	0.00126983	0.00709705	0.00715331	0.00217337	0.00677303	0.01082795	0.00456139
1:Del:T:0	0.01618364	0.00134850	0.07080254	0.02727805	0.02354308	0.01130600	0.04081802
1:Del:T:1	0.00351769	0.00028451	0.04691175	0.01880351	0.01620709	0.01164154	0.01253605
1:Del:T:2	0.01230740	0.00166059	0.05622939	0.01520591	0.00968635	0.01790551	0.01354453
1:Del:T:3	0.02094230	0.00274321	0.06200528	0.01082973	0.00182087	0.03489848	0.00195852
1:Del:T:4	0.01115737	0.00587470	0.05541623	0.00720327	0.00008870	0.03743155	0.00488232
1:Del:T:5	0.00455020	0.12803492	0.00154307	0.00490791	0.00000000	0.56825476	0.00000000
1:Ins:C:0	0.00583974	0.00445470	0.00654603	0.00059403	0.01509362	0.01093377	0.01176457
1:Ins:C:1	0.00337719	0.00085272	0.00672842	0.00062624	0.00541582	0.00087788	0.00764051
1:Ins:C:2	0.00083714	0.00046604	0.00321812	0.00098103	0.00286406	0.00240402	0.00411855
1:Ins:C:3	0.00054069	0.00207101	0.00217852	0.00027917	0.00537251	0.00023411	0.00234690
1:Ins:C:4	0.00009793	0.00745287	0.00161850	0.00026492	0.00249201	0.00003279	0.00159124
1:Ins:C:5	0.00050174	0.04154735	0.00005508	0.00012321	0.00762845	0.00171170	0.00729177
1:Ins:T:0	0.00853259	0.00355093	0.00728849	0.00261116	0.02160503	0.00916208	0.02360520
1:Ins:T:1	0.00233013	0.00213290	0.02573706	0.01027977	0.01950706	0.00061986	0.03899986
1:Ins:T:2	0.00082462	0.00743472	0.01115406	0.00313263	0.01123107	0.00215495	0.01373182
1:Ins:T:3	0.00070140	0.00596686	0.00908679	0.00201124	0.00762592	0.00229714	0.01045826
1:Ins:T:4	0.00034716	0.01496533	0.00403423	0.00167113	0.00078305	0.00441551	0.01021411
1:Ins:T:5	0.00111665	0.67727185	0.07690856	0.02411409	0.01966802	0.03110179	0.15697274
2:Del:R:0	0.00734516	0.00005514	0.02106884	0.00105916	0.01161981	0.00999484	0.03477703
2:Del:R:1	0.00395900	0.00022672	0.01763589	0.00909867	0.00593143	0.02046719	0.05080263
2:Del:R:2	0.00095146	0.00013624	0.00859282	0.00176980	0.00300746	0.00648653	0.01117773
2:Del:R:3	0.00096697	0.00030533	0.00075816	0.00015492	0.00602035	0.00441422	0.00404234
2:Del:R:4	0.00008910	0.00075397	0.00092868	0.00007076	0.00256823	0.00263994	0.00169631
2:Del:R:5	0.00028295	0.00198834	0.00003811	0.00100989	0.00646927	0.00329579	0.01638807
3:Del:R:0	0.00643779	0.00000825	0.00648185	0.00132588	0.00384741	0.00239938	0.01622798
3:Del:R:1	0.00413581	0.00032626	0.01863240	0.00386524	0.00433883	0.01393969	0.04554189
3:Del:R:2	0.00009070	0.00012288	0.00316329	0.00123524	0.00053782	0.00361152	0.01461897
3:Del:R:3	0.00016514	0.00001017	0.00110985	0.00014764	0.00217730	0.00113375	0.00150734
3:Del:R:4	0.00001617	0.00000000	0.00008832	0.00022797	0.00016640	0.00018685	0.00306945
3:Del:R:5	0.00013223	0.00000000	0.00024116	0.00013896	0.00004391	0.00001662	0.00266390
4:Del:R:0	0.00552483	0.00006055	0.00537359	0.00180916	0.00622688	0.00030325	0.01349031
4:Del:R:1	0.00162278	0.00004094	0.00997183	0.00536799	0.00370981	0.01408338	0.04084400
4:Del:R:2	0.00062426	0.00007382	0.00243335	0.00016537	0.00356785	0.00250527	0.00920634
4:Del:R:3	0.00046676	0.00000000	0.00038926	0.00023600	0.00128539	0.00057089	0.00646554
4:Del:R:4	0.00000113	0.00010630	0.00077155	0.00019556	0.00018425	0.00015006	0.00196437
4:Del:R:5	0.00005745	0.00000000	0.00016362	0.00003222	0.00038807	0.00043286	0.00113234
5:Del:R:0	0.04611001	0.00048962	0.00775752	0.20400962	0.11852621	0.00000000	0.01620530
5:Del:R:1	0.00648020	0.00002128	0.00263505	0.00075233	0.01279034	0.00390317	0.01536313
5:Del:R:2	0.00003130	0.00007939	0.00028308	0.00017867	0.00146076	0.00105041	0.00457436
5:Del:R:3	0.00011846	0.00022538	0.00012910	0.00000023	0.00025012	0.00040837	0.00088216
5:Del:R:4	0.00000098	0.00001063	0.00001371	0.00000236	0.00000177	0.00042839	0.00000402
5:Del:R:5	0.00000007	0.00000001	0.00000135	0.00001249	0.00001084	0.00009285	0.00004981
2:Ins:R:0	0.00494237	0.00290889	0.00254391	0.00000716	0.04274867	0.00094733	0.01433432
2:Ins:R:1	0.00030942	0.00079534	0.00602184	0.00212878	0.01098362	0.00055593	0.00618119
2:Ins:R:2	0.00045474	0.00074958	0.00252390	0.00132954	0.00519488	0.00051465	0.00345740
2:Ins:R:3	0.00052582	0.00185959	0.00057833	0.00000136	0.00419240	0.00075516	0.00160522
2:Ins:R:4	0.00018256	0.00921079	0.00026586	0.00004160	0.00249613	0.00029798	0.00078185
2:Ins:R:5	0.00032125	0.04766765	0.00014325	0.00002675	0.01028774	0.00983705	0.00226465
3:Ins:R:0	0.00276464	0.00005745	0.00078066	0.00002798	0.01980086	0.00076330	0.00300866
3:Ins:R:1	0.00007711	0.00047839	0.00274248	0.00149506	0.00704349	0.00034565	0.00771963
3:Ins:R:2	0.00091777	0.00018097	0.00082461	0.00010435	0.00064201	0.00002585	0.00145283
3:Ins:R:3	0.00013802	0.00026228	0.00020477	0.00007994	0.00000254	0.00009478	0.00001962
3:Ins:R:4	0.00001623	0.00065305	0.00003439	0.00027600	0.00005714	0.00001287	0.00018730
3:Ins:R:5	0.00019824	0.00405512	0.00009045	0.00007998	0.00042963	0.00020671	0.00112758
4:Ins:R:0	0.00210930	0.00015969	0.00016749	0.00010039	0.03032825	0.00383156	0.00895976
4:Ins:R:1	0.00022887	0.00016786	0.00556047	0.00267263	0.00702003	0.00027627	0.00567119
4:Ins:R:2	0.00015415	0.00017738	0.00077434	0.00007391	0.00239419	0.00000000	0.00027978
4:Ins:R:3	0.00000736	0.00082414	0.00016008	0.00006378	0.00082381	0.00009876	0.00001421
4:Ins:R:4	0.00006771	0.00111748	0.00031166	0.00024195	0.00023024	0.00002068	0.00080181
4:Ins:R:5	0.00001872	0.00219138	0.00048330	0.00010276	0.00017296	0.00090705	0.00072178
5:Ins:R:0	0.00000015	0.00000589	0.00000000	0.00000027	0.35267778	0.00000040	0.00000003
5:Ins:R:1	0.00514251	0.00066502	0.01278309	0.01116174	0.01621615	0.00387623	0.01873171
5:Ins:R:2	0.00025949	0.00008910	0.00202046	0.00030769	0.00188655	0.00019669	0.00103317
5:Ins:R:3	0.00009099	0.00023709	0.00005204	0.00015432	0.00044300	0.00003697	0.00110474
5:Ins:R:4	0.00000000	0.00031029	0.00019065	0.00004768	0.00001839	0.00002194	0.00042527
5:Ins:R:5	0.00000747	0.00031334	0.00002585	0.00033006	0.00021091	0.00002141	0.00027154
2:Del:M:1	0.00472347	0.00066309	0.02145042	0.00521463	0.00851524	0.01008170	0.04659786
3:Del:M:1	0.00352219	0.00000000	0.00708493	0.00211061	0.00310107	0.00025264	0.01383838
3:Del:M:2	0.00520072	0.00035438	0.01026107	0.00241820	0.00168243	0.00576361	0.02833771
4:Del:M:1	0.00457933	0.00007904	0.00555308	0.00235397	0.00816001	0.00265939	0.01355744
4:Del:M:2	0.00623372	0.00016015	0.00999178	0.00143564	0.00243232	0.00447520	0.02277907
4:Del:M:3	0.00550148	0.00016207	0.00907332	0.00044756	0.00181364	0.00537323	0.03023383
5:Del:M:1	0.06733268	0.00011457	0.00630620	0.28585934	0.01941055	0.00686397	0.00980147
5:Del:M:2	0.22401081	0.00022258	0.00083174	0.15151522	0.00043821	0.00597519	0.00133238
5:Del:M:3	0.19725389	0.00011670	0.00146815	0.06390304	0.00200664	0.00081569	0.00070358
5:Del:M:4	0.11523325	0.00011182	0.00436732	0.02238268	0.00015502	0.00102731	0.00324796
5:Del:M:5	0.09911776	0.00032044	0.00235393	0.01054242	0.00423900	0.00057763	0.01595230
