NMF_Replicate	L1	L1 %	L2	L2 %	KL Divergence	Correlation	Convergence Iterations
1	107.42	36.361	19.537	26.664	7.063	0.94	1000000.0
2	107.324	36.602	19.506	26.862	10.522	0.937	1000000.0
3	107.132	36.337	19.349	26.646	17.482	0.939	1000000.0
4	108.067	36.81	20.017	27.194	7.084	0.937	1000000.0
5	106.389	36.095	19.309	26.45	3.735	0.942	1000000.0
6	107.151	36.322	19.494	26.57	17.39	0.941	1000000.0
7	107.645	36.482	19.536	26.842	34.455	0.937	1000000.0
8	105.992	36.108	19.19	26.197	7.11	0.942	1000000.0
9	105.881	36.056	19.107	26.094	17.334	0.943	1000000.0
10	106.764	36.193	19.466	26.536	7.081	0.94	1000000.0
11	107.15	36.308	19.365	26.649	13.966	0.94	1000000.0
12	106.855	36.264	19.481	26.494	17.344	0.942	1000000.0
13	105.698	36.342	19.08	26.497	13.959	0.939	1000000.0
14	107.048	36.311	19.33	26.375	3.726	0.94	1000000.0
15	108.108	36.483	19.756	26.652	10.541	0.939	1000000.0
16	106.408	36.244	19.211	26.396	13.926	0.941	1000000.0
17	107.393	36.34	19.481	26.706	24.178	0.938	1000000.0
18	106.773	36.277	19.29	26.511	10.714	0.939	1000000.0
19	107.856	36.365	19.679	26.516	24.206	0.942	1000000.0
20	106.947	36.32	19.464	26.636	27.602	0.939	1000000.0
21	106.624	36.479	19.353	26.746	7.086	0.938	1000000.0
22	106.427	36.307	19.078	26.244	3.69	0.939	1000000.0
23	108.335	36.846	19.592	26.837	7.094	0.94	1000000.0
24	107.478	36.523	19.521	26.745	7.151	0.939	1000000.0
25	106.867	36.205	19.439	26.522	31.023	0.94	1000000.0
26	107.0	36.246	19.335	26.451	14.011	0.942	1000000.0
27	106.463	36.402	19.378	26.69	0.365	0.94	1000000.0
28	107.856	36.285	19.592	26.795	13.925	0.942	1000000.0
29	106.786	35.998	19.308	26.143	13.933	0.943	1000000.0
30	107.174	36.634	19.379	26.764	13.898	0.936	1000000.0
31	105.772	36.217	19.096	26.425	3.747	0.939	1000000.0
32	106.425	36.31	19.287	26.358	24.198	0.94	1000000.0
33	107.521	36.136	19.424	26.674	3.783	0.939	1000000.0
34	107.121	36.245	19.243	26.161	3.666	0.942	1000000.0
35	106.476	35.981	19.404	26.327	24.21	0.942	1000000.0
36	107.039	36.416	19.489	26.631	3.662	0.94	1000000.0
37	107.176	36.083	19.495	26.586	24.247	0.94	1000000.0
38	106.992	36.216	19.339	26.496	3.634	0.939	1000000.0
39	108.161	36.557	19.737	26.923	10.616	0.938	1000000.0
40	106.229	36.272	19.19	26.478	20.749	0.941	1000000.0
41	105.329	35.715	19.044	26.162	20.793	0.943	1000000.0
42	107.365	36.428	19.423	26.607	3.78	0.94	1000000.0
43	107.421	36.766	19.589	26.993	20.852	0.938	1000000.0
44	106.625	36.114	19.087	26.22	7.055	0.943	1000000.0
45	106.941	35.852	19.276	26.059	20.749	0.944	1000000.0
46	107.177	36.408	19.562	26.732	7.051	0.94	1000000.0
47	107.655	36.338	19.503	26.518	3.956	0.942	1000000.0
48	109.593	36.946	19.863	27.064	3.648	0.938	1000000.0
49	105.995	36.316	19.228	26.546	13.933	0.941	1000000.0
50	105.826	36.125	19.201	26.42	10.487	0.94	1000000.0
51	107.835	36.468	19.69	26.75	7.128	0.939	1000000.0
52	106.26	35.998	19.353	26.322	10.471	0.941	1000000.0
53	107.531	36.404	19.606	26.548	7.347	0.94	1000000.0
54	107.752	36.235	19.449	26.515	17.616	0.94	1000000.0
55	106.904	36.333	19.305	26.301	10.47	0.941	1000000.0
56	107.039	36.132	19.345	26.308	17.381	0.944	1000000.0
57	106.408	36.078	19.35	26.56	10.611	0.939	1000000.0
58	106.152	36.232	19.172	26.545	10.479	0.94	1000000.0
59	108.204	36.567	19.756	26.773	0.249	0.94	1000000.0
60	107.205	36.616	19.38	26.668	10.48	0.94	1000000.0
61	106.859	36.158	19.443	26.42	0.292	0.94	1000000.0
62	108.205	36.241	19.532	26.483	3.789	0.941	1000000.0
63	106.609	36.206	19.315	26.449	7.069	0.942	1000000.0
64	106.434	36.348	19.236	26.6	10.54	0.938	1000000.0
65	106.823	36.101	19.231	26.252	17.347	0.943	1000000.0
66	106.332	36.245	19.223	26.384	3.659	0.94	1000000.0
67	108.049	36.674	19.79	26.931	3.846	0.939	1000000.0
68	106.375	36.279	19.246	26.42	14.061	0.941	1000000.0
69	106.32	36.259	19.011	26.279	7.127	0.94	1000000.0
70	107.552	36.506	19.621	26.692	14.153	0.94	1000000.0
71	107.897	36.494	19.772	26.881	13.917	0.94	1000000.0
72	107.494	36.704	19.68	27.206	10.55	0.938	1000000.0
73	106.289	36.238	19.274	26.3	20.801	0.941	1000000.0
74	106.962	36.236	19.313	26.483	7.08	0.939	1000000.0
75	106.912	36.48	19.575	26.742	14.112	0.937	1000000.0
76	106.9	36.201	19.395	26.475	13.91	0.94	1000000.0
77	107.344	36.473	19.426	26.803	17.335	0.94	1000000.0
78	107.314	36.351	19.552	26.788	20.794	0.939	1000000.0
79	107.61	36.491	19.672	26.838	20.793	0.939	1000000.0
80	107.273	36.4	19.517	26.724	10.655	0.938	1000000.0
81	106.336	35.817	19.145	26.019	24.273	0.942	1000000.0
82	106.227	36.147	19.393	26.373	10.482	0.941	1000000.0
83	106.819	36.247	19.401	26.4	3.654	0.942	1000000.0
84	107.635	36.145	19.396	26.254	3.753	0.942	1000000.0
85	106.9	36.426	19.25	26.463	17.338	0.941	1000000.0
86	106.555	36.497	19.292	26.92	17.346	0.939	1000000.0
87	107.207	36.269	19.259	26.429	3.846	0.94	1000000.0
88	108.178	36.426	19.605	26.672	17.336	0.94	1000000.0
89	105.847	35.906	18.967	26.09	7.092	0.941	1000000.0
90	107.17	36.174	19.568	26.487	7.143	0.94	1000000.0
91	107.067	36.139	19.361	26.4	3.641	0.941	1000000.0
92	106.965	36.13	19.435	26.452	3.672	0.943	1000000.0
93	106.26	36.177	19.29	26.334	7.203	0.941	1000000.0
94	106.921	36.425	19.271	26.638	20.79	0.939	1000000.0
95	106.213	36.117	19.158	26.343	3.792	0.941	1000000.0
96	107.17	36.143	19.447	26.401	20.737	0.942	1000000.0
97	106.331	36.481	19.179	26.69	14.004	0.938	1000000.0
98	107.701	36.129	19.542	26.417	13.962	0.941	1000000.0
99	107.619	36.464	19.573	26.549	10.495	0.941	1000000.0
100	107.569	36.146	19.404	26.346	10.559	0.941	1000000.0
