MutationType	ID83A	ID83B	ID83C	ID83D	ID83E	ID83F	ID83G	ID83H	ID83I	ID83J	ID83K	ID83L	ID83M	ID83N	ID83O	ID83P	ID83Q	ID83R	ID83S	ID83T
1:Del:C:0	0.003947187619196484	0.024473808049660876	0.0038549642789439532	0.015110987691914489	0.014995083683024858	0.019375457238303723	0.00924049381923396	0.02873109096195549	0.0060226913655060344	0.027954123285016976	0.32817323088645933	0.06410664672031999	0.01900115897646174	0.021409078266005962	0.01691031941852998	0.04306082131981384	0.01823512141476385	0.04785569424042478	0.018949931734241546	0.032358509472117346
1:Del:C:1	0.0005894494281781704	0.00655273043201305	0.004206944689212832	0.006263926318183053	0.02110186472455098	0.00473680707075502	0.007649535613018088	0.008985032647906337	0.003412606872152537	0.007155471339647192	0.10545673911459744	0.03244411218096502	0.030330018931999804	0.020505850391054993	0.005455593034930643	0.17304171867668627	0.0064668321167118846	0.03146870531025391	0.010895902397928694	0.017212960682112453
1:Del:C:2	0.001034021259229121	0.004341698520584032	0.0028922794784011787	0.0020671490079257637	0.005255597461946308	0.008708280143910088	0.005457204869344423	0.004543845833395608	0.0014997062494512647	0.00513237918203231	0.022075158013030886	0.020859302162641598	0.0037060922232922166	0.01735743534518406	0.004857377371154143	0.11597465027123689	0.006290560929330489	0.027935935645364226	0.010633743568032514	0.00979880992847029
1:Del:C:3	0.00204187043265847	0.005418401517090388	0.00267369513749145	0.005262837952323025	0.01086581358084004	0.010617766278155614	0.004691448992234655	0.0009770785443834029	0.0002309586706542177	0.003201761428208556	0.008818296224834512	0.004101749947294593	0.004986859078635462	0.005202785316068912	0.003974882880138466	0.07745764833875	0.0019817085639806465	0.0039212663372074985	0.004678721470409073	0.010585445886244998
1:Del:C:4	0.004266201350583287	0.0107463581871707	0.003412501465645619	0.0025307993686874398	0.019964237723606858	0.0420281179738231	0.0040914601873436145	0.00016304349522670237	0.0007754246475815308	0.004221045931044501	0.007342097664950416	0.005502216401800979	0.002468252837425098	0.0010106649488102449	0.005665640313090989	0.026715244188771976	0.00035395724800764585	0.0018377655747576682	0.004496588001347846	0.00760631602696094
1:Del:C:5	0.024500544018368372	0.031076595750637353	0.004610728176981382	0.0015488001838093624	0.04838250017631026	0.013250910756487997	0.005879369862377644	0.0002844560525394968	0.0002700608648592606	0.012593453003326545	0.0016977050055191967	0.0016337169008676256	0.0035328388470372827	0.0021731710561658703	0.02942142780520953	0.005936027654293526	0.000822117386210266	0.0002467685059946234	0.006194011121653489	0.0043937641481329595
1:Del:T:0	0.0015850367306848056	0.010308574673472322	0.003327885634425911	0.004367166927841027	0.030394366549153347	0.03408214757684618	0.009140792070247698	0.004148611940036062	0.011796798087307252	0.009424828899791465	0.02903762888221536	0.11116672970354557	0.04858401583973318	0.06556420963257552	0.009146528896526434	0.08609865672886372	0.026308746108261404	0.06580164661863819	0.030775383154395968	0.026567288255901076
1:Del:T:1	0.0009662559424032225	0.008043547656270675	0.004898696940554146	0.004493212675588438	0.01687188430893002	0.017628436497761867	0.006645903982280288	0.003830283145071007	0.005402572955354117	0.00678660136560211	0.016821465849097876	0.10798185558523983	0.015456750982557423	0.034866663473658265	0.00816073074034648	0.05758124007843435	0.018040000464534387	0.0431620278157061	0.011805251379410037	0.026214595924830063
1:Del:T:2	0.0018802004433382535	0.012088181653234642	0.002094460854132194	0.005427608701284043	0.011144029666902498	0.04192111002164893	0.010215612561441958	0.004677053416889976	0.0005207687127403915	0.008187586122949142	0.024661074260948226	0.08133026244235225	0.009597340766340494	0.0413222862186376	0.01282293449214194	0.05539496881421655	0.00488311315595638	0.026035415267106145	0.019064140839036556	0.02177590632083593
1:Del:T:3	0.00840078304252529	0.019816208816191647	0.00418551383074373	0.002980810271110386	0.027942584638367407	0.11995954999700188	0.006828405269188807	0.014839561263215728	0.0005406696393038147	0.01023451357788872	0.03331985272023303	0.05380270301364362	0.015328294805949555	0.014231194227031665	0.018203381578205155	0.045361459291307256	0.012050836676048676	0.043825114420054614	0.016879069402930328	0.0255425393092446
1:Del:T:4	0.03222149977926165	0.026702480203821325	0.001713125701789977	0.004860934598091262	0.009215162042528391	0.18586932979291304	0.00284302620915696	0.006633442140882835	0.0009949857776518911	0.01459841450327076	0.014178180994931608	0.028461002681870014	0.003997569293730414	0.013627188607642893	0.023132932357257233	0.010261633065529168	0.00585635555733461	0.01839573390017449	0.007489114999771118	0.01727179158711806
1:Del:T:5	0.7833745163679123	0.362919019125402	0.008488628375066582	0.0069275306001691205	0.025441892580552142	0.048006792986570984	0.007866957082842418	0.0031192621759055326	0.006265999197494238	0.11092476177029312	0.028287810692652328	0.009805226758525572	0.019753671144135298	0.0020239168126136063	0.48134911462664604	0.0010669008765660237	0.01810662669347039	0.005902289735948898	0.01889368495645158	0.013353081918201042
1:Ins:C:0	0.0012079122335554614	0.004251907889927366	0.0007329442616742199	0.0033388920209364414	0.002275347772117584	0.0007332883515941546	0.0011850684385603927	0.000856523327770926	0.0	0.004140423246933054	0.002711524797610139	0.00038688354328712647	0.0005275551118802468	2.7263574253311163e-07	0.0011358258293003587	0.0005180009412143249	0.35060852497816086	0.0004898926956173	0.0022496574248805244	0.0010897872555239018
1:Ins:C:1	8.652759466713177e-05	0.0010079296136882476	0.0017842357377026018	0.0010986769345618086	0.007761894801296876	0.0015143491687922505	0.0031715513019749154	0.0002906454697222216	0.00849772740264143	0.001004396955104312	0.0013613713413360528	0.0054613898496609185	0.014527786974795162	0.007957523533841595	0.001434277666903654	0.0033006236828532565	0.021894192076288163	0.005491768880989554	0.0038981133835363836	0.003142164411904105
1:Ins:C:2	8.045817681704647e-05	0.0015645424272952369	0.0018657125163883848	0.002112580346802133	0.004392933328796289	0.0015334741541111897	0.004276437920634635	0.0014727917970594718	0.0004018662790213057	0.0013787213360663486	0.0013600530521944165	0.004677632031064718	0.001798522811482144	0.000716827895012102	0.0012026276849098848	0.0018118434216563629	0.000386753371415125	0.006504065969512567	0.005468858236320102	0.004977795785671333
1:Ins:C:3	0.00025661672785645353	0.001560622866304584	0.0006301453618857522	0.0012426624979707413	0.004805049478309229	0.003905426610081122	0.0022696827856998423	0.0002860818459885195	0.0010820954556908192	0.002692042438227418	0.0021417343379511065	0.002261461851659874	0.00891456498048001	0.0031948684855524333	0.0017452423153008568	0.004123536571680972	0.0038570291110363543	0.005696200698663745	0.0021737161604687572	0.004720979489502497
1:Ins:C:4	0.0012322308483453525	0.0037258083515280304	0.00362746095837565	0.0019862903849417533	0.007672169143334031	0.012606717053240289	0.0036015047964201587	0.000184994946507544	0.0028313046146763556	0.003487236909679723	0.0005358738629334426	0.001674369963875506	0.0022247498610522597	0.00012625573516231726	0.00330372409800475	0.0010488525232273105	0.0006842158189922998	0.002020528481633619	0.003634344391830382	0.003043524733404581
1:Ins:C:5	0.010900635109574069	0.01425896980566904	0.03683865761384368	0.013877597398823127	0.03950010271508404	0.005577437834427883	0.014452518558100565	0.0003935271338559687	0.003599365596601274	0.016366911634104326	0.008734461883241238	0.00776886019622907	0.01708265464520082	0.0005490251407536562	0.014826071923453128	0.0012702268441717023	0.021726607419550417	0.010904149207494811	0.01682661922538955	0.01044823568312836
1:Ins:T:0	0.0011424688210172462	0.004977733071136754	0.008378502479172312	0.005705624604597687	0.01910797148302663	0.003933269463204852	0.005442951794248074	0.0014705597056308762	0.0074463823014957594	0.005924568272894249	0.004780341187724844	0.012143235589028335	0.024504391819937153	0.00384746395109687	0.005833147435375849	0.006505658524110914	0.05499376667197794	0.013605984730820636	0.011816356006311252	0.014526596713694743
1:Ins:T:1	0.00023841507452743827	0.0030457411636598407	0.004644962857128121	0.004300710077804979	0.012483449575956911	0.009150534198961396	0.009304691206125426	0.0017383030611745197	0.011932888334267772	0.005272668414690997	0.02851751075242646	0.024494774756021798	0.007200293961213902	0.015198880693715182	0.0028050046505813954	0.022122336495267517	0.013553992620436474	0.14555443168850615	0.017983337931800635	0.018189119579562884
1:Ins:T:2	0.0009632246691035107	0.005989016692183213	0.006574470753694186	0.006637594837229699	0.016796615262283012	0.027392850308679044	0.008915219951068138	0.000849235515925102	0.0018830338151019533	0.006814556970493868	0.015001885072560981	0.0198024738044478	0.01147352222003974	0.003311108565249015	0.00545090647530742	0.015715463625269877	0.0034105782583355904	0.03868517483705773	0.01320256665116176	0.01678161820891546
1:Ins:T:3	0.00048766387491923526	0.004005621393152978	0.006022368763078703	0.00980611399980262	0.009962447214493296	0.017381159260985442	0.006609834373612102	0.000994956295544398	7.211687741801143e-05	0.0074368895351653915	0.004791907789185643	0.020155849552247675	0.008151145604497288	0.011922888173139655	0.0026887205744424137	0.006829793299548328	0.012543031542336394	0.023701486353529616	0.004183303847385105	0.011328611224889755
1:Ins:T:4	0.0015447168532409705	0.006297940470685717	0.01132893899040937	0.01513370953500271	0.007198196790850489	0.01700043354416266	0.013705688828486018	0.0003163648025656585	0.003082212260706001	0.01031297687906772	0.01897132569426503	0.011282174736261369	0.004175358910579234	0.0005811750411521643	0.005486983671435155	0.008276411031838507	0.012088465404231101	0.010167956309160217	0.012255917720030993	0.013362599394167774
1:Ins:T:5	0.04530488675722154	0.24868757573887706	0.7372306278347969	0.7723878282308578	0.08918970310659073	0.09492728448841035	0.5530392187833786	0.006195584719534963	0.06438574048894224	0.5156500265002251	0.062193847000599246	0.014186981626796751	0.043495164794817354	0.028637030837126078	0.10269966076128184	0.04084788416335414	0.1215305506220102	0.012091512586339377	0.026886213696168455	0.3675440964847803
2:Del:R:0	0.002563825998950051	0.004627549003034801	0.0015169787249760703	0.002685996659893135	0.013931214257754619	0.0039037465711589904	0.0080603619296744	0.001265336618744186	0.009956760352943093	0.007091606902395142	0.018131804161239416	0.018973065045138356	0.015244438576046378	0.008141006059959181	0.007600355690810829	0.011886023750848835	0.004423247089143842	0.020166468034731225	0.04574608396855183	0.010888053591443167
2:Del:R:1	0.003112477092035988	0.0099573043428245	0.006010553488449659	0.006154940484266263	0.022713364623632513	0.015053535345941782	0.019268858389623347	0.004161560836073477	0.00017205594398546963	0.01196180033206474	0.009745362631510943	0.018831447320990263	0.0076601341972127555	0.024695656374969985	0.012352079877600772	0.006302892006933689	0.01547120034112595	0.017114628492854535	0.09191127546131611	0.018120377233208272
2:Del:R:2	0.001559249498477584	0.00315504527738085	0.00144922148763726	0.0013754753614921356	0.0052820964006241415	0.014763142042793333	0.0024408467224566266	0.0005530719255051508	0.003461937964311801	0.0037032945139799265	0.005225932744069723	0.016155607238179073	0.003134908159263432	0.0007258221390657127	0.003214695414353628	0.007939472943980945	0.005471675563312601	0.009683248678629752	0.014395921410650771	0.0036480454145930707
2:Del:R:3	0.004159812279160633	0.00996369327287539	0.0021954164750059135	0.0013909581398456794	0.026513720608782022	0.005962507622619455	0.0023938653549703303	0.0001944590803771007	0.0008438218607983572	0.003017188159865327	0.0006286127746693637	0.002431151334478727	0.0032354593367173836	0.00016416754018791835	0.004806033771642433	0.0007091388910936303	0.0004309731663406069	0.003447828019961321	0.0066671172094703475	0.005112784984812606
2:Del:R:4	0.0021701980375024733	0.0052655294811938804	0.0007341311219802105	0.0004375321492415196	0.012627870860625875	0.0017519528846922582	0.0004543274893654825	1.1433197565295928e-05	0.0010138191818845144	0.0008846873130823951	0.00039621254620477944	0.0016727740385148592	0.007517630020086585	0.0017872875061451055	0.0022065760016647573	0.00011409940002828023	0.00027894707641294757	0.0017012410557151014	0.0017318310548633065	0.0022736866149352863
2:Del:R:5	0.006130227808358129	0.012733441877454652	0.0027016810199073406	0.00016495524530512284	0.044951564963078	0.0017778244786211417	0.001340503032204552	1.7636301892363093e-05	0.0003051964799971785	0.001999798775003754	0.000371586009700664	0.0014172596691993534	0.008387945790245937	8.763515524037757e-05	0.007312503138822421	8.206215198924838e-08	4.286626925420478e-08	0.0011794160038630253	0.004525673995239416	0.0034218329051093122
3:Del:R:0	0.0004862834501363977	0.0014254493555927183	0.0015175091085257008	0.003779568450554507	0.004732522178674117	0.0028049885123618877	0.004402809567891381	0.004757742669899017	0.00243502547199796	0.002402336669911165	0.002862651599934907	0.0117401580416481	0.0036101628328560763	0.011270826549152844	0.0012505635092384183	0.0012509716789645608	0.0	0.0032447147619677707	0.008679551295936108	0.003758045232971199
3:Del:R:1	0.0030896185550955122	0.009458372972585494	0.0020183580910088494	0.0029209983738837765	0.012782568495022134	0.046444037031615155	0.026580937926191837	0.00040489055973012	0.004200472076481674	0.009895454208308365	0.026031972867785955	0.012153732069782564	0.00498477389337495	0.007397244426829275	0.009879765344085172	0.0054469354567117986	0.0033659524875110946	0.019416172063051816	0.08549144721124322	0.010481084928615018
3:Del:R:2	0.0017456386703634053	0.0024838711482698273	0.000797128735575825	0.00031100039515877145	0.003860876396574895	0.014683224151958711	0.004909683447185671	0.0004408780618541641	0.0009229366060753819	0.0020401250122813507	0.002252332917654769	0.006216329988092184	0.0025442547525744885	0.001950449919913808	0.00365429129160475	0.001802488697580884	0.0028198815012001432	0.007061144055178374	0.014226371292243129	0.003552263802557718
3:Del:R:3	0.0005778753879542364	0.0012221534492499585	0.00011050772678572685	0.0005032437906993437	0.000956548114263569	0.004417609379313685	0.0006779482780643776	0.00024828971459221803	4.4608131818222316e-05	0.0008895398704524382	0.001360976987847664	0.001860890264077284	0.0012234275451532995	0.0002516343633924123	0.000943258081242675	0.00022628164528818218	0.000553922319635376	0.002967612377657858	0.0015688206746555266	0.0013640582792312727
3:Del:R:4	0.0003550244118407875	0.0006436522717636706	9.207323828377411e-05	4.697174190834374e-05	0.0011250012489824712	0.0007808102401111228	0.00020651193025662096	0.0002142721851621232	0.00019474567248494167	0.0002530378693833768	0.00011790625099045827	0.00016366427862777756	0.0006389649190953861	0.00011299737037930413	0.0005441846469184242	2.0216317579979657e-08	0.0010432699502690922	0.0004868426199023901	0.0014494975253087716	0.0003835674318446536
3:Del:R:5	0.0003807072183843019	0.0006272906730129791	0.0003160598808351267	0.0001324865507871209	0.0017069301805454984	9.072041822847155e-05	0.0006451759118955635	0.0001275710189066226	3.569383431454298e-05	0.0004785971975630332	8.556318686601116e-06	0.0002826653021040926	0.00030001135964026205	5.4741489022553934e-05	0.000553237414925718	1.967985209709866e-06	6.009954885641378e-05	0.0008401839937998546	0.0008437431238937166	0.00038257083793098446
4:Del:R:0	0.0001311929975054227	0.0009500867339374963	0.0009848543118459929	0.0022968823387054726	0.002966679059609305	0.003214093770075124	0.00639788927626796	0.006158988727256656	0.002469866569736041	0.0026627198081405367	0.004079544904234353	0.00662008399842307	0.004309519058442675	0.01183382822375279	0.001538697926189343	0.0014361405168892816	0.0016629855099017732	0.007444962933659554	0.007013611849216517	0.0038026891175832133
4:Del:R:1	0.0007069734797551064	0.004051219094544649	0.004818976654623839	0.004247100400098134	0.02010438537923619	0.01996998362679733	0.02209617750006146	0.0051537987405572494	0.0047015949185879435	0.007753089821781032	0.007983671792317182	0.01253538382530678	0.020475957051385194	0.0071390161963063295	0.005869662105105818	0.0016848509341070893	0.0067660785873886195	0.01982285872567445	0.05630685966216333	0.01631109711015597
4:Del:R:2	0.0010468465439407736	0.0031348377268113838	0.0024399750182783463	0.0018573129363358021	0.0034558614972593203	0.006196197135723196	0.006865427823504433	0.00017409911946742796	0.002301806765026413	0.003164292890651268	0.001857732139020527	0.00362809912332807	0.00533736947202101	0.0005568429130426012	0.002975057011080935	9.550611764552741e-05	0.0002960928715765476	0.0009851476166863903	0.008912009564838286	0.003383758684794884
4:Del:R:3	0.00038433036277382373	0.00127661162353661	0.0009651994029127309	0.001500816609186586	0.003430652305833064	0.0004570576305616214	0.002881367558829524	0.00015779768748963363	0.000925921340158311	0.001435032288422633	0.0010080204191555708	0.001249580488176889	0.0032161557208473823	0.0005763982725329697	0.0013988755907871563	0.0013057251715014218	0.0002906859389349847	0.0023821160346938087	0.005903864165640016	0.0017169953054080621
4:Del:R:4	0.00021984347183682474	0.0003914464686329211	0.0003650347068105475	0.00023665244701874145	0.0013755014298592982	0.0007569204255923978	0.000521624337411808	0.000276429252674868	0.0007326147844025855	0.0006507983766233849	0.00011822806354459203	0.0006173857886419399	0.0018540820658381563	0.000524288941164528	0.0004247004970238777	8.473611011083904e-06	0.0013254544849201722	0.0001184181807374074	0.0003912516117988929	0.0005233546040589943
4:Del:R:5	0.0004417954201015206	0.000737269203730051	0.0002844276143076385	4.6254152863838274e-05	0.0026160250886982793	0.00047095904984345794	0.00022149479538322137	6.411521163923517e-05	1.366098274502292e-09	0.0004498231175686129	7.440158042868461e-06	0.0004196672008473712	0.0011581584588610605	7.473626193650773e-05	0.0009684980635478269	1.3509077501776546e-05	8.46575665777749e-05	0.0004123227739781665	0.0006864710886287284	0.00030726792598859023
5:Del:R:0	0.0004926524951736155	0.0015700927367652184	0.0028263111560954714	0.003610371124672724	0.008851294080423032	0.004002937288696487	0.010471281339414417	0.06986527498811483	0.199026135802269	0.005482938541977091	0.017002569519972893	0.017894037809010114	0.015885545825048336	0.20112955011427402	0.0015854131971718742	0.03516847952676471	0.0010957783553749323	0.023254193547400062	0.007286509816885882	0.012066728481199789
5:Del:R:1	0.0006194599301670678	0.005688601047877455	0.0032861131898243912	0.0027863350888947024	0.014277226615231484	0.004597181356803049	0.009679619474627543	0.009054180649109185	0.0035510040685767306	0.005159853724762797	0.010366227938793599	0.008039657609479035	0.014804356236709282	0.00036872242460958657	0.008279050573546555	0.00021768839608739653	0.003606604264496127	0.015626358294380225	0.012218265828851145	0.00844778815124556
5:Del:R:2	0.00039933932650702884	0.0010867220036971047	0.000988163222791627	0.0002671643272765323	0.0028541172632549207	0.0002682346460670004	0.0010630274975541455	0.0010300768588392374	0.0010554929395233613	0.0016324364095208922	0.00012599740785361745	0.0018548290960389835	0.002959105106322113	0.00013533547378330013	0.0021476857249263046	6.780295857062413e-05	0.0006429302657972613	0.00034557149109261333	0.0005464758881936404	0.0010851954896605774
5:Del:R:3	0.00013807196458614612	0.00031487024536403397	0.00036025239469203993	0.00022573465068120413	0.001076086265280729	0.0001283343096848455	0.0006041369556978538	0.0002710591265557127	0.0006776899153253524	0.0006424956244910973	0.0002663868879454157	0.00013261133713328378	0.000753365812870328	0.00017772507182996832	0.0009518226245046435	2.3431005047314103e-09	7.859480096151117e-05	0.0006483732198432079	0.00029859553989197707	0.00040086176096995276
5:Del:R:4	3.0265374043239035e-05	7.172278349942829e-05	5.3875902079125734e-06	4.51571528614636e-09	0.00022942609071435527	4.893734029920438e-06	9.78362642222841e-06	0.00019630889416935915	4.772354209592322e-09	2.49563669977082e-05	1.2101692070842773e-06	8.959030790123278e-08	7.4222233352116976e-06	4.7047311131365176e-08	5.32452442448772e-05	2.6384686062641548e-08	2.3856434867575162e-08	1.2425622685761085e-05	0.00017113477885200012	2.6172077056472175e-05
5:Del:R:5	4.7204560997098355e-05	9.030402520227021e-05	1.6190571721352853e-05	1.5963788690953607e-09	0.00012304181681017213	0.000145880030457306	2.5089431917297843e-05	0.0001353829182719224	8.635483617069895e-10	2.3081207846011864e-05	4.392320389129178e-05	0.00018910467110664798	0.00011117892640662319	2.6333268504004082e-05	0.00017163750961934454	0.00015408430749872082	1.7919971639912546e-09	5.4686486076604976e-05	3.6232666021618344e-06	0.00011487504394636971
2:Ins:R:0	0.001536483360978309	0.00312074360909719	0.0040634251188021156	0.002018094999068012	0.02759856262083872	0.0011560021661409792	0.003975608563778223	7.214192548417486e-05	0.011951911414507776	0.005858801000431496	0.004067508901750898	0.004172006532735964	0.059638517229468564	0.0010142170776163083	0.00854303425141552	0.0024097986037276086	0.06071764034219086	0.007558287384554206	0.012092228712258474	0.010998856243950854
2:Ins:R:1	0.00018704635316680652	0.002426871268501145	0.0030972472073335666	0.00379668214247431	0.010641351866070181	0.0010807412488475165	0.006683898434275761	0.0010114935478486586	0.0040424036359763705	0.0025806574599118903	0.0035327142778260167	0.008424614292453043	0.010896363800857217	0.0042498988087754696	0.0014436147563151281	0.0010323082955437713	0.003245377524290234	0.009430434163659811	0.012793644677149132	0.00923548302744206
2:Ins:R:2	0.0004315216188384596	0.0013591990000933407	0.002416101545022684	0.0008542161917154089	0.005274387715107878	0.0006109680805820971	0.002147742455272237	0.0007351848240091385	0.0	0.002091761944175232	0.003910671806886512	0.0025326919447360295	0.0044082837368478065	0.0031876476472200467	0.0010960320381491328	0.0008630910638021305	0.002851159037950879	0.006923792352157676	0.0032806954492116346	0.004024150859913788
2:Ins:R:3	0.0005458995504386621	0.0013937372075176313	0.000573692768186902	0.0012139686433295083	0.004059892639444343	0.0005046927859075367	0.0013014976632257458	0.0008039130159693286	0.002146112059481311	0.0015832131152274088	0.002807575592878777	0.001534193242229378	0.0037896035553421827	0.001205390466317766	0.0009714661483303644	0.00044539780867467013	0.0008676099355072608	0.0026327028858568725	0.0021412679768673115	0.0017792657072118346
2:Ins:R:4	0.00284948070984683	0.0042810442945409475	0.0027764064632151532	0.0013293543972945087	0.012404586241173092	0.0008906220278680621	0.0016680110216839238	0.00040385691281286996	0.0003902365667454433	0.0034536858074716292	0.0008203245498719846	0.001970108915332105	0.007076375126925996	0.0003008251693307784	0.006572854171972722	0.0008151605694254727	0.006703132286784239	0.0024350183023193494	0.0016984467455768027	0.004080786609926577
2:Ins:R:5	0.01775434341398068	0.017326713630463928	0.02965616842362806	0.007206835598155976	0.05008810337628347	0.010096102896344519	0.007867743123546234	0.00019198415953724179	0.005132594101864924	0.023349836815787058	0.00193135968351271	0.0051421464357173366	0.0379404439775044	0.00010499538592313228	0.03209635857757348	9.195952799245788e-10	0.0008731564925983548	0.004654542643908997	0.010129904252012238	0.019077793802329098
3:Ins:R:0	0.0003569908446793235	0.001640892371476923	0.0013806512395240134	0.0008359991746959849	0.0077033329919319726	0.0002926760928961869	0.0021224792212484545	0.0022436443855381326	0.010726821274729445	0.0025999369190128616	0.0011560735013335943	0.001113494773323822	0.02673981866100803	0.0008241837104208116	0.0031586023877025584	0.00015866374343403322	0.020445859425235538	0.002008108456830229	0.0036071330114151577	0.004393409320618105
3:Ins:R:1	0.0004565255062152573	0.001969492784628528	0.0020055087003856896	0.0024840940159077717	0.004783899702692907	0.0014421629366373877	0.00404359980778338	0.000588410391336538	0.0015469956535918072	0.002151242278462888	0.005228792850357422	0.003503233242410033	0.0033882218308389157	0.0036581255643977784	0.0015796818496158238	0.002449648521316021	0.006462460102047771	0.0075289658397692	0.004534353789965167	0.004261258658287375
3:Ins:R:2	0.0001258835897898436	0.00041811189278093683	0.00035589695760791074	0.00015914092369371247	0.0010495117783962372	0.0004975898042674132	0.000529630044423115	0.00026356525477091	2.709460604648939e-05	0.00048769528464475797	0.0007686096448781399	0.0018988770817988153	0.0007616157554321035	0.0006485827277597877	0.00034784547606250273	0.00043834344411145307	0.0008431635141249672	0.001123833042681639	0.0012049222704209228	0.00105158187441333
3:Ins:R:3	4.1962004470619264e-05	0.00027723143716144703	4.531466620708358e-05	7.90627302105662e-06	0.0004385952587571751	0.0002714731706617357	0.00010844599807537492	8.650987150502942e-05	3.6434452333082845e-05	0.00014563258167228809	0.0002137271560594911	0.0012560667871898091	0.0011947813258015572	0.0004795911671733677	0.00025824522226008283	5.503363403233763e-05	0.0002056377777548235	0.00048089126407759866	0.0001346360410988723	0.000354739297129143
3:Ins:R:4	9.653671295396293e-05	0.0002780425837724465	0.0001437903503818383	2.5359872886472344e-05	0.00040615171052527544	0.0005275862159900413	0.00019436750930083236	9.76334071367546e-10	0.00010962451988202559	0.00031667686473722866	4.598432265936481e-06	0.0001472147613133501	0.0003150330274134916	1.0736339427914742e-05	0.000464879927109223	3.13888605774082e-08	9.413331586543449e-05	0.00030842577152398573	0.00010943372492970616	0.0004189966579804505
3:Ins:R:5	0.0016134024000274395	0.002961732909025159	0.0009721485785229334	0.00045304975829409957	0.004072117946501237	0.0006849777531959944	0.0007846534087025248	2.0548947557017527e-05	3.599665314766298e-05	0.00240285301150152	0.001661680667538974	0.0006211910081735538	0.0012835830115562885	5.3769705916693054e-05	0.0030938385949048097	0.00033954755124938175	0.002892024874812762	0.0005365042202419091	0.002775464777975287	0.0011762769189189726
4:Ins:R:0	0.0017258776153971666	0.003989257192931746	0.0018363624264020474	0.0011109232870694541	0.013635915934241894	0.0005465220727101183	0.004193271548175943	0.00241886544329418	0.017718776221154257	0.005072855897014961	0.0018010928224168766	0.0014219835691790194	0.041220465898513796	0.0003404248280276079	0.008110020107431311	2.291470450984434e-05	0.00661561635643011	0.0006853928850370039	0.005007597176507943	0.005110722170211374
4:Ins:R:1	0.00016341755211215058	0.0031113676630724284	0.00233946099833247	0.002169068706350004	0.008735059570535669	0.003395238808926351	0.006371027452623821	0.00011653304725768976	6.944581109564751e-05	0.0017938564276171575	0.0018386820666796667	0.009258379647391166	0.00402192530244065	0.003978285209184378	0.0022979045282045265	0.0011258199799340219	0.0020472415665571475	0.008748833769132033	0.005457722833094749	0.008319056445729132
4:Ins:R:2	7.863928770078132e-05	0.0006307116690419434	4.2828316453658034e-05	0.00019803789438732622	0.0022683340634756634	0.000792290756688061	0.0002694173682755352	0.00010431278661094722	4.216132692846486e-05	0.0002449351288193391	0.00041968606003258915	0.0015371637415012883	0.003254943067397562	1.4604133298234956e-08	0.0006490921827644946	0.00012509254136784166	0.0013587445030290724	0.0010979441655899968	0.00205870801132896	0.001272762642824503
4:Ins:R:3	0.00026906993705779316	0.000303059096994005	0.00013299669508342048	0.00014034630061360076	0.0009471968018506516	0.0004200078714671562	0.0002546035439888783	0.00016262920312366092	0.0006057608517973989	0.0003150561208573777	0.00017662831358919106	0.00018484671824431587	0.00012578671661344742	0.0003726083362839461	0.00041337604738828304	2.2744646344108333e-09	0.0018304221276048338	0.000223518061609127	0.0009307107257646407	0.00014304335108647592
4:Ins:R:4	0.0005466038502204285	0.000554754919219107	0.0008888079268673721	0.0004912597708428734	0.000797603301769243	0.00017737772280518983	0.0006392684807360638	1.0452046686939553e-05	7.977212953846902e-06	0.0008143087835463803	3.7398313911296556e-06	8.393821862860306e-05	0.0017924586074582294	8.657020499910572e-05	0.0011588651044033326	0.00024711485178336546	0.0001509108108106716	0.0003013841379527804	0.00025859184988803464	0.0008347837719433926
4:Ins:R:5	0.00039796199907094377	0.0007299846350084494	0.002487883736101253	0.0005301067407708616	0.0025151655129218397	1.2629908303978254e-05	0.0008736679077760101	1.31498873046354e-05	4.743104093520856e-05	0.0021224448620823823	4.7745428301837475e-05	0.0006909517547595101	0.0010811311760954823	0.0001654439166894406	0.00123041755592455	1.0043053067994023e-05	0.003141603507813926	0.0010497205202203473	0.0006871850578016848	0.0011253409372472588
5:Ins:R:0	0.0024209401932730403	0.004157732896220381	0.0018111309934844399	0.000741698444027179	0.024190328416359534	5.636651846316454e-05	0.008332624046721833	1.5326038109559903e-05	0.48333590775728225	0.009925634423860075	0.001084712269503143	0.001923251237835757	0.19530612947240683	2.399482170289957e-08	0.018239370884236196	9.844875705766754e-09	0.0015075961462324018	0.0001108260317889176	0.005685617004835777	0.014258613099851018
5:Ins:R:1	0.0001965503984320094	0.006153580379032064	0.009086760764366772	0.00928343104897067	0.013791001269128174	0.0020918601709300332	0.014845204121822917	0.010500183596741408	0.0049215515283867715	0.007154572313811514	0.0067154188609310946	0.017455842243507505	0.026208381869073493	0.022126509343506767	0.0057173483842856854	0.01597849309880985	0.016858425561804325	0.020022161321248858	0.01707651969331522	0.020397609939609537
5:Ins:R:2	0.00016548653723480938	0.0007789317872686619	0.0006687335964670638	0.00012965027536210983	0.0019621313905549133	0.00044855865011225407	0.0005549175213887736	0.0017375479844898222	0.0003784433904708351	0.0005264518762394132	0.00045036577851592874	0.0007660353497518102	0.0015587219602035418	5.129623588118193e-09	0.0010944354606903677	1.4894092780934897e-05	0.0002200740130750134	0.0004176122495864476	0.0011335310103518736	0.0009838212520130085
5:Ins:R:3	3.9523138569848014e-05	0.00018869331692883407	0.0003101673136349348	0.00015348992025112195	0.0013090505021975218	0.0003118130719259682	0.0003974938418029694	1.7661747052635236e-05	0.0003056771732684638	0.0006172957595660478	0.0006968410904906542	0.001078316903032004	0.0007500493918973916	8.836427532376235e-05	0.0005954083579250602	0.000442876580899636	0.00021247326461889315	0.001419196572766257	0.0011175403344705615	0.00078046173562079
5:Ins:R:4	6.477509414793304e-05	0.0002848916621849762	0.00015899078612175544	6.466469858409596e-05	0.0006544227113124635	0.00021768842028595082	0.0005456022426087692	5.1709500782166626e-05	7.82452404024525e-08	0.00037162401219703156	0.00010691360450330478	0.00036963241129148725	0.0004654313858121772	3.550610926080111e-05	0.00035800295588512166	4.14743022176367e-06	3.0490459622001255e-07	0.00044083702661360744	0.0011309858622169599	0.00029276186352753084
5:Ins:R:5	4.163021910287057e-05	0.00017751296565649	7.881617460034463e-05	3.1174867158370036e-05	0.0003007380851568087	0.0002841910451488161	0.00021048584672634263	0.0005564024011830782	0.0	0.0002925472023406428	0.0007324201956497234	0.0003049353950899558	2.7394706557970493e-05	1.578275251617356e-05	0.00017424557587439438	0.00036991514687713335	0.00027860524642512983	0.00030731112121987534	0.0006080616131190198	0.00011919930120129152
2:Del:M:1	0.0035414392071470503	0.008592554061615375	0.004550503339269199	0.0033772773884993513	0.028986324708967004	0.024909114382899132	0.01713052859020536	0.0022512027724587826	0.0043060240008344405	0.00905262262094766	0.019391222601698246	0.028616698255063966	0.028882760503329337	0.01879336579935625	0.01415582304733107	0.005450873720401432	0.006915363594307564	0.050233830700162796	0.06905056635383516	0.019014123469823972
3:Del:M:1	8.367096263100392e-05	0.0009289330355886704	0.0013564046584360768	0.0018361361131701414	0.0075837800920999145	0.0023147038206437287	0.0034559714155329856	0.003408428948605433	0.004112720698612975	0.0018276794528355822	0.0010167171468492596	0.008173837189096957	0.005258036370360059	0.010923604907875415	0.0009567388174764346	0.0024945777343236843	0.0006902148283552379	0.0120546230772743	0.00982860805466771	0.004694606119010132
3:Del:M:2	0.0015043407730991022	0.003217146638489794	0.004086244509089738	0.005164389331112034	0.014845807909732684	0.01000015941739548	0.012658109184121713	0.004606973275076598	0.0002812343578261789	0.005472984852967783	0.0072995802719378845	0.006746754392515868	0.00507725803705398	0.005068740077549591	0.004466652438277379	0.0014368124352768063	0.005573091647238471	0.01262154610361904	0.04640190582955256	0.0085707005605218
4:Del:M:1	0.0006685481205931865	0.001550841576026869	0.0007227881998187513	0.0013359506971028167	0.006136015462107025	0.004061032535682898	0.0027312028844607996	0.00129570687226078	0.0032431749359238893	0.002238542459681412	0.001570686751510948	0.02017157895723358	0.004207297004177235	0.004955290208922065	0.0032067094795638694	0.001762885348580312	0.0011304722499335185	0.017822738935938106	0.014202420834917575	0.005166783056629356
4:Del:M:2	0.0002968870711265481	0.0019601015593798364	0.0011257731888508716	0.0019108876553946175	0.009205658490536735	0.007523895332124084	0.008584148262743839	0.004660639240173623	0.0030817092463257725	0.003619230500480626	0.007228168540968909	0.00528443185321521	0.007671034281374886	0.0018068344314815478	0.0027954079698247368	0.00439332854191889	0.0053865534372926046	0.01779402392180259	0.026944625776814064	0.007702693726168945
4:Del:M:3	0.0008951581580549828	0.00283475997595815	0.0022234221122198507	0.003112882264540531	0.014948075630818493	0.011380638344271575	0.01655816076032352	0.0035390194875537873	0.0010842923281597905	0.005510675884142984	0.011441235236707143	0.009572577764338348	0.015955867026932538	0.00435150599849294	0.005218004581111018	0.0041238709079334515	0.001206905354920309	0.011043607615865767	0.03706610771594569	0.008772248428722379
5:Del:M:1	0.0007580720708727995	0.006047602945473045	0.0022176598720398035	0.0032793472109574396	0.014068404650788579	0.0051107201183280895	0.012210129032901022	0.11444577407091856	0.03928843995323405	0.006972062770510093	0.006303431635824381	0.01976097864098847	0.01736728104078793	0.2134956666827202	0.007557279355751234	0.029840050173224882	0.02497686116024852	0.014370068638540942	0.01383561300388692	0.011914805507403798
5:Del:M:2	0.00026903089058123443	0.0023954010352554176	0.003040884091387852	0.0023576740545649955	0.00826303796126922	0.0021634559244433403	0.004997322478043315	0.22518881022930146	0.0015934618274332025	0.003554626521508908	0.00935883958125487	0.021649186502909288	0.008173956449027173	0.08810675334185362	0.003857365323308244	0.004561843532719649	0.009913820313486213	0.016246738771442323	0.013606645994702262	0.009774539926655166
5:Del:M:3	0.00019917256897315384	0.0031871133161114075	0.0008054850253392942	0.0010092328275641193	0.00643254933049775	0.004603197883710024	0.0038659734692191704	0.20633909702301026	0.0016812078823568298	0.004193876758098867	0.004972176568026043	0.00608140789961908	0.011342959847097519	0.01257442862689004	0.004362781094278035	0.02359184540109709	0.008116930589312687	0.0026228343114792097	0.006161616352920873	0.003502478158916347
5:Del:M:4	0.00018355289850205736	0.0012658507296691823	0.001836123365937965	0.0016449370805639773	0.00476798368828895	0.0024234667477139736	0.004225863605201993	0.11370560936629773	0.003899320553173311	0.002571164509281516	0.0015819659878525273	0.003533225380815566	0.0031059764094243294	0.0010341385546780656	0.0012083679694296734	0.007441430404433049	0.008328430437213683	0.0035412443235424006	0.0035678076375722867	0.004154700769577175
5:Del:M:5	0.0002513306913169799	0.006717258515905087	0.007886471388628706	0.003093933949892289	0.009869464261964823	0.004211773104391057	0.005924006266434389	0.09751572608947753	0.011871788630960509	0.004117617298506602	0.008692162089573685	0.012447308402915951	0.009539210701732373	0.0014221125381300226	0.004154972390160765	0.0013998593314317987	0.0008952053895336575	0.011484030083464063	0.005368622629903257	0.008832252234278713
