MutationType	ID83A	ID83B	ID83C	ID83D	ID83E	ID83F	ID83G	ID83H	ID83I	ID83J	ID83K	ID83L	ID83M	ID83N	ID83O	ID83P	ID83Q
1:Del:C:0	0.00141005820420105	0.0003748844235469348	0.008383049118565395	0.023377269156699184	0.021243736528476803	0.014238114398904145	0.007807668554023784	0.004171848474718702	0.013037001186166894	0.018252047776553176	0.6593084412813187	0.02351944135247426	0.006723452489823103	0.012753429517449212	0.004496760943438858	0.0028069585637953785	0.014086933354847134
1:Del:C:1	0.00014260700976592488	0.0015730172397161368	0.001472808998587425	0.00487350336232339	0.02278233109973371	0.02126679493347183	3.344456454215106e-05	0.012372301041614265	0.01471936730609741	0.016468365421751514	0.11736875966191292	0.00862898083316395	0.016908760028818505	0.22435171261429787	0.009434144408151041	0.00871469285688363	0.007123905321059283
1:Del:C:2	0.0011112564554059646	0.00010123606378328987	0.0026394656067350295	0.009062654761219164	0.0013451120699150736	0.008578874410743953	0.005686679949576501	0.001617628912208602	0.0018343529393314384	0.006778715070904582	0.0030120985643588938	0.0012551983190724058	0.00140327332977904	0.22370386600494385	0.001230168058318668	0.0035560302168596535	0.0025198366079712286
1:Del:C:3	0.004175696375896223	0.0007911756750218046	0.004947658243472688	0.00267031014431268	0.00047314210241893305	0.018748733916145285	0.0010282934440328973	0.002323667646778631	0.002189045803679619	0.004537683914095396	0.004966273290920071	0.006614470877793792	0.0017569298628222895	0.08249920479953289	0.0020682269231474494	0.0011730841346468423	0.0007022965095529798
1:Del:C:4	0.005269762898678892	0.00012358701183984522	0.04392093113274313	0.002496145145560149	0.001139137556017431	0.007385405202003312	6.36956490215046e-05	0.0008934813718224177	6.177389528602361e-05	0.003016137372906087	0.006756039977190085	0.0010565409020637162	0.00040093643066938965	0.034836696609854695	0.0011107344961692437	0.00015906189335510135	0.0019130068006779765
1:Del:C:5	0.014255967961184411	0.0018889265926668132	0.18586675550148343	0.00022928341856101042	7.935391149473503e-05	0.00033364007970931197	5.8143451636425424e-05	0.004070022461833736	1.6253528153953313e-05	0.0007108589941554299	0.0011280485251532468	0.0018621100183565885	8.299545567833633e-06	0.009863577995274965	0.00010822547342815624	0.00047599084685423065	0.0017840739689526331
1:Del:T:0	0.00028112928433984054	0.0024114614616246397	0.005711185615073191	0.006979766060831025	0.016695566991111264	0.07051313257601578	0.009088538056239485	0.020242906388302798	0.18390404753386974	0.02815410912502557	0.027087762176306568	0.010917933476885083	0.018984163383247505	0.03990072568878531	0.00785870714325938	0.013686660691164435	0.0315290041314438
1:Del:T:1	0.0006074005913978909	0.000974459675126127	0.004247682848581462	0.0009427468869398581	0.0066281781217549	0.04149781053652987	0.004681179573963163	0.007038937517063459	0.14902201130986215	0.031135407330002637	0.004431766763809719	0.014170184975373559	0.007360112059977837	0.04052144561894238	0.006982874685782008	0.005820187545032241	0.019493267567049787
1:Del:T:2	0.0019300442075473256	1.8580741598270835e-05	0.002680788601282984	0.008741986758541315	0.005854306567343883	0.16328903697431088	0.0007808143865986495	0.007918476813065354	0.08131598692387343	0.015758902489906176	0.010820531280478463	0.007319166620582109	0.006312606381106889	0.01869427583354991	0.001887428142799763	0.01600194401398767	0.006990896761708427
1:Del:T:3	0.01159289398987312	0.0009760917970197625	0.0015136560029350222	0.0045262377284234385	0.013383727480395465	0.26095630690455435	0.00036751769133843483	0.0011937847043736838	0.010312858018442056	0.011881758202798664	0.013626905632554554	0.011711006085388363	0.00453970370881787	0.003509948610153515	0.001470441740045262	0.007185461256885901	0.0010830217074140336
1:Del:T:4	0.04099717630073428	0.0009620950286625884	0.002660410043340562	0.00947123285222915	0.0002467909490223974	0.22718132361769677	0.0010661220680423522	0.0011512731210677884	0.005134974571410567	0.005641238414100371	0.0005677222146186978	0.00039152162033133207	0.0014188530085084499	0.006217415615101345	0.0035838656668784096	0.0028574952302733436	0.007754365856526419
1:Del:T:5	0.8366200822591782	0.003551672466568392	0.1869413664705644	0.014219749441253952	0.0072616334328255636	0.05915503367087757	0.0030983943764294965	0.022631776467542296	0.005010769165621843	0.054019982087270456	0.004915766301655613	0.016372063897376454	0.05147656528871516	0.0036943229101598263	0.008131081613007608	0.005677860472355332	0.006612575284671162
1:Ins:C:0	5.3901764764532346e-05	4.868016916237395e-09	1.1062022937657901e-07	2.736996659913782e-05	2.799325935853858e-07	7.101952028865099e-07	2.8450002975688447e-09	1.3581249369565285e-08	1.4117331286200852e-08	2.420556162263665e-07	3.267989987065789e-08	4.764414778704378e-46	9.866916760969957e-08	1.2217171782680225e-07	2.955905284718341e-07	3.4789977121363336e-08	0.39060408383607864
1:Ins:C:1	6.283892765623023e-05	0.0003715549061053025	0.001975743063662776	0.000651226724530776	0.0007705263761681636	0.0019982709638861704	0.0012500039508449845	0.0030093639757251367	0.010938760764547624	0.008217531855916605	0.0010353156848577783	0.004609207254015928	0.0077091261450550515	0.004098595229224884	0.0036765414354158563	0.018005488293711097	0.060862392247654495
1:Ins:C:2	3.788565049717363e-05	0.0002239715566634004	0.0009839037224810454	9.65073626866797e-05	0.0002476630826561177	0.00466580453728966	0.0004337922261856875	0.0031469041877335256	0.010970785685349255	0.004216511759150308	0.00042155402158186914	0.0029282844305271285	0.0016118834186636378	0.0025983863951114473	0.00019520468005794101	0.019448273801244795	0.012507481472566724
1:Ins:C:3	0.0006150029565469595	0.0008046026194642764	0.0017640242599736666	0.0	3.017550625372678e-07	0.00032423130702227356	0.0049171822005882855	0.004730250327702379	0.004810088917147368	0.00453747868334176	1.2471556332490872e-45	0.0015441408930928447	0.0011859244480729102	0.004882826938410289	8.857007487677038e-05	0.008034690192434937	0.0128110354708042
1:Ins:C:4	0.001748490400495939	0.0006858889060822549	0.0042047757020918656	1.0239791736239567e-05	2.9629047403432197e-05	2.1998370066285133e-05	0.003034372897236608	0.008076018698775443	0.002143297266738955	0.004703716233925661	0.00028882973718282303	0.0023767600665451027	0.0021519108271604638	0.008768955876585096	0.0004452691421465715	0.0058365044131687685	0.009638569648377598
1:Ins:C:5	0.013278883494531329	0.029155360106378793	0.004397575277835131	0.0	0.0	0.000550546902086353	0.002505998156577789	0.04480780784680974	0.006215549517655745	0.01077313399175182	0.0	0.005699788891943172	0.0054905922830585045	0.004036472396692261	0.001618940078333253	0.007982644551666453	0.02169443710008636
1:Ins:T:0	3.185144079907332e-05	0.004469236379372887	0.005176919945224654	0.002422325368388556	0.00423110397241544	0.0025807750233070702	0.0056567112759512385	0.012205744599050376	0.003247732655436266	0.009914548080269014	0.00035834854701533914	0.05253533128881827	0.004367005222884472	0.022459666444920003	0.0002546204206009861	0.014781890736776404	0.09227469688979908
1:Ins:T:1	1.8577566156636748e-05	0.00832264227385167	0.006233883034437895	0.0014468636584842897	0.0011299606283864704	0.0013428592680429575	0.004992835366283544	0.013260132395807887	0.014747442628140562	0.024399912738008425	0.007913926347828237	0.015532027547305916	0.03173968906980008	0.06366428598761559	0.006334353771526366	0.08074581194669009	0.01672769755939953
1:Ins:T:2	0.0003161570802330971	0.0045000773164792915	0.020274160054977983	0.00012689182058238656	3.382823557330994e-05	1.401298464324817e-47	0.0024954660900402812	0.0032736126595409587	0.01359122708265204	0.012346888013998978	0.0004735876098857261	0.014453144347062335	0.0016844806840163073	0.061594953611493114	0.00032239782420219855	0.029545171278514318	0.018228148827329278
1:Ins:T:3	0.0001527737907599658	0.008359028270933776	0.011619642237201333	0.0011038031386851799	0.00032271755156671134	0.0019809564296883763	0.0011873401384582393	0.004721354091420249	0.005448591150948232	0.008435449509997852	0.0023192461725045827	0.009905928413500078	0.0029228114915895278	0.03149526506662369	0.006095381599152461	0.03760802760953084	0.002743415411678143
1:Ins:T:4	0.0010358185954828514	0.019216080447658896	0.008426763481038506	0.0021170189864642454	3.3530999935464934e-05	0.0005025952187133953	0.00022607717968639918	0.0028069454227807	0.001184722250836785	0.005676317514153198	0.009450909732840955	0.0012197632098104804	0.0025933927456208037	0.009258293523453176	0.0014736351634201128	0.018831995742511935	0.001236463902896503
1:Ins:T:5	0.03039879991561006	0.8642468053102493	0.21884167769923807	0.008049122525262648	0.016646397283651665	0.007022342549171343	0.017884795463180014	0.4362277248129249	0.013469131953461328	0.04396197208669251	0.03943640690011287	0.04804616362089291	0.017190694815520297	0.017619437398388983	0.0008235052507078678	0.08808827541070059	0.01808270609934198
2:Del:R:0	0.0013079045956692426	0.001308388146571815	0.004432560739005566	0.005861505600623786	0.0007765480700254557	0.001775256785331294	0.01410832250956446	0.003401390641593025	0.04754757998045534	0.02965744659421034	0.006780193677070637	0.014215189050883054	0.010921403245301917	0.0049739282351220025	0.091128139346838	0.009873680041637271	0.01131895357859321
2:Del:R:1	0.0012086485888721653	0.004016206122141739	0.003910487192915753	0.0013173276299858116	0.008422028381901328	0.004827284652856178	0.002031171464623185	0.012130930269486272	0.0168893903461867	0.013969831682625227	0.008203675530385226	0.0051813163282349705	0.04262823871802539	0.005383804287848761	0.23724335517734288	0.005762168852379545	0.010418151499470696
2:Del:R:2	0.00078960182989249	0.0016400695648917463	0.003507831546594389	0.0008919445539459048	0.0008859770141361878	0.011938376219186466	0.0025895309954648837	0.004528929044026881	0.0012889613630250097	0.004399384251446464	0.0009920747574190614	0.0019122993084602058	0.009137942617380759	0.013270103284157812	0.057593431854620576	0.00331227403574303	0.0012584508177133102
2:Del:R:3	0.006218947700690478	4.086251210537739e-06	0.014284304645843803	0.00032604808831820264	1.401298464324817e-47	0.004019692280526215	0.0013026980709582858	0.0003016092418693006	2.3446603445336224e-05	0.0054171486378072585	0.00028087549173505977	0.006896414056136564	0.0025003257977368777	0.004276453563943505	0.011756017043380246	0.003386277620738838	0.0018927922283182852
2:Del:R:4	0.0010793231077695963	6.877701130633796e-05	0.02497562889009714	6.945183353991524e-05	5.162911947991233e-06	4.451027140021324e-05	0.00013185264715502852	0.00046810001881567585	4.340784536907449e-05	0.008416534274729201	0.00019313081502332353	0.003904400263854768	0.0011497009851356666	0.0010480002188160142	0.0033534510372555813	0.000293646018835716	0.0014084205741482947
2:Del:R:5	0.0019442389515916148	4.941821565296323e-09	0.07944557466035619	4.043366674810755e-09	9.498451515543849e-06	2.8591382630338557e-08	0.0002061040094821953	2.7531832459040118e-05	4.9236270988153305e-05	0.05155049721236878	4.09586782268434e-10	0.015632509944189507	0.001175069888135667	0.00024733996388150105	0.0008612855591123747	0.000315615098563562	1.2564442541389553e-05
3:Del:R:0	0.0004485193504297058	6.41552712477278e-05	0.0010593452533794335	0.00570120100164786	0.0029033491669179057	0.00029698815633310004	0.0023023028098396025	0.0024973572261660594	0.04606695678085089	0.020519498411158566	0.0004108373439521529	0.015440801257500424	0.0011151742429642742	0.0018936558938003145	0.002600568977104558	0.004842810932314023	0.0021296028465440033
3:Del:R:1	0.00026656360721972306	0.006483569897827692	0.007343319870606875	0.004414399912674014	0.0007891677424049703	0.02201988047803752	0.0014858078223187476	0.006794130266061984	0.01348619031952694	0.016460041456157343	0.003775355738362123	0.006772266285406658	0.12087953263428063	0.0004965749620032511	0.05358349946327508	0.012945029210532083	0.009843898420222104
3:Del:R:2	0.0008191023428844347	0.0012088796609532437	0.0017490018894386595	2.2775234338041628e-05	0.00029934873204751967	0.001137740533986289	0.0015391030970749852	0.002402455333431135	0.0015802708944102051	0.003370206952154149	0.0019561226000951136	0.0017960441147442908	0.03078185878461227	0.000594133782578865	0.010972610876779072	0.008950304118916392	0.00038667643202643375
3:Del:R:3	0.00011987140878602531	8.713587004422152e-05	0.0015077034966748215	8.79111023095902e-06	2.6050621781905646e-05	0.0011751638395753616	0.0012812025863240706	0.0019184081199637149	0.0003705208343308186	0.001969357091365964	0.0001351536056608893	0.00035181195314407885	0.006773268487304449	3.0192043413990178e-05	0.001037653769890312	0.004437688069849912	0.00021075076161650942
3:Del:R:4	8.167388735500935e-05	1.5021186045487412e-05	0.0013020263784017062	1.5467867970073713e-05	6.0719402972608804e-06	0.0004081866460217043	2.1979327357257717e-07	0.0005092678525852535	0.0003307147885419681	0.002036981512841862	2.736414568062173e-05	0.0004775429349683691	0.005094595910686621	0.0004622634891347843	0.0007797482722352811	0.0015160294254383188	0.00036911932575094396
3:Del:R:5	7.084193187324672e-05	0.00023149252867369797	0.0029599806485930457	2.0118747488595547e-06	0.0	0.002978934540751652	3.3558686169499196e-07	0.0004115755617885952	0.00012793241563485936	0.0033393825648818164	0.00012147528941923725	0.00037603207398205995	0.0025459439909161575	4.525569514953531e-05	0.00034523833775892856	0.0021293502998921097	5.977978595183231e-05
4:Del:R:0	9.378606243558352e-05	0.00011021017626262619	0.000738240801183565	0.005877725891259615	0.0008069968503605196	0.00011852038822325995	6.0921925178263334e-05	0.000681552147725597	0.03474174878560007	0.022037226461252432	0.0003255298372823745	0.016807271577781648	0.001276892388414126	8.734451665077359e-05	0.006257111812628864	0.00522347279955284	0.002125114942173241
4:Del:R:1	0.0008196560798387508	0.002665699089411646	0.0014376461457868573	0.004570208468940109	0.0019215513655217364	0.00025730462395586075	0.0008445680874865502	0.007385456022266226	0.002684215834560746	0.008773470766609535	0.008647082093521021	0.00651556401837297	0.1342224227808765	0.0018179133474768604	0.03643835667520762	0.010037438231229316	0.0038769495789165377
4:Del:R:2	0.0003851785225469939	0.00047049598796547796	0.0023641223586673733	0.00017729472697737946	0.00029385007845235124	0.0003018243351834826	0.0035976118773396594	0.0015980011635110714	0.001200883776327828	0.003954776696918998	0.0014691513578145533	0.0035894067711456047	0.04087957598516368	0.0003541585688071791	0.006619202953297645	0.0030193542630877345	0.0023353040698202675
4:Del:R:3	6.984390905472538e-05	0.00019845635559590847	0.003477763787377626	4.983321196050383e-06	2.9128214334832593e-05	0.0002839576177939307	0.00017505743344372604	0.003141672480996931	0.0008519109027110972	0.005955577422282659	0.00016956798906903715	0.0041853405108849984	0.01723113574000308	0.0007345190303567506	0.0039774830294805955	0.0026451370518771	0.00021957826582365668
4:Del:R:4	3.156649850097892e-05	2.046058047653787e-05	0.0011894864466739819	2.6869490622090097e-05	1.6825115767105103e-05	0.000673220655122293	1.401298464324817e-47	0.0007689294193369278	0.0	0.001818251581530177	3.954568904049438e-05	0.0015987878759312934	0.00515267408995669	5.7689756831678094e-05	0.0014457080751617468	0.001369998547202158	6.479718460923322e-05
4:Del:R:5	0.0002308966176155991	2.736512064075214e-05	0.0016723263450671767	3.2912812449694685e-05	0.00010528460856505717	0.000523608380690348	0.00016405062908233958	0.00063648015675426	8.368350599994301e-05	0.0011416116041073109	0.0002883649534851429	0.00044425956177292393	0.002948859907046426	0.0	0.00015344150045166317	0.00010487442224984988	0.0
5:Del:R:0	1.401298464324817e-47	0.001125653721173876	9.11401817575097e-05	0.007136182431212343	0.25779817532638843	0.0032473959929484406	0.20054090917110443	0.00017912352457642556	0.09046898884524125	0.08648884806316345	0.0016716189903672784	0.0014054511487483978	0.0024490965314907954	0.004518508724868297	0.009714169995100247	0.0030761101911775768	0.0007305334624834359
5:Del:R:1	2.1252642484341776e-05	0.000675795864194697	0.002577567390690092	0.008574224417097867	0.0002701196366251679	0.003005823504354339	0.004773769716266542	0.01793719979657908	0.0024560886083054355	0.01940658085368341	0.0006012102147724363	0.01097214069304755	0.046627933118456324	0.00027351323884204247	0.010322221806563902	0.017483256601262837	0.0007229742976778652
5:Del:R:2	9.948276888735563e-05	1.817946002120152e-05	0.0007599941678631694	0.000321664740331471	0.0003831442380032968	0.0002903932626941241	9.039904987730552e-05	0.004650936925900169	0.000296136306860717	0.0043345061510626694	0.00010293448526681459	0.0029531550013052765	0.01261148122663144	5.434576825791737e-05	0.0017233185570512432	0.0009687780664535239	0.00017062959685063106
5:Del:R:3	8.043309693334778e-05	0.0	0.0004397143876485643	0.00010667580891151829	0.00018169724798099195	4.1017878377385134e-05	0.00033258904128160796	0.0021127862316643584	3.0063801386859267e-06	0.0017644071628456005	4.121955216760398e-06	0.000532529475976844	0.003867155839689076	1.3866979564625126e-10	0.0005319213153825331	0.0003358786425087601	9.267922519939021e-05
5:Del:R:4	5.799539052276259e-05	3.778371792577673e-06	0.0004052176698104404	2.3494742216563223e-05	6.8210835524951105e-06	0.00024808186851004165	0.0	0.00016842981155683388	5.889310114341129e-05	0.0003533755919632231	0.00015201169017650784	0.0002993278465708471	0.0007964772880397675	0.0	3.290340709966699e-05	9.469320164741113e-05	3.3693115681217024e-05
5:Del:R:5	3.33005703479472e-05	2.6560099649941547e-06	6.823314102147649e-05	2.2283836900824917e-05	2.72422639283576e-05	0.00019143970238236108	1.917609918464791e-06	0.00014432116142685915	9.240103360141915e-06	0.00017552425937623185	2.378036457947097e-05	6.999611325611888e-05	4.652477928582144e-05	9.679110298588255e-08	3.2402038880192664e-05	3.435369461701754e-06	3.1892053812043744e-07
2:Ins:R:0	0.0008311603439506144	7.881341996835545e-05	0.0025743637490086256	0.0009483438616962304	0.00012202448087919037	2.35629640519619e-05	0.01651186462957412	0.002408295571403869	0.00023528658915893173	0.008505241374950855	0.003504044544479257	0.11202021395263728	0.0005988012631132733	0.00011115958535810933	0.0015893870843774493	0.011139209643342838	0.10190414629410953
2:Ins:R:1	0.00015148195161600596	0.0005962688388535753	0.002394109578726784	0.0	5.751799788868084e-05	3.755426383577287e-05	0.0025619717132940424	0.005796094599936623	0.00986379285575822	0.011703032250516117	0.003847428089029563	0.015419267388715525	0.0018375858973740833	0.004870631493395195	0.003849917836487293	0.05078509011804272	0.0018099939133753651
2:Ins:R:2	0.0002601382328066393	0.0002615772108947567	0.0013646453500405188	0.0004209872722003638	0.00019191604042134713	0.00040015884515014476	0.0015270455244171899	0.005753199575337931	0.004003430564480368	0.005701991685782559	0.0007991918156461531	0.008635785755468533	0.0012394054161632083	0.0020120972508448176	0.00038189267208053933	0.025220083030872045	0.000641748005464251
2:Ins:R:3	0.0005099234416047694	7.408239992022552e-05	0.002133164290862624	0.0004117241729727539	1.9092249131063e-05	0.0012651157267100643	0.0026459399254235906	0.004730134842684492	0.00020484129718170152	0.0024748644480860095	0.0007132978214576724	0.00552233308844734	0.0011179538322903682	0.0007513557966740336	0.0018648171449603978	0.005908075328334234	0.0033399655237190016
2:Ins:R:4	0.0011615788791095839	0.0027126851586217527	0.009879990477929822	0.00016933159835389234	0.0	4.491386382142082e-05	0.0014150440170487854	0.01025038528488949	0.00017577828344656155	0.0037776284697974916	1.693054393399507e-05	0.004085854439290415	0.0011373311823990662	0.00018546484710896038	0.0	0.0024540927335328887	0.0021737247274722904
2:Ins:R:5	0.008567390038303984	0.008377355798147619	0.03213552712609669	9.765258639049534e-06	9.366260400639703e-05	2.802596928649634e-47	0.0002122963398869615	0.13840840970347357	0.0002633740456076339	0.015971728200674988	1.0443675746429904e-08	0.01346536345677464	0.002293265499174595	3.766080226341728e-08	1.827124772262323e-05	0.00039812348899431526	0.0005401896977855358
3:Ins:R:0	0.00015028442341716186	7.129440513381269e-05	0.00047036860007210635	0.0017885301401202014	7.762736640870572e-07	8.364700770471245e-05	0.007915336373116588	0.0018350422339139059	0.0007030941688747561	0.002081610296791041	0.00036018471262650565	0.05827191221993416	0.0006191572651732713	0.00012367409639409742	6.174974143505096e-05	0.004819774257807125	0.013238088077932843
3:Ins:R:1	1.2144585562054998e-05	5.891089516808279e-05	0.0017545454136052286	0.0001837375836657884	0.0004398438392280468	0.0008650487678460195	0.000682587081209931	0.002578423525774294	0.004875939533812925	0.00598242341956734	0.005728019459929783	0.004675507175452367	0.0012969360810438956	6.680740392766893e-05	0.000546448771415271	0.04559495653811609	0.002631904174340889
3:Ins:R:2	1.4696675042955576e-05	3.06914332031738e-05	0.0006239809628823423	0.0006755778811930213	0.00010565101692918688	0.0009346913145418512	6.65819106870913e-05	0.0010116415213906294	0.000440535052184714	0.0014106664353312225	0.0007340653722349089	0.00043936552669038065	0.0007494174754356208	6.022034235627416e-05	0.0008040882723889808	0.00780359283904545	0.0026288241769361776
3:Ins:R:3	5.807593102872488e-05	5.0670561473857846e-05	0.00022773928390961372	0.000339972343572299	1.528840475657489e-06	0.00016759526512032607	1.2952882890342465e-05	0.0002491183439420297	2.0138570228027675e-05	0.00045576254080515355	9.917917350605876e-05	0.00010939283900370356	0.00036170090999803505	2.122634015222502e-09	0.00019416469333030761	0.000726571783511929	0.00010328053333125809
3:Ins:R:4	8.934580148888926e-05	1.2494085934289245e-05	0.00025985511739918366	0.00017953196411625073	4.23190949182839e-05	2.941230357926372e-05	0.00021271592980156128	0.0005408485459086876	1.4475517818937078e-05	0.00036022613756358623	2.9690908571566865e-05	0.00011090365645941347	9.735283890385915e-05	3.94713890273124e-06	6.674267587527538e-06	0.0003320085492955016	4.360433298643329e-05
3:Ins:R:5	0.000790719299329794	0.0007128333057356428	0.0022009498879197054	2.2141199033143266e-05	3.8007225521141664e-06	9.525212808512151e-06	1.0165378650981438e-05	0.008217333719367162	4.768192795030046e-05	0.0014198602076123735	5.0528405257637135e-05	0.0010195764517993667	0.0007144026184554519	5.617413326035603e-05	2.572569181211293e-05	0.00014892977735144085	0.0002549626886309397
4:Ins:R:0	0.0003096254872866666	6.0770612015303985e-05	0.002721587606072262	1.4524469734169542e-05	1.698172997777192e-09	3.1948218293109677e-09	0.010518894064817914	0.0027251312984767394	6.9069284336364945e-09	0.0034407091826437865	0.0036952410423214486	0.11306678361259401	0.0012905120261271464	0.0007482909941316507	0.00017232308832269892	0.0030469076661393045	0.0072107861048840505
4:Ins:R:1	5.780140711337367e-05	0.000523605388825672	0.002797839770837527	0.0003898719074227586	0.00047197492856412284	0.0001293919628369622	0.00120568695718249	0.00387553705368191	0.0016902945400670433	0.008054147757648025	7.987950230017305e-06	0.005590730438561877	0.0008637854258267908	0.00030882354654522716	0.0001388117638452968	0.07865022805519402	0.0018467253885683021
4:Ins:R:2	4.0365263286048505e-05	1.8963801985592e-05	0.000655477922555292	0.00037722213367487713	1.6629891292723186e-05	0.00037508282040747074	0.0003827812693816668	0.0018471616324677597	0.00042020750728624987	0.0016217470273841173	6.082807703933213e-05	0.002177115041704383	0.0009712915804993827	0.0	0.0001350576234062828	0.004124919282126598	0.0011618961798012606
4:Ins:R:3	3.8111099620437016e-05	3.561661960247875e-05	0.0009385396162178949	0.0003255977282242384	1.3595598866231739e-05	9.581640143579761e-05	0.0003937822640727973	0.0018660990049829706	6.352605245410814e-05	0.0007694755063684511	0.0001745905373354617	0.0008677253217319958	0.00046921016456408893	0.0001599727899520076	4.516545434171348e-05	0.00030250487267039714	0.001276542678951955
4:Ins:R:4	0.00010103808160238258	5.1541151915444064e-05	0.0012060629230109044	1.7658695824138704e-05	0.0001906619852158542	0.00010321366353309714	2.2163038065627915e-05	0.0038120287769748983	0.00011655090422209469	0.0012260134846292204	0.000140316585848268	0.00133785710320808	0.00135287814635376	4.746624599164307e-05	6.604493450026894e-05	0.0005956463160691782	0.00016993363070923805
4:Ins:R:5	6.0507385387609244e-05	9.27624966619689e-05	0.000990313493712165	4.683092022332858e-05	0.0004900154816495927	0.0003927359334662128	3.7640131849911996e-05	0.007714256729232147	0.0001563438880839385	0.0023274294521479534	0.0005064107340817259	0.0009476296106004156	0.002610054988418362	0.0	6.221455754712224e-05	0.0006758524675387889	0.0005319221045192535
5:Ins:R:0	0.0010522952189207047	1.2071489141618486e-09	0.007312428622245761	2.538925754791421e-07	9.262008562327396e-09	4.01339366362663e-08	0.6135476964712143	2.9252860400674763e-08	1.6024294611227674e-06	0.006259157943731264	1.075472590808868e-05	0.07700240015313967	0.0014972230401120968	4.6563152448584336e-05	1.2778944125102498e-10	3.542747340787855e-05	3.1187776880869936e-05
5:Ins:R:1	1.8101155819749693e-05	0.0018193828580842818	0.0027180722444245476	0.01461081087909406	0.003375088754146418	0.005919516719004605	0.0028201079263817518	0.022456022054248025	0.002320812046236824	0.00931365879427176	0.005889476402662694	0.009325384371803977	0.007861839687102475	0.004117863911742461	0.0025936264829942955	0.16458455119282006	0.0011530967768590018
5:Ins:R:2	4.466174600565864e-05	0.0001002212312539541	0.00037274735355822484	0.0016936082992469893	0.0	0.0002889039347326161	0.00044203763718542177	0.0030682312236604047	0.0005250042364787077	0.002178594204451656	3.3963673340622334e-05	0.002541321230237372	0.0015058765044886969	1.401298464324817e-47	0.0005825895532976233	0.003151084982091561	0.00020191991025058086
5:Ins:R:3	2.7294262467592033e-05	8.236658719894763e-05	7.085522986017168e-05	4.670901736822941e-05	1.564477874126169e-05	9.485580440923513e-05	0.0007405338512307936	0.001113156488792697	0.00011965571349719539	0.0005476215264752682	5.9801135339512254e-05	0.0008438099880822847	0.0006287518942792758	0.0	1.4094705256866291e-05	0.0003451031199847776	0.001269539067527603
5:Ins:R:4	3.6819485382011406e-06	0.00010368597880699326	0.00022966221149204103	0.00019127736549307884	6.235610794210089e-05	7.792809912643861e-05	0.0	0.0016965443501695176	2.7835691307700473e-05	0.00039347150414840824	0.0002997518021095047	0.00021267355332383887	0.00026580554363590635	7.055766887589243e-05	1.6205570427700878e-05	0.0002467041081330024	2.878191997297108e-05
5:Ins:R:5	3.5673853550122204e-06	2.637404620935868e-05	0.00010572221503373668	3.662477838048517e-05	2.0781280852730788e-05	2.3254155717893354e-05	5.605193857299268e-47	0.0006338559909701757	5.255042477365634e-05	0.0004741594583947517	1.053874932040344e-05	0.00042413372365047053	0.0009347862712479582	0.0	7.441696059110824e-05	0.0003177388091685174	0.0002033689126074023
2:Del:M:1	0.0010606426023150562	0.00041861916557536463	0.004609887559490744	0.00033939692569219916	0.0025082677256432363	0.0024998649553253927	0.000379208382073557	0.012840407766489079	0.03222264915006235	0.01970717696764041	0.0017663576538325288	0.028447661376558245	0.005332147287263069	0.0055767388397692415	0.2582071350514889	0.01359066610835498	0.008434409031033284
3:Del:M:1	0.00018201819239948235	5.327658633177634e-05	0.0013190338129970768	0.0042609962250571695	0.0013073388361726757	0.000618372539174743	4.071248871696298e-05	0.003461711144009314	0.03777505995647516	0.019307486297911965	0.0008891019386146581	0.002070968849257042	0.004251707448565867	0.00035493741543177746	0.005070767824481664	0.013813328946125693	0.0004047511178396235
3:Del:M:2	0.000735156608861871	0.002092337160866009	0.0028914499914390033	0.007171205433551222	0.0011049950301912758	0.0009080068077309989	0.002015701703276136	0.006644673498667544	0.02135333499114495	0.013828436164185404	0.00540324255664018	0.006961000516894273	0.05835589391179383	0.0003638327369844774	0.025076461076387203	0.010941451945109293	0.0071285621856441135
4:Del:M:1	0.0001027845537828398	0.00039237588087416954	0.0025607912812847643	0.004780243871500715	0.0014188100700266658	0.0008912238888296997	0.0005279662659449969	0.0014668504721339559	0.03490272599738091	0.020233815718092955	0.0011244698955852072	0.0213042160065379	0.011961329706246034	0.00035124995643855074	0.0037103257294620563	0.0015269659087061881	0.0028263302060804562
4:Del:M:2	0.00015184914258497883	0.0018800965021728189	0.0011094694146777328	0.012605689296033234	7.54951966337103e-05	0.002093319360665191	0.0020727895821164564	0.001617043100122828	0.014698322650510819	0.012991258570182254	0.002169441801273706	0.003996567434805911	0.043302887715399266	0.000553125098667806	0.019512424565618858	0.008349563756964926	0.0003106380036479095
4:Del:M:3	0.0002635055258178909	0.0018767743374337442	0.0019441899870435008	0.0063263776502572	0.00032979405761579983	0.002612658643338364	0.0028584205970400944	0.004883750531444093	0.003934346542228013	0.012521612230921164	0.00018222300219349562	0.002577030902034494	0.08556391240854282	0.0014447151140484493	0.03490511380601674	0.014347636898653317	0.003582446652872022
5:Del:M:1	0.0004339612558032968	3.783505853677006e-46	0.001606474797008559	0.022446225785874106	0.38240370005369184	0.00019023191183805465	0.008198278158670292	0.0111067795616691	0.0029154265156858296	0.01755592204281946	0.0018568282251362688	0.06921825454221107	0.020795620587268786	0.0012194133389857597	0.008107096113981242	0.010049577467725612	0.004332572906278074
5:Del:M:2	1.4608736364607466e-05	0.0017835447425386518	0.00038302836656157525	0.2591437350213528	0.16020566441118717	0.0026447398091136165	0.00022291084402240814	0.002979971827880945	0.003654900778796194	0.0488563420806895	0.0028672138939384697	0.00796520126343239	0.0029932792141335084	0.0008454781174805249	6.181748409289867e-05	0.004665637338766828	0.009127521518385038
5:Del:M:3	0.00013892257986753976	0.0007294572225854079	0.0016138852849542217	0.264946533292532	0.04533707348629832	0.0012709547455597202	0.000642640850492171	0.0017099489679094403	0.0036768367670760556	0.006924001586739905	0.0005851411444018595	0.0027214246592484415	0.006528030146000674	0.0018563464303905962	0.004088243331152625	0.004824097758783523	0.007592708673910238
5:Del:M:4	0.00012745255289701163	0.00018473939682962738	0.0001164326421246642	0.13903167560696603	0.0026761972995434746	0.0002797259332146496	0.0008346070716249645	0.0014817139057231562	0.0024495216852425017	0.03528051413668436	0.004168490591982845	0.0015156385122099892	0.008266090962570161	0.0007064520751009695	0.009227914159491774	0.0013892319664591923	0.0024013243762601635
5:Del:M:5	1.1446249691289268e-05	8.684176151291467e-05	0.009122654499480519	0.10689958403418245	0.0003547812121645677	0.0006890135454304448	0.002415420255174183	0.022531617565837225	0.0020889358819113114	0.045492855845252506	0.00015578591227729532	0.030109972605773125	0.021579229208933483	0.0013429097823245684	0.0005943959289288614	0.005943138761714408	0.0007765807225950993
