NMF_Replicate	L1	L1 %	L2	L2 %	KL Divergence	Correlation	Convergence Iterations
1	251.742	20.624	51.116	13.821	5.111	0.987	1000000.0
2	252.567	20.412	51.677	13.591	0.06	0.988	1000000.0
3	292.373	20.269	73.942	13.389	0.061	0.988	1000000.0
4	287.184	20.237	71.981	13.281	0.059	0.989	1000000.0
5	253.757	20.516	51.504	13.699	0.061	0.987	1000000.0
6	291.895	20.255	74.522	13.286	0.059	0.988	1000000.0
7	294.439	20.195	76.086	13.332	0.059	0.988	1000000.0
8	297.155	20.384	77.057	13.494	0.059	0.988	1000000.0
9	247.191	20.247	49.663	13.217	0.06	0.988	1000000.0
10	258.695	20.409	52.901	13.458	0.06	0.988	1000000.0
11	291.215	20.186	73.3	13.267	0.059	0.989	1000000.0
12	249.869	20.302	50.69	13.475	0.06	0.988	1000000.0
13	254.539	20.576	52.276	13.689	0.061	0.988	1000000.0
14	249.061	20.324	49.693	13.358	5.11	0.988	1000000.0
15	296.443	20.486	75.408	13.657	0.059	0.988	1000000.0
16	294.216	20.198	75.224	13.337	0.059	0.988	1000000.0
17	251.923	20.454	51.504	13.579	0.06	0.988	1000000.0
18	287.783	20.22	71.894	13.345	0.059	0.989	1000000.0
19	254.03	20.353	51.322	13.497	0.061	0.988	1000000.0
20	244.849	20.282	49.023	13.362	0.06	0.988	1000000.0
21	254.02	20.294	52.136	13.446	0.06	0.988	1000000.0
22	289.629	20.367	73.226	13.501	5.11	0.988	1000000.0
23	291.283	20.418	72.243	13.544	0.059	0.988	1000000.0
24	248.654	20.274	50.033	13.309	0.06	0.988	1000000.0
25	247.526	20.438	50.229	13.5	0.061	0.988	1000000.0
26	253.975	20.527	52.02	13.618	0.06	0.988	1000000.0
27	295.716	20.319	75.72	13.424	0.059	0.989	1000000.0
28	290.926	20.196	74.197	13.331	0.062	0.988	1000000.0
29	293.158	20.283	73.753	13.397	0.06	0.988	1000000.0
30	295.63	20.309	75.413	13.528	5.109	0.988	1000000.0
31	252.929	20.343	50.922	13.404	5.111	0.988	1000000.0
32	259.158	20.43	53.653	13.56	0.061	0.988	1000000.0
33	254.803	20.664	51.77	13.675	0.06	0.987	1000000.0
34	252.495	20.489	51.417	13.626	0.061	0.988	1000000.0
35	292.082	20.393	76.093	13.54	0.064	0.988	1000000.0
36	249.044	20.345	49.318	13.412	0.06	0.988	1000000.0
37	293.028	20.405	73.411	13.389	0.059	0.989	1000000.0
38	295.364	20.626	74.954	13.685	0.061	0.987	1000000.0
39	292.83	20.3	75.428	13.626	0.059	0.988	1000000.0
40	291.585	20.166	74.72	13.358	0.059	0.988	1000000.0
41	293.487	20.253	74.344	13.49	0.059	0.988	1000000.0
42	297.904	20.48	77.147	13.527	0.059	0.988	1000000.0
43	253.667	20.459	51.104	13.396	0.061	0.988	1000000.0
44	293.514	20.449	73.718	13.525	0.06	0.988	1000000.0
45	295.447	20.207	76.948	13.393	0.059	0.988	1000000.0
46	254.78	20.587	51.143	13.584	0.062	0.988	1000000.0
47	296.479	20.442	76.214	13.668	0.06	0.988	1000000.0
48	292.36	20.28	73.033	13.373	0.059	0.988	1000000.0
49	293.92	20.276	74.98	13.424	0.059	0.989	1000000.0
50	256.753	20.508	51.71	13.581	0.061	0.988	1000000.0
51	295.841	20.319	76.762	13.506	0.06	0.988	1000000.0
52	294.252	20.376	75.618	13.504	0.059	0.988	1000000.0
53	253.075	20.224	50.628	13.25	0.061	0.988	1000000.0
54	295.308	20.349	77.204	13.498	0.059	0.988	1000000.0
55	249.663	20.411	50.72	13.436	0.061	0.988	1000000.0
56	294.102	20.233	74.308	13.432	0.059	0.988	1000000.0
57	291.754	20.175	73.462	13.218	0.059	0.989	1000000.0
58	251.736	20.51	50.683	13.528	0.061	0.988	1000000.0
59	252.263	20.265	51.176	13.295	5.11	0.988	1000000.0
60	254.066	20.468	51.92	13.552	0.06	0.988	1000000.0
61	254.943	20.161	51.293	13.149	0.06	0.988	1000000.0
62	291.851	20.029	74.594	13.187	0.059	0.989	1000000.0
63	293.193	20.211	75.269	13.311	0.059	0.988	1000000.0
64	256.079	20.642	52.444	13.729	0.061	0.987	1000000.0
65	293.877	20.197	75.79	13.354	0.059	0.988	1000000.0
66	294.386	20.428	74.842	13.561	0.06	0.988	1000000.0
67	251.124	20.391	50.908	13.494	0.06	0.988	1000000.0
68	292.167	20.191	74.046	13.265	0.059	0.988	1000000.0
69	257.102	20.515	53.119	13.641	0.061	0.988	1000000.0
70	255.094	20.376	52.266	13.537	0.06	0.987	1000000.0
71	291.953	20.25	75.43	13.253	0.059	0.988	1000000.0
72	294.529	20.205	75.299	13.452	0.059	0.988	1000000.0
73	256.798	20.471	52.653	13.419	0.06	0.988	1000000.0
74	295.031	20.181	74.941	13.384	0.059	0.988	1000000.0
75	255.965	20.48	51.459	13.545	0.06	0.988	1000000.0
76	292.251	20.242	73.664	13.294	5.109	0.988	1000000.0
77	293.189	20.138	75.539	13.204	0.059	0.988	1000000.0
78	292.545	20.217	74.748	13.28	0.059	0.988	1000000.0
79	292.44	20.159	75.252	13.333	0.059	0.989	1000000.0
80	253.06	20.434	50.792	13.473	0.06	0.988	1000000.0
81	295.678	20.464	75.536	13.468	0.059	0.988	1000000.0
82	250.05	20.403	49.999	13.487	5.11	0.988	1000000.0
83	254.218	20.363	52.043	13.456	0.06	0.988	1000000.0
84	295.522	20.369	75.312	13.454	10.159	0.988	1000000.0
85	254.521	20.365	51.426	13.417	0.061	0.988	1000000.0
86	295.095	20.402	76.837	13.525	0.059	0.988	1000000.0
87	255.128	20.421	51.752	13.489	0.062	0.988	1000000.0
88	291.089	20.385	73.799	13.453	0.06	0.988	1000000.0
89	289.913	20.385	73.099	13.564	0.059	0.988	1000000.0
90	295.822	20.211	75.154	13.337	5.109	0.989	1000000.0
91	251.783	20.224	50.777	13.23	0.06	0.988	1000000.0
92	294.157	20.545	72.276	13.472	0.06	0.988	1000000.0
93	289.074	20.234	73.126	13.272	0.059	0.988	1000000.0
94	254.122	20.411	51.453	13.422	0.061	0.988	1000000.0
95	250.722	20.527	50.035	13.63	5.11	0.988	1000000.0
96	255.613	20.589	53.315	13.644	0.061	0.988	1000000.0
97	296.29	20.31	75.487	13.601	5.109	0.988	1000000.0
98	251.454	20.241	50.346	13.288	0.06	0.988	1000000.0
99	292.191	20.183	74.282	13.242	0.059	0.988	1000000.0
100	292.972	20.478	72.635	13.559	0.06	0.988	1000000.0
