Samples	ID83A	ID83B	ID83C	ID83D	ID83E	ID83F	ID83G	ID83H	ID83I	ID83J	ID83K	ID83L	ID83M	ID83N	ID83O	ID83P	ID83Q	ID83R
SP117956	2	12	3	6	11	8	1	0	0	22	4	0	0	25	5	6	19	3
SP117975	4	17	4	0	9	5	0	0	0	16	2	6	1	0	7	3	14	0
SP2149	20	21	7	150	205	42	0	6	44	13	35	0	7	22	19	7	2	8
SP117113	5	94	0	6	5	8	0	13	0	4	10	45	1	5	4	2	6	1
SP117245	2	17	0	4	15	13	0	0	0	23	8	19	1	23	6	9	16	3
SP117402	10	15	0	0	4	9	2	5	0	19	6	7	1	20	4	15	3	0
SP117136	9	55	1	9	0	0	0	3	0	13	2	14	0	14	15	10	5	2
SP117378	3	32	0	10	11	14	0	3	0	0	15	5	0	31	1	10	6	0
SP116947	5	26	0	3	5	13	2	4	13	13	9	0	1	14	12	24	6	4
SP117369	1	22	0	0	6	3	0	13	0	11	58	0	6	2	5	9	19	2
SP117244	4	44	2	0	1	5	3	0	0	12	7	14	1	4	0	2	3	2
SP117162	8	10	5	4	3	5	1	0	0	8	22	10	0	7	14	13	13	3
SP117079	0	21	0	5	13	2	1	0	0	26	10	0	0	24	9	8	7	2
SP117344	3	63	0	203	93	25	4	0	132	18	12	0	4	0	3	3	4	9
SP118074	99	161	18	16	15	32	3	13	0	5	12	27	0	17	15	28	4	15
SP117598	2	35	0	19	104	17	3	0	13	180	26	42	0	5	27	63	0	5
SP117312	4	27	0	1	2	9	0	0	0	9	7	12	0	23	20	1	1	4
SP118038	1	48	0	11	0	11	0	0	0	0	12	31	8	9	3	2	1	3
SP117552	7	20	0	0	7	2	2	2	0	7	5	0	0	9	9	7	9	5
SP118073	2	35	0	3	9	4	0	12	0	24	9	20	1	20	5	3	4	1
SP117933	4	18	0	4	6	5	0	0	5	3	4	0	0	9	5	7	12	2
SP118012	2	17	0	9	4	15	2	0	0	10	12	21	0	33	5	16	2	5
SP117108	5	39	0	0	7	2	0	0	4	12	3	31	0	2	11	8	0	0
SP117812	10	11	2	7	6	7	0	5	0	13	12	0	0	3	6	16	9	2
SP117354	17	50	1	17	27	16	4	0	0	6	12	0	10	26	7	16	25	8
SP117370	4	51	4	2	0	7	0	6	15	0	8	25	0	11	6	3	0	2
SP116991	12	32	6	0	23	6	2	10	10	13	7	8	1	15	6	4	12	6
SP117629	0	9	0	261	105	19	8	0	116	9	14	56	0	0	2	0	0	7
SP124199	19	51	0	3	9	16	0	1	6	8	4	30	0	11	8	19	1	0
SP124195	10	82	1	1	9	5	1	0	24	7	8	0	0	18	3	12	9	2
SP117850	9	21	5	1	10	11	2	0	0	17	5	28	0	0	6	6	5	0
SP117127	9	42	0	3	4	4	0	3	13	0	0	24	0	9	4	10	5	7
SP117614	7	6	8	0	10	26	0	7	7	32	17	0	2	12	13	18	9	5
SP116948	7	90	6	8	13	21	0	10	0	27	11	30	2	28	15	13	7	4
SP117409	4	35	14	280	120	61	7	0	60	32	22	0	0	30	5	24	24	10
SP117593	4	20	8	7	5	10	0	14	0	12	0	12	1	19	12	17	3	3
SP117372	6	21	0	1	8	17	0	0	17	15	28	0	7	16	3	4	0	0
SP118077	12	19	2	20	12	12	0	5	0	19	7	0	4	22	18	10	3	3
SP117840	9	75	0	0	14	14	0	2	12	9	2	25	0	2	7	21	3	6
SP117363	18	83	4	46	47	47	10	0	56	37	54	0	0	14	11	69	0	8
SP117887	0	18	0	364	162	42	23	0	124	15	25	59	0	22	19	1	21	6
SP116946	13	38	1	12	10	11	1	0	0	53	10	0	0	12	8	21	1	0
SP117901	6	26	0	76	94	15	2	0	57	19	39	11	0	10	0	4	5	0
SP117454	9	30	1	7	6	5	0	6	0	17	11	7	0	26	14	12	7	0
SP124197	13	37	0	359	197	80	21	0	203	0	97	30	0	0	16	21	2	19
SP117919	18	31	0	401	127	27	13	0	146	8	27	61	0	0	7	6	0	14
SP117250	2	42	0	0	12	8	0	0	0	17	23	0	0	20	8	9	10	2
SP117983	18	71	0	9	16	6	3	0	13	22	11	5	0	17	5	7	4	6
SP117676	2	9	0	2	1	5	0	0	0	0	5	15	0	16	11	10	8	0
SP117011	7	32	0	14	12	9	1	2	0	5	28	36	0	18	7	5	10	0
SP117057	9	20	0	3	2	8	0	3	0	8	11	8	0	10	4	10	2	2
SP117126	2	38	9	0	13	20	1	20	6	12	7	31	0	7	21	3	2	2
SP117728	4	59	1	7	10	9	0	0	14	9	3	17	5	4	10	7	0	0
SP117618	7	37	0	5	4	6	1	5	0	1	2	0	0	9	0	10	11	3
SP117257	2	13	6	5	2	7	0	0	0	16	7	0	2	19	0	0	11	0
SP116963	7	15	5	3	4	4	0	11	0	8	2	20	0	9	9	4	0	0
SP117078	14	125	0	12	5	19	1	4	22	21	8	15	0	8	22	36	8	1
SP117944	6	27	0	155	79	24	8	0	42	18	25	53	0	13	9	9	0	4
SP117639	50	58	14	19	19	35	1	0	16	25	15	31	7	43	23	17	12	4
SP117834	25	40	0	4	17	22	0	6	12	37	13	26	0	16	15	10	13	5
SP117105	23	62	2	3	18	12	0	0	0	7	8	42	1	17	11	11	6	2
SP117785	8	0	0	0	8	12	2	2	4	8	14	33	2	19	11	15	14	0
SP117882	4	31	6	0	1	3	2	0	4	0	2	16	0	4	20	0	14	1
SP117778	11	64	6	7	21	27	3	16	0	21	14	20	0	30	21	39	0	4
SP117032	3	36	0	11	9	7	1	9	0	18	4	0	0	31	0	7	28	2
SP117710	5	22	2	15	63	26	1	0	0	103	33	20	0	16	36	47	16	2
SP117538	15	59	0	473	181	64	19	0	206	51	35	0	0	0	7	1	0	15
SP124207	301	258	26	24	13	43	1	34	0	35	38	0	0	17	13	13	22	11
SP117800	13	42	3	0	10	13	3	3	12	1	14	1	0	17	10	12	18	0
SP117724	16	60	4	4	19	12	1	5	0	0	8	5	0	47	13	13	7	0
SP124193	6	11	0	0	4	2	0	5	0	11	7	0	3	18	0	8	7	0
SP2293	2	46	15	9	11	0	1	0	0	0	123	10	18	34	3	31	18	12
SP2357	36	16	3	147	84	41	4	21	0	41	52	34	0	9	8	22	0	10
SP2144	1	21	0	115	147	14	0	0	26	0	17	0	0	11	8	7	11	3
SP2145	14	37	11	403	133	19	0	14	5	43	23	0	12	7	23	20	7	8
SP2147	20	107	0	537	211	84	0	1	92	34	43	0	24	5	4	23	9	2
SP2146	4	10	0	105	84	15	0	0	39	23	17	13	3	2	0	0	0	1
SP2148	5	15	1	98	118	0	0	8	0	6	23	0	13	17	10	1	10	0
SP2150	8	31	0	10	1	4	0	0	0	19	7	0	1	32	6	16	5	1
SP2152	3	44	0	4	5	8	2	0	0	1	9	0	0	7	17	0	3	0
SP2349	38	42	16	19	22	12	2	3	0	24	16	48	0	27	32	9	0	4
SP2155	13	30	0	350	74	91	9	0	84	0	23	0	0	6	6	63	36	5
SP2154	7	27	0	530	190	116	20	0	115	2	28	0	13	44	16	55	39	16
SP2158	23	88	12	1	11	15	2	0	22	1	9	0	0	12	16	17	20	0
SP2156	2	10	0	5	11	0	0	0	0	12	5	23	2	0	15	1	3	3
SP2159	13	34	3	5	3	3	1	0	2	18	28	11	0	20	0	14	0	5
SP2153	102	254	3	31	17	20	1	65	0	25	43	0	2	67	34	23	7	9
SP2160	13	39	0	15	10	5	0	0	0	0	6	34	0	14	17	9	7	5
SP2151	4	15	0	5	8	4	3	0	11	5	8	12	0	4	4	0	6	0
SP116341	9	19	3	285	100	41	1	0	0	29	35	0	0	2	2	32	22	10
SP116331	31	167	10	18	24	13	4	36	2	31	24	22	0	12	10	4	10	4
SP116351	31	44	13	15	12	21	0	6	0	3	17	6	0	48	28	7	12	2
SP116371	3	71	3	0	56	7	0	0	24	23	14	95	5	2	170	13	0	10
SP116361	15	10	6	128	136	8	0	3	0	15	18	0	2	6	4	18	15	3
SP116343	46	63	0	12	15	35	4	24	0	9	21	65	0	21	25	15	48	3
SP116333	37	62	2	49	19	26	0	31	23	10	38	0	0	30	10	13	11	2
SP116373	19	3	0	227	135	33	7	0	0	20	34	52	0	11	1	28	0	13
SP116363	6	1	0	109	110	5	3	11	16	5	17	5	1	15	4	3	0	0
SP116353	77	277	9	27	19	66	5	74	23	64	43	25	0	33	37	26	19	20
SP116345	16	101	1	2	12	13	1	5	0	9	10	59	0	64	20	0	0	0
SP116365	0	3	11	206	320	7	5	16	21	29	17	0	0	20	9	0	2	2
SP116375	91	113	9	12	10	50	1	26	21	0	27	66	0	16	36	11	0	8
SP116335	55	31	7	52	38	18	2	0	0	16	9	0	0	156	120	0	0	5
SP116355	5	11	0	82	132	27	1	0	36	12	44	1	0	0	0	9	4	9
SP116347	4	36	1	6	8	11	0	12	0	13	9	1	0	10	14	14	13	4
SP116367	37	26	0	25	39	34	0	29	38	14	38	42	0	17	16	24	8	7
SP116339	26	178	11	4	17	11	1	10	25	18	18	0	2	25	17	24	4	2
SP116349	7	33	1	8	10	13	1	2	0	15	5	35	6	17	13	11	20	3
SP116357	10	0	0	105	107	18	0	5	0	30	19	0	1	14	1	16	6	0
SP116359	5	15	0	180	187	42	2	0	80	4	29	52	0	1	7	16	0	10
SP116369	45	107	8	586	224	72	26	0	0	56	25	75	0	27	9	60	6	17
SP116377	45	111	0	21	19	32	3	58	26	13	51	42	0	47	43	27	11	18
SP116379	23	99	0	1	18	17	0	0	63	13	7	0	0	13	17	0	20	1
SP7692	147	162	14	39	45	30	6	40	0	2	59	66	0	101	78	20	23	9
SP5052	12	10	8	462	588	107	17	0	54	23	96	74	0	0	23	9	20	13
SP7785	35	196	7	384	132	78	18	60	147	24	61	27	0	14	21	44	0	0
SP3415	6	23	0	112	98	35	2	0	98	19	27	0	0	2	12	15	0	12
SP2799	9	40	0	9	13	6	0	15	0	7	10	22	8	16	11	22	7	0
SP9979	5	6	3	2	17	2	2	0	30	31	10	2	0	13	9	7	15	4
SP5393	87	73	0	26	28	28	0	11	0	11	21	29	0	144	59	38	24	6
SP11292	0	6	0	52	43	8	0	0	1	14	12	0	0	4	3	6	3	5
SP13036	197	269	23	26	35	88	2	37	0	61	37	0	0	65	43	30	12	30
SP7421	47	69	1	28	39	40	0	28	22	14	30	19	6	24	21	10	29	17
SP4875	11	23	0	282	306	73	13	0	135	19	44	28	0	105	53	24	5	17
SP8795	86	233	8	18	21	30	4	142	32	18	18	0	0	90	45	28	21	12
SP4820	23	63	21	540	208	102	35	0	91	24	22	0	0	0	15	53	141	14
SP4593	13	10	0	4	14	6	1	17	3	27	10	27	0	10	7	12	3	0
SP8085	41	51	0	16	10	14	1	20	0	17	13	18	10	56	29	10	13	3
SP11235	26	60	11	15	0	31	0	0	20	6	5	29	10	15	6	4	0	4
SP6730	53	160	4	13	25	12	0	52	4	35	9	46	0	35	17	20	10	5
SP10635	5	27	0	8	3	4	2	0	0	25	11	38	0	3	2	14	0	3
SP5381	5	18	2	6	6	1	0	0	0	8	5	2	6	38	6	2	4	0
SP10084	65	22	11	27	29	104	2	0	30	26	80	58	0	124	34	33	20	13
SP9251	9	26	13	19	15	42	1	2	0	20	19	17	3	14	13	8	11	0
SP3016	77	53	0	107	56	33	5	20	83	14	22	0	0	91	59	42	23	28
SP11045	4	32	0	6	11	11	0	0	0	6	7	0	9	12	6	6	8	0
SP2826	12	10	0	22	92	8	5	0	53	11	6	105	0	0	3	0	0	0
SP11171	7	37	0	113	163	17	4	0	111	17	21	3	0	0	7	12	0	16
SP5784	59	79	5	30	26	57	3	9	0	42	43	0	0	32	27	18	19	6
SP8564	23	67	9	20	34	11	1	14	0	35	25	0	5	100	50	25	12	5
SP5844	72	38	15	11	33	16	0	43	4	16	26	73	5	138	50	15	16	12
SP6519	8	42	0	10	17	5	1	18	25	10	5	0	5	8	13	13	12	0
SP6766	4	29	7	24	9	9	4	8	0	7	11	49	1	11	3	6	0	4
SP5448	36	93	0	4	12	10	2	28	16	25	31	85	0	38	4	14	20	11
SP12049	25	20	0	447	526	58	1	0	118	36	65	0	0	30	28	26	0	11
SP2714	20	35	0	298	310	63	9	0	283	18	42	0	0	0	2	7	0	27
SP2801	23	89	17	23	35	30	0	3	0	52	19	51	2	43	40	40	6	1
SP8891	26	37	0	219	138	33	0	0	95	6	28	30	0	0	11	28	0	15
SP9481	9	14	0	3	13	3	1	14	0	14	4	38	0	16	9	6	0	0
SP5808	41	143	8	143	148	44	4	0	194	26	40	0	1	43	14	9	11	6
SP6429	51	33	0	206	140	63	20	21	140	45	26	13	0	22	20	0	0	17
SP5017	42	210	18	12	8	22	0	98	0	11	10	58	0	8	2	16	12	5
SP8229	18	42	0	10	15	16	0	24	7	32	13	17	0	14	5	13	17	6
SP8157	4	20	10	22	14	11	0	1	45	10	7	13	0	21	19	0	16	0
SP5279	202	171	2	30	26	35	2	67	0	31	38	27	0	122	56	28	29	1
SP8660	1	31	0	350	163	30	1	0	155	1	16	0	13	20	10	18	0	2
SP11878	10	28	2	14	19	25	1	1	30	31	33	52	0	34	5	13	27	5
SP9433	19	34	0	9	3	19	0	16	4	0	27	29	0	17	10	15	11	1
SP2881	92	155	25	25	27	74	13	45	91	31	94	0	0	15	30	28	18	21
SP7378	22	27	0	17	23	17	1	0	5	0	5	39	0	16	10	11	5	1
SP9816	11	19	0	144	259	30	1	0	80	60	31	0	16	0	4	34	40	7
SP4265	10	18	0	35	85	3	0	15	18	2	23	0	3	21	7	6	22	5
SP2793	133	169	0	670	520	35	17	18	205	11	41	17	34	0	31	1	4	17
SP6825	185	319	1	68	30	28	0	20	0	50	24	102	0	78	35	23	9	7
SP4523	18	83	12	19	8	13	2	21	0	25	17	48	0	9	0	23	15	0
SP9930	29	36	0	259	244	28	5	0	95	23	34	49	0	0	5	2	8	5
SP5820	16	129	2	1	10	7	2	8	9	38	17	4	0	24	17	20	33	4
SP10470	14	9	0	290	230	40	3	0	79	37	36	9	0	0	0	32	0	15
SP9648	29	31	1	272	269	38	6	0	94	34	53	16	71	0	11	42	0	62
SP4535	4	12	6	9	18	18	0	5	0	33	11	0	2	16	9	15	16	3
SP11808	43	94	0	0	13	20	3	7	8	0	14	76	10	19	18	7	3	5
SP96163	9	21	14	270	284	10	0	10	25	36	22	0	10	6	0	0	26	2
SP11948	0	49	4	280	391	4	1	16	105	13	5	0	0	0	24	8	4	3
SP4557	8	76	10	13	26	15	2	0	12	11	10	0	0	29	26	19	45	8
SP96147	11	28	9	11	12	25	3	17	0	46	17	0	2	21	7	41	6	0
SP10150	100	84	4	11	14	20	0	45	0	3	30	37	4	59	21	14	9	3
SP4472	14	48	6	308	255	3	5	0	58	16	13	67	0	0	12	3	3	7
SP6813	31	75	13	18	21	13	2	0	20	1	43	45	1	66	27	30	28	6
SP96511	19	21	0	544	225	91	8	0	178	0	56	0	2	0	16	27	8	16
SP5636	32	69	12	7	5	14	1	15	19	7	3	28	0	28	12	5	6	3
SP5559	26	60	11	24	94	0	3	0	60	66	39	16	17	0	829	6	15	7
SP3631	4	30	7	1	17	22	1	5	2	18	99	90	0	6	14	4	0	3
SP5473	77	24	31	29	37	24	2	44	0	36	41	0	0	48	19	28	31	11
SP8394	30	22	0	4	9	7	1	20	0	17	20	82	0	24	27	20	10	3
SP6115	10	38	6	2	11	33	4	46	20	13	7	0	1	13	1	11	23	5
SP7291	33	80	13	7	15	12	6	9	6	24	0	28	0	48	19	8	5	6
SP2997	8	53	2	3	31	9	2	8	25	11	22	0	8	15	21	2	24	0
SP8831	49	150	0	944	384	34	28	0	320	0	11	35	0	0	16	18	0	57
SP2731	12	54	3	7	15	6	1	0	0	8	22	24	0	13	12	3	10	1
SP6223	14	23	0	131	131	29	0	10	0	61	32	64	0	7	20	17	0	12
SP7171	30	68	5	19	12	16	2	15	0	49	13	13	0	32	25	32	17	7
SP10563	16	89	2	13	8	9	0	0	23	16	18	65	0	19	7	13	0	2
SP8987	29	81	0	433	209	45	5	8	157	23	29	9	0	52	0	25	0	15
SP5980	21	1	19	364	449	72	4	21	0	3	50	0	12	11	16	26	20	22
SP12186	45	51	3	6	12	2	1	17	0	34	31	0	0	28	20	9	14	2
SP10944	43	91	2	34	24	39	6	3	7	56	50	47	0	52	29	21	0	3
SP2766	21	34	0	248	274	46	1	1	60	0	36	0	13	0	14	28	0	10
SP6673	26	131	0	822	423	112	58	0	420	0	124	106	0	0	49	34	66	27
SP117698	15	56	3	6	26	8	0	2	0	23	13	0	2	23	10	12	8	4
SP124201	7	16	1	0	58	30	3	0	20	85	29	71	0	0	24	32	0	0
SP2143	3	10	1	0	6	2	3	0	10	24	3	34	0	8	3	3	2	0
SP124191	3	45	1	6	10	11	0	10	0	38	6	0	9	11	3	12	6	1
SP117247	2	61	3	13	14	9	3	0	0	34	9	4	0	17	1	14	17	0
SP117362	9	39	1	15	16	2	0	20	0	11	0	17	0	9	6	16	8	3
SP117470	16	22	0	346	125	46	5	0	82	10	13	59	0	1	11	12	0	4
SP117586	2	16	0	1	10	7	1	1	22	0	7	9	0	7	5	11	10	0
SP117709	9	21	4	5	6	6	0	8	0	31	13	23	7	17	3	2	0	1
SP2157	5	8	1	0	7	2	0	1	0	0	2	16	3	0	3	3	2	0
SP3368	29	85	2	14	11	20	2	0	31	0	2	45	0	1	16	12	6	1
SP5666	15	62	0	10	8	5	0	0	0	30	19	0	3	21	6	26	6	1
SP2781	7	32	16	12	3	16	1	0	3	35	7	10	0	7	10	9	9	0
SP8532	15	45	4	12	15	13	0	0	20	19	25	19	5	12	14	12	8	2
SP12856	2	31	13	6	15	9	0	2	0	8	65	0	9	12	0	15	35	4
SP7456	7	69	9	11	12	7	1	1	0	0	14	85	1	29	6	10	0	0
CPCT02100011T	7	94	0	0	12	4	48	21	13	32	11	36	10	0	21	9	14	10
CPCT02020314T	26	77	2	20	6	14	33	38	0	51	12	29	29	46	15	27	18	11
CPCT02080016T	17	119	15	25	10	20	21	25	0	32	8	0	22	39	21	8	23	9
CPCT02010359T	146	105	17	508	442	51	80	24	143	30	57	0	51	33	19	0	48	24
CPCT02020322T	27	30	14	16	8	6	18	45	0	15	26	0	9	22	11	20	10	0
CPCT02010351T	63	109	6	178	187	37	51	59	53	104	32	86	32	27	32	89	3	5
CPCT02110004T	11	71	3	27	30	12	47	17	0	21	13	49	23	12	18	19	3	3
CPCT02040031T	113	167	34	73	65	21	25	71	12	52	36	0	20	83	29	28	36	19
CPCT02020341T	25	56	2	12	16	10	24	6	0	16	11	47	26	42	8	2	0	12
CPCT02080025T	55	83	0	33	108	56	66	15	88	229	52	175	0	20	42	82	0	7
CPCT02080022T	2	26	0	5	0	3	28	0	42	18	17	38	4	24	5	17	8	8
CPCT02100017T	83	197	21	41	49	22	75	0	36	19	26	0	35	99	45	40	16	10
CPCT02100021T	68	109	20	6	42	20	73	5	4	59	19	0	65	44	22	23	21	7
CPCT02020345T	31	85	0	6	34	11	80	0	15	42	14	7	8	16	5	13	21	0
CPCT02020344T	24	85	17	23	14	28	87	44	14	0	119	0	43	18	43	32	32	6
CPCT02020347T	32	125	0	11	5	16	55	47	0	17	12	42	34	18	3	31	6	3
CPCT02100020T	27	66	0	164	228	19	99	46	41	0	23	0	88	19	9	23	40	11
CPCT02100024T	26	130	25	6	24	40	43	26	8	1	43	68	44	39	24	20	28	9
CPCT02100023T	41	73	5	10	42	19	74	58	0	26	50	54	29	23	18	33	0	13
CPCT02080027T	18	68	5	31	29	10	36	71	0	27	11	0	40	17	11	15	18	17
CPCT02160001T	24	81	8	19	12	17	24	28	0	24	50	51	34	4	5	16	24	11
CPCT02160003T	470	71	16	1041	540	90	96	50	401	50	134	0	120	0	34	49	1	47
CPCT02160004T	394	483	24	27	25	32	53	92	30	37	37	11	62	23	41	27	96	18
CPCT02030261T	69	90	18	20	96	29	40	8	5	101	40	28	13	44	34	21	40	8
CPCT02040035T	31	77	7	1	17	10	32	10	8	22	19	10	32	42	13	7	13	17
CPCT02160005T	26	59	18	22	60	24	42	0	14	53	39	72	9	14	16	27	11	14
CPCT02100027T	49	65	19	6	11	9	21	9	0	31	19	5	21	13	16	14	8	4
CPCT02010401T	20	22	0	17	22	10	43	53	0	6	7	28	21	25	16	10	29	3
CPCT02030265T	21	83	3	9	4	10	10	20	0	7	42	42	25	13	10	25	4	2
CPCT02080031T	1	26	0	0	28	14	82	8	11	7	11	33	2	12	7	4	10	5
CPCT02030264T	3	9	0	3	0	3	36	23	17	5	5	26	12	12	11	14	12	3
CPCT02100028T	23	49	7	25	0	21	27	19	0	25	13	26	21	14	8	18	9	5
CPCT02100029T	53	47	3	33	75	25	59	28	3	63	29	42	27	46	37	42	37	6
CPCT02020371T	20	54	7	17	37	30	26	18	24	41	33	0	25	19	24	28	16	6
CPCT02020369T	18	145	3	635	240	16	89	0	390	15	33	0	28	0	0	24	12	32
CPCT02040036T	9	147	5	51	47	44	27	11	76	62	53	0	57	0	29	52	2	17
CPCT02080036T	125	3	1	144	267	47	77	9	80	246	85	282	13	54	81	87	45	13
CPCT02030271T	177	272	12	39	22	31	133	80	53	14	13	65	18	19	9	11	37	53
CPCT02020377T	26	27	0	12	42	6	43	1	58	60	14	0	5	22	29	37	2	10
CPCT02030274T	34	80	9	6	6	4	44	41	32	12	21	35	22	40	21	9	11	6
CPCT02010419T	86	103	21	837	297	84	107	0	146	0	21	0	26	0	35	20	121	16
CPCT02050053T	152	192	33	29	30	23	58	97	40	32	54	0	44	32	32	37	46	20
CPCT02050060T	108	206	18	18	46	11	36	61	9	44	22	32	35	29	23	14	20	7
CPCT02030276T	23	85	0	31	52	23	47	63	0	26	20	133	32	43	35	12	16	8
CPCT02020382T	23	65	0	829	286	24	61	70	146	20	21	0	44	55	13	51	18	17
CPCT02020385T	267	276	27	187	118	62	45	82	76	46	74	56	22	60	60	34	6	93
CPCT02190002T	30	52	6	11	39	19	14	7	40	20	21	29	4	14	20	21	38	6
CPCT02080039T	16	139	9	24	79	37	38	58	27	45	28	68	13	6	28	10	41	7
CPCT02040047T	83	306	33	54	50	33	31	115	28	29	101	41	46	30	27	38	52	23
CPCT02080047T	47	193	20	37	62	24	40	59	14	77	10	0	5	43	25	29	41	124
CPCT02010422T	28	274	0	529	230	89	134	0	341	12	35	0	58	6	32	7	71	17
CPCT02060011T	113	110	22	15	19	6	35	49	19	32	27	2	38	22	46	21	30	3
CPCT02010434T	41	174	12	25	76	38	44	35	27	79	44	103	9	0	12	40	23	4
CPCT02080049T	249	141	13	30	20	46	40	108	0	23	24	0	55	77	28	10	18	6
CPCT02020401T	165	325	0	47	121	16	34	68	7	5	25	253	36	0	35	27	53	9
CPCT02160008T	10	19	0	1	6	2	21	4	10	0	2	9	10	9	5	10	9	0
CPCT02040055T	79	71	5	69	95	76	52	85	0	161	61	17	23	29	24	62	13	13
CPCT02160012T	122	58	13	29	26	38	99	17	115	24	58	10	15	65	34	26	29	10
CPCT02030289T	177	562	68	33	55	43	48	103	35	147	250	47	53	1	38	45	21	14
CPCT02050071T	36	58	6	21	9	2	32	32	0	47	27	44	53	47	30	0	23	1
CPCT02050074T	31	78	17	14	11	4	38	34	0	28	25	0	26	25	12	11	28	11
CPCT02050082T	15	78	14	0	32	11	42	12	0	19	8	0	21	9	20	9	16	9
CPCT02080053T	2	85	0	9	20	7	41	39	15	30	35	0	13	9	17	19	11	7
CPCT02300001T	12	84	12	10	16	10	14	69	0	25	5	39	21	10	18	12	19	2
CPCT02010382TII	9	37	2	1	2	6	11	5	8	9	10	0	20	7	13	7	19	0
CPCT02340049T	119	96	19	49	55	12	121	77	113	31	21	23	28	7	29	27	15	43
CPCT02160058T	40	112	54	17	28	88	21	30	0	92	73	0	52	63	37	42	43	33
CPCT02010720T	3	34	0	0	14	2	60	21	0	13	5	26	12	18	12	8	2	4
CPCT02470003T	21	29	2	7	4	12	15	40	39	10	10	8	20	4	9	9	6	8
CPCT02210076T	78	131	18	28	27	8	35	94	0	36	11	0	61	48	18	24	24	8
CPCT02120087T	111	91	21	26	21	28	51	5	73	20	16	33	21	65	48	7	15	21
CPCT02030447T	37	21	7	32	135	33	381	0	19	84	22	168	14	9	28	17	0	21
CPCT02011013T	51	70	13	22	50	28	27	10	0	43	56	0	82	28	41	46	32	28
DRUP01120002T	138	175	22	25	3	21	62	37	0	25	64	0	122	83	37	25	38	198
CPCT02230120T	16	73	15	15	10	7	14	39	0	20	12	0	8	14	22	8	52	15
CPCT02070424T	117	206	38	8	12	10	19	35	0	16	25	0	27	51	9	24	27	13
CPCT02011030T	30	85	24	7	6	24	15	26	25	22	14	2	28	24	11	6	11	6
CPCT02180050T	54	74	2	6	22	5	105	79	31	15	9	36	8	12	5	6	20	16
CPCT02460005T	18	34	0	271	280	10	45	16	152	13	24	3	35	4	6	3	0	22
CPCT02030448T	34	46	6	17	5	25	29	14	20	27	22	0	39	31	27	41	7	4
CPCT02010726T	8	40	0	12	7	12	31	56	0	7	14	60	12	16	8	7	16	4
CPCT02380034T	5	29	11	20	19	30	49	27	0	52	15	0	32	39	27	17	19	8
CPCT02080285T	10	62	12	21	24	23	17	14	0	10	45	94	14	22	23	13	17	18
CPCT02030337TII	55	26	0	10	27	10	43	49	1	29	54	149	124	14	10	12	20	228
CPCT02380035T	25205	2395	4224	0	0	163	53	614	439	0	93	0	276	279	200	37	0	314
CPCT02010721T	14	73	19	3	10	3	28	18	0	18	15	15	19	29	23	16	25	7
CPCT02440021T	25	83	15	12	13	12	8	46	0	28	27	41	15	23	20	13	30	18
CPCT02080288T	4	61	4	7	11	5	15	32	6	28	6	0	16	11	4	11	9	8
CPCT02120179T	6	48	18	15	9	8	22	32	1	32	8	0	18	28	12	14	25	0
CPCT02060279T	59	13	3	32	17	16	19	9	41	44	12	1	2	102	25	41	8	16
CPCT02020898T	11	46	0	12	6	17	8	22	8	11	11	47	46	18	16	6	8	16
CPCT02040307T	83	106	12	24	96	9	32	9	57	47	17	0	38	100	39	12	2	21
DRUP01110007T	44	58	19	36	0	16	64	39	0	23	166	68	96	61	52	13	22	131
CPCT02080290T	42	67	19	29	33	10	27	29	0	35	45	49	79	0	29	15	27	131
CPCT02020664T	51	58	0	3	36	18	58	27	0	36	91	23	38	47	19	17	34	13
CPCT02210039T	97	182	14	69	73	50	87	34	0	10	22	0	0	0	15	34	29	460
CPCT02390038T	37	192	34	16	14	32	15	31	7	30	25	0	33	39	20	22	19	12
CPCT02150040T	0	252	10	7	7	6	17	19	0	13	9	0	37	17	0	7	15	5
CPCT02010708T	68	23	2	136	187	91	103	6	59	32	54	82	0	0	0	21	0	17
CPCT02140044T	191	146	20	32	18	42	26	0	58	48	74	0	21	53	35	50	22	21
CPCT02110050T	26	94	1	0	32	12	63	11	24	19	117	72	30	9	20	28	9	8
CPCT02080183T	29	50	0	31	28	13	30	5	7	11	19	48	26	34	13	0	23	12
CPCT02100195T	13	76	23	1	13	15	12	17	17	31	7	14	34	48	13	9	6	8
DRUP01010065T	33	97	34	217	421	0	191	31	30	46	56	151	20	17	23	2	29	19
CPCT02080184T	26	46	2	388	141	23	62	7	8	34	24	46	24	26	31	31	20	22
CPCT02090034T	59	241	20	8	39	17	138	103	0	30	8	22	18	56	22	18	37	6
CPCT02230124T	46	185	15	15	23	21	22	13	16	9	19	84	27	9	29	29	17	14
CPCT02030451T	17	7	0	17	113	33	36	30	66	132	28	12	20	82	51	49	37	2
CPCT02310006T	18	57	9	10	47	2	136	41	0	12	11	52	38	17	11	8	24	11
DRUP01050018T	212	289	53	14	76	36	160	90	71	21	63	45	53	103	84	28	75	40
CPCT02340066TIII	62	223	0	66	162	28	32	115	70	185	47	113	128	23	42	76	0	199
CPCT02390010T	8	32	6	14	38	14	72	39	36	32	18	0	9	23	18	7	18	0
CPCT02120099T	21	78	0	7	21	9	31	17	14	26	20	33	9	18	24	0	5	9
CPCT02390040T	62	155	11	10	1	13	17	28	0	15	15	29	22	19	18	6	6	8
CPCT02460001T	78	101	14	568	791	84	137	16	108	211	155	316	0	0	107	59	0	177
CPCT02200005T	9704	334	2233	0	0	0	39	82	0	47	41	0	0	0	0	13	0	8
CPCT02320008T	23	158	40	8	0	26	28	77	0	23	85	24	55	49	23	38	57	22
DRUP01220006T	22	57	6	13	0	10	23	64	0	10	58	100	104	29	4	49	8	168
CPCT02300032T	72	172	23	5	26	17	62	127	5	57	26	0	31	25	19	42	22	15
CPCT02380037T	5	60	9	15	27	15	91	43	0	11	6	0	44	9	7	17	78	7
CPCT02330076T	133376	4203	11107	0	0	10460	295	480	0	0	1	0	74	0	377	0	0	245
CPCT02011058T	91	385	34	47	129	132	51	41	13	216	129	26	36	16	55	130	18	70
CPCT02080296T	50	86	3	523	186	97	80	0	190	37	80	0	104	11	26	75	43	24
CPCT02150046T	75	236	23	40	8	24	25	309	0	37	24	0	56	22	15	12	16	6
CPCT02230126T	19	16	7	58	101	6	22	14	0	26	29	23	27	21	30	16	36	8
CPCT02180052T	10	65	1	3	16	11	83	13	47	15	10	37	13	24	14	4	14	2
CPCT02180053T	448	152	50	381	146	54	150	30	116	65	79	16	42	46	33	33	9	9
CPCT02340110T	47	80	20	475	318	23	62	0	190	92	83	0	47	51	19	34	0	41
CPCT02230125T	7	57	8	8	0	21	31	29	6	15	15	77	27	10	8	7	27	11
CPCT02390015T	122	263	30	3	0	32	57	53	0	0	227	34	97	0	16	17	45	1
CPCT02380036T	65	114	13	16	33	45	64	36	15	58	41	84	33	40	26	27	21	6
CPCT02050309T	14	77	17	6	16	29	66	14	21	43	27	0	17	27	2	22	13	7
CPCT02110056T	40	102	2	21	15	46	100	35	6	41	33	4	41	72	24	30	35	16
CPCT02390001TII	62	97	14	17	0	32	29	172	0	14	12	49	91	0	11	25	2	167
CPCT02160037T	68	111	21	454	457	72	48	64	80	4	77	0	104	19	25	54	29	15
CPCT02120183T	58	135	10	49	95	58	26	103	53	134	72	69	23	0	23	50	17	21
CPCT02110057T	13	75	3	33	20	4	43	29	0	0	11	30	29	97	37	21	4	4
CPCT02040321T	25	117	3	387	160	61	40	8	186	23	17	0	68	39	34	18	34	37
CPCT02040323T	28	22	8	7	12	8	14	38	0	20	19	7	49	18	12	17	21	12
DRUP01050019T	10	26	10	11	47	22	134	7	19	40	19	34	46	10	32	16	26	6
CPCT02050431T	11	89	7	5	47	23	17	15	70	21	31	44	31	23	23	14	8	15
CPCT02110079T	28	62	5	4	13	11	14	43	14	0	17	47	40	26	0	21	16	12
CPCT02380052T	189	130	25	18	5	35	29	27	0	32	54	78	67	27	53	27	95	20
CPCT02340066T	40	206	17	45	163	36	78	109	105	181	55	27	42	33	51	73	0	16
CPCT02340060T	68	31	0	19	45	20	46	33	8	44	40	8	47	50	42	60	13	5
CPCT02180057T	75	78	28	28	24	26	64	74	0	19	7	161	46	38	48	24	29	15
CPCT02340058T	80	15	15	29	35	25	70	0	68	0	28	81	47	86	77	23	34	11
CPCT02011073T	6	42	19	1	2	9	9	16	9	15	3	4	30	12	2	24	21	6
CPCT02210082T	23	63	0	14	1	24	22	40	21	0	13	33	42	12	10	27	17	9
CPCT02410017T	479	383	130	41	37	120	30	193	24	81	60	0	57	90	53	39	60	33
CPCT02110080T	14	94	0	12	46	18	32	14	9	22	42	54	72	10	20	19	2	122
CPCT02080196T	3	51	8	6	19	0	58	31	0	24	7	0	14	20	0	5	9	5
CPCT02020666T	10	51	0	3	12	5	89	32	24	3	11	74	28	16	19	2	6	11
CPCT02310004T	533	273	19	29	18	81	71	70	334	142	36	0	37	168	108	5	37	32
CPCT02060197T	44	194	1	5	17	22	43	66	0	38	20	0	38	32	14	20	8	0
CPCT02380039T	129	192	28	18	36	19	38	40	0	27	27	0	32	70	45	24	24	16
DRUP01220001T	77	182	13	30	68	76	63	11	62	37	143	0	39	63	67	41	52	17
CPCT02260028T	50	58	16	23	19	11	23	19	0	32	13	8	23	30	37	37	39	17
CPCT02010731T	209	177	9	16	31	53	95	150	0	13	183	42	117	34	39	71	68	14
WIDE01010011T	47	32	8	27	17	13	22	49	53	14	6	0	28	22	30	17	18	5
CPCT02060285T	4	16	2	0	8	1	22	1	2	4	2	0	15	5	8	10	6	9
CPCT02350021T	140	216	21	53	258	71	46	32	81	194	125	105	8	52	66	78	36	130
CPCT02080300T	28	49	10	8	13	0	19	41	35	50	14	11	22	14	21	12	14	6
CPCT02040219T	24	90	17	9	25	6	70	20	4	30	10	29	6	31	6	13	9	9
DRUP01060008T	38	102	8	7	22	15	86	34	7	13	104	0	95	27	18	72	34	4
CPCT02320009T	13	21	7	13	14	0	18	9	2	21	8	0	0	3	1	5	24	4
CPCT02210051T	13	74	0	4	27	16	16	56	17	19	19	39	27	11	17	32	24	3
CPCT02340112T	8	133	3	0	202	36	27	20	78	144	36	144	9	0	17	43	7	9
CPCT02390043T	15	56	11	17	12	24	26	62	19	16	21	6	21	17	17	43	22	6
CPCT02200007T	40	129	7	19	23	6	12	44	0	13	11	36	46	25	31	14	19	1
CPCT02120108T	26	323	12	1	0	21	51	35	46	0	153	0	105	3	4	27	31	10
CPCT02020946T	41	35	23	8	5	57	26	0	49	49	99	0	45	0	432	43	9	24
CPCT02030463T	10	19	4	3	31	12	45	0	18	17	7	34	0	15	13	7	16	2
WIDE01010018T	29	8	0	18	37	22	37	21	38	25	48	61	60	11	20	67	30	20
CPCT02040331T	18	24	8	4	32	9	23	30	1	36	14	10	32	35	29	32	28	9
CPCT02010765T	195	49	0	75	274	19	76	1	170	211	60	117	19	62	81	45	24	11
CPCT02040325T	40	88	2	10	12	7	23	58	0	8	14	150	111	18	7	12	0	119
CPCT02240011T	25	82	0	15	8	7	43	81	1	15	22	23	22	11	9	7	13	1
CPCT02050434T	6	35	29	21	7	22	13	13	0	19	17	0	18	29	20	13	22	8
CPCT02160039T	10	69	12	6	27	23	74	7	0	35	13	0	30	8	14	8	16	3
CPCT02150051T	52	58	4	17	7	9	37	74	0	9	39	0	23	51	16	13	33	0
CPCT02390021T	27	46	20	23	17	20	109	55	0	25	69	15	75	55	11	20	31	2
CPCT02080200T	224	705	67	31	39	37	75	98	0	28	22	0	21	72	35	14	49	18
CPCT02010772T	35	30	10	1	0	66	44	26	0	333	8	0	44	0	0	0	20	45
CPCT02210044T	29	112	0	7	36	10	79	0	33	3	6	48	35	40	19	22	0	14
CPCT02320010T	20	70	18	17	3	0	15	30	0	0	7	81	32	40	20	23	3	7
CPCT02040337T	9	40	1	15	11	15	19	16	0	0	14	71	17	24	21	18	22	9
CPCT02270021T	31	23	0	13	0	8	40	19	0	0	11	99	27	19	28	19	13	7
CPCT02010768T	58	55	0	376	137	55	66	0	203	6	33	35	8	0	13	44	0	11
CPCT02020966T	0	14	16	241	179	32	35	23	150	35	40	0	62	15	5	32	50	36
CPCT02110049T	72	220	28	23	29	30	58	28	0	41	22	0	23	56	2	11	32	15
CPCT02040329T	47	154	139	13	24	155	25	16	4	31	213	13	48	0	29	1200	16	44
CPCT02340066TIV	36	135	2	63	153	24	33	113	35	142	42	104	99	30	39	86	0	135
CPCT02340071T	13	47	3	13	29	9	39	25	20	26	16	3	15	2	14	7	23	6
CPCT02030464T	204	388	11	314	162	51	53	110	161	34	11	0	80	36	50	28	61	31
CPCT02360012T	48	46	2	27	17	27	35	65	27	27	37	25	30	35	24	13	36	10
CPCT02080312T	5	38	17	10	15	13	21	28	0	64	13	0	32	33	4	27	27	9
CPCT02260029T	174	126	15	39	140	75	40	18	27	170	56	0	72	48	65	50	79	35
WIDE01010072T	79	57	32	64	134	83	14	45	0	186	77	105	77	41	58	100	5	127
CPCT02110063T	62	108	12	13	11	27	29	12	23	7	21	55	0	20	1	28	22	9
CPCT02020969T	9	75	34	18	17	8	30	7	24	12	13	0	39	36	22	20	37	15
WIDE01010069T	70607	7185	20181	0	0	1648	99	1655	0	0	53	0	0	0	97	491	36	275
WIDE01010067T	58	60	37	8	10	24	13	43	32	10	14	0	22	23	38	6	25	12
WIDE01010076T	28	55	2	29	45	15	13	34	142	42	27	0	39	0	13	13	11	13
WIDE01010074T	103	129	22	30	25	21	28	221	10	31	28	0	3	33	27	7	47	18
CPCT02040071TII	54	78	13	1	59	25	152	54	4	43	13	89	12	30	18	3	6	7
CPCT02020680T	29853	2315	5430	417	118	382	354	2062	0	0	163	0	428	12	240	0	0	117
CPCT02020685T	115	315	27	8	70	26	83	68	50	67	26	0	56	71	43	27	31	25
CPCT02020693T	38	40	9	233	225	41	68	28	76	0	41	0	41	12	17	28	16	13
CPCT02010773T	162	244	23	33	74	22	63	104	105	39	58	87	42	55	51	17	41	10
CPCT02290030T	19	54	0	12	20	2	70	8	5	13	1	31	21	4	9	3	0	3
CPCT02020688T	100	70	0	22	0	36	33	92	1	61	57	76	79	31	0	22	13	25
CPCT02050337T	136	118	18	19	54	7	73	64	38	8	23	29	13	41	28	30	27	10
CPCT02050338T	5	20	10	6	25	7	91	29	9	36	24	9	34	31	15	13	11	9
WIDE01010124T	34	91	4	66	130	49	51	61	57	118	54	52	25	88	25	11	19	17
CPCT02230089T	51	113	12	325	361	49	45	18	82	65	50	8	13	0	21	25	9	22
CPCT02230120TII	24	119	18	23	3	11	34	57	0	13	10	0	40	19	30	13	79	8
CPCT02050333T	16	23	5	26	35	2	79	13	51	5	13	82	0	17	6	10	5	12
CPCT02020692T	116	48	10	28	31	10	81	67	3	58	30	77	40	16	9	5	34	7
WIDE01010135T	12	18	14	10	15	18	26	12	0	23	13	0	27	7	9	15	30	5
CPCT02230095T	15	71	9	13	17	11	68	7	0	11	6	0	32	34	6	13	23	0
CPCT02060289T	167	202	26	33	46	19	28	29	39	65	56	28	20	92	81	25	66	33
CPCT02140085TII	71	113	15	38	1	29	32	40	0	0	19	140	131	37	26	19	66	155
CPCT02160042T	9	3	0	15	16	14	53	27	8	6	8	35	0	15	19	7	24	16
CPCT02230128T	10	191	5	16	35	9	22	16	25	33	19	0	107	25	22	24	25	88
WIDE01010142T	40	45	5	12	11	8	20	20	0	20	11	31	41	30	21	7	11	7
WIDE01010185T	78	0	39	274	182	120	39	0	13	23	82	0	0	306	295	47	0	19
CPCT02180049T	24	92	11	57	174	42	77	9	19	152	26	187	22	0	47	56	3	3
CPCT02010791T	58	84	18	6	41	13	77	54	30	85	26	18	14	30	37	16	15	9
CPCT02120114T	99	107	0	21	20	43	98	3	4	35	23	9	21	60	15	16	35	10
CPCT02120117T	34	118	7	967	302	95	194	62	156	32	69	5	133	67	29	21	38	110
CPCT02220041T	46	86	0	47	110	24	132	11	11	23	34	147	29	78	41	12	2	25
CPCT02120121T	16	105	14	15	18	14	99	53	8	4	9	28	11	22	11	9	16	1
CPCT02160041T	37	76	4	15	30	29	43	67	0	21	29	0	9	5	8	15	7	35
WIDE01010093TII	43	20	15	141	146	25	27	6	18	52	36	0	33	49	22	30	15	16
WIDE01010173T	7	25	0	11	56	13	26	2	29	82	14	31	4	10	25	31	15	2
CPCT02250007T	26	34	12	56	55	8	119	7	24	14	28	121	13	28	34	46	11	13
CPCT02020597TIII	25	203	1	15	63	14	32	50	93	33	20	20	97	128	58	23	65	93
WIDE01010171T	36	17	8	11	0	3	27	19	0	9	16	42	75	2	20	27	18	81
WIDE01010162T	14	158	0	759	329	59	81	0	425	5	21	0	141	0	0	8	35	163
CPCT02050299T	8	23	7	2	17	9	83	6	35	12	70	24	9	0	10	20	15	1
CPCT02080029TII	80	89	24	18	7	11	69	45	15	14	15	14	22	43	27	13	36	5
WIDE01010207T	37	134	8	24	40	1	29	30	35	10	12	94	27	26	36	27	9	12
CPCT02030472T	35	221	13	36	157	36	152	18	53	174	177	109	0	22	46	53	35	15
CPCT02100164T	84	49	7	23	38	0	81	42	0	27	60	4	50	27	22	55	28	5
CPCT02100170T	72	48	4	36	112	49	69	38	0	118	66	114	39	0	37	65	0	8
WIDE01010174T	59	118	4	17	82	24	19	7	26	55	33	0	19	43	26	47	67	14
WIDE01010183T	34	97	6	204	98	29	40	0	206	0	65	37	52	4	12	22	3	23
WIDE01010212T	141	129	8	8	185	17	12	0	99	128	40	60	71	25	36	34	13	3
WIDE01010274T	121	35	0	26	0	11	15	0	0	31	16	91	49	47	49	7	18	67
CPCT02410004T	41	39	0	33	46	26	108	45	6	16	31	55	3	14	42	10	24	18
WIDE01010235T	111	65	18	14	20	38	17	48	0	34	42	69	64	17	17	14	3	13
WIDE01010231T	17	29	4	48	32	11	19	68	0	36	8	62	18	46	15	24	10	13
CPCT02370024T	24	110	9	41	154	44	50	47	11	100	49	0	45	7	56	60	29	6
CPCT02140091TII	2525	1151	871	504	131	9	109	1168	0	6	63	0	216	19	44	13	0	159
CPCT02360015T	33	81	22	17	23	9	107	17	0	41	16	0	49	44	19	24	23	16
WIDE01010240T	0	62	15	17	11	2	35	19	6	21	20	14	25	26	16	5	7	12
CPCT02040230T	54	57	5	15	24	5	74	34	9	77	10	47	26	41	30	14	36	7
CPCT02320003T	38	109	14	15	45	29	78	30	18	37	38	70	19	33	41	35	19	17
WIDE01010248T	27	38	6	9	7	16	18	27	0	32	20	32	28	19	32	14	19	6
CPCT02010790T	30	77	4	789	241	78	66	0	164	0	22	136	85	23	10	10	0	63
CPCT02040235T	200	96	13	39	50	43	73	72	32	12	41	157	54	126	61	24	25	15
CPCT02080216T	33	104	0	467	254	26	142	51	297	68	29	20	38	0	31	28	5	29
CPCT02160047T	126	65	11	6	22	5	135	47	22	9	53	66	23	27	27	17	15	2
CPCT02270006T	208	23	3	83	192	62	54	56	33	265	85	104	38	0	47	68	80	29
CPCT02210053T	22	46	13	8	33	9	86	50	0	52	13	0	46	44	19	5	23	16
CPCT02360016T	24	61	20	12	16	10	60	0	11	41	11	0	2	11	16	13	9	7
WIDE01010270T	10	22	16	59	126	42	36	21	48	161	121	106	41	21	44	83	8	16
CPCT02060221T	24	86	17	18	43	3	105	27	18	37	1	90	21	25	10	9	0	7
WIDE01010288T	51	158	0	6	16	7	16	23	0	24	17	85	23	52	15	9	15	11
CPCT02270030T	20	36	5	14	39	0	91	35	20	23	6	46	54	22	12	14	20	6
CPCT02310011T	25	170	5	57	56	24	92	62	0	74	41	2	35	32	29	14	18	13
WIDE01010311T	58	154	0	47	222	60	44	69	85	185	45	2	51	21	46	80	4	18
CPCT02120001T	57	56	18	26	27	15	73	0	39	26	105	83	49	56	47	22	15	9
WIDE01010322T	23	136	10	20	12	2	12	32	6	36	12	24	50	30	24	0	34	12
CPCT02290035T	185	127	8	478	610	135	174	50	106	27	75	50	6	0	29	29	8	57
WIDE01010326T	0	99	11	9	25	6	17	18	21	37	18	0	45	16	17	20	23	19
CPCT02270028T	159	85	27	55	73	13	66	82	1	88	30	73	53	67	39	38	0	14
CPCT02030478T	137	131	16	11	12	15	55	101	0	63	21	0	19	24	22	22	13	23
WIDE01010308T	47	52	8	37	76	22	32	54	26	2	32	0	40	61	26	16	19	17
WIDE01010268T	21	94	17	26	48	20	24	47	0	41	28	15	23	14	17	12	17	6
CPCT02060214T	8	78	98	19	52	80	85	0	0	45	180	78	34	0	24	663	30	38
WIDE01010335T	107	90	0	76	167	19	27	73	30	82	32	117	34	27	48	26	7	13
CPCT02360017T	4	52	21	10	43	12	107	36	0	9	12	10	30	25	14	7	23	10
WIDE01010303T	30	122	3	44	36	14	32	44	0	29	25	80	50	39	22	33	42	33
CPCT02220044T	25	72	14	14	19	14	40	68	0	41	62	47	46	36	16	51	15	2
CPCT02120047TII	119	259	12	16	37	53	157	10	38	2	39	128	55	16	21	5	14	10
WIDE01010339T	95	141	26	15	0	18	29	54	5	3	20	20	30	30	3	8	22	14
WIDE01010352T	127	124	64	93	337	113	73	295	238	173	105	193	37	46	76	102	0	30
WIDE01010346T	18	12	12	29	1	14	46	65	56	42	13	55	44	20	31	15	33	5
CPCT02010824T	70	47	12	27	3	3	49	81	34	35	39	22	1	36	16	13	10	7
WIDE01010341T	229	166	41	361	465	0	43	110	101	27	37	0	34	6	38	26	2	59
WIDE01010332T	77	99	2	32	98	69	23	102	40	138	44	57	49	14	47	43	18	16
CPCT02360018T	20	175	9	14	17	14	24	8	0	17	9	73	23	44	17	28	11	2
CPCT02330104T	13	36	0	6	79	31	31	0	34	106	40	78	5	0	24	54	0	7
CPCT02050359T	16	80	3	15	33	15	71	52	47	12	15	38	10	0	11	8	16	8
CPCT02370025T	18	9	6	307	327	31	39	0	108	20	38	0	52	31	39	20	0	25
WIDE01010131T	54	158	18	63	45	51	29	21	142	58	51	37	49	52	21	37	56	14
WIDE01010371T	172	326	48	43	32	26	31	37	0	20	35	0	29	88	39	36	24	26
CPCT02020719T	112	18	14	941	522	132	119	19	90	85	151	156	81	40	58	60	24	60
WIDE01010400T	13	47	10	1	19	30	31	18	6	40	27	33	32	35	29	19	25	21
CPCT02010825T	7	31	0	0	8	9	19	0	16	5	3	38	8	0	6	9	11	1
CPCT02010359TII	171	96	23	636	498	75	75	35	176	70	109	0	105	29	35	24	42	44
WIDE01010405T	53	91	10	17	6	8	14	23	5	17	8	56	13	17	3	9	17	6
WIDE01010388T	124	256	40	11	8	0	21	88	0	29	10	0	15	11	21	10	30	12
DRUP01330020T	180072	1996	16067	0	0	17138	382	729	0	0	1	0	586	0	384	0	0	606
CPCT02230099T	120	132	26	1016	437	98	204	0	358	9	86	0	116	61	50	159	0	15
CPCT02110069T	49	56	20	38	47	13	45	18	0	55	7	0	45	64	23	24	14	10
WIDE01010410T	11	94	14	8	4	12	21	29	0	14	9	0	29	20	10	12	10	13
CPCT02020721T	52	68	0	13	12	3	47	44	46	46	9	26	42	9	13	18	11	0
CPCT02230101T	71	56	21	16	13	18	62	40	2	40	22	44	16	50	13	20	0	3
WIDE01010418T	0	2	1	19	20	18	13	43	0	0	16	10	10	3	22	9	17	9
CPCT02300040T	62	110	33	304	155	32	43	0	116	46	39	4	72	27	16	13	1	10
WIDE01010048T	33	103	25	7	26	3	15	50	0	27	15	36	12	20	9	27	12	5
CPCT02290037T	54	169	11	27	64	21	107	119	47	19	46	0	60	5	19	38	27	17
WIDE01010249T	22	99	6	16	0	2	18	33	0	24	10	9	48	18	18	12	32	6
DRUP01010148T	77203	7599	22638	0	0	1469	280	2520	0	0	95	0	707	0	202	470	102	350
WIDE01010372T	331	67	1	112	341	106	55	0	379	238	105	24	45	159	124	122	22	33
WIDE01010406T	39	182	35	32	76	28	18	9	88	104	108	45	20	36	31	65	12	21
WIDE01010432T	20	75	16	201	158	33	32	8	111	38	30	0	45	11	16	37	13	12
CPCT02010846T	21	49	18	646	286	78	141	0	111	0	79	70	41	0	30	52	35	28
CPCT02010746T	44	321	12	5	32	16	68	105	54	10	94	160	82	0	6	41	23	20
CPCT02250009T	51	56	8	81	65	34	139	39	59	27	13	47	20	50	19	13	13	6
CPCT02010838T	14	62	5	3	11	4	49	12	0	2	13	40	4	16	3	5	2	3
CPCT02170027T	262	188	0	49	25	29	118	99	69	25	40	85	67	55	57	17	76	15
CPCT02030484T	28	94	11	20	19	23	47	0	9	19	5	6	28	21	30	5	5	3
CPCT02050364T	124	159	41	25	28	48	87	110	16	52	20	99	11	63	35	24	12	25
CPCT02290040T	38	53	7	25	32	10	80	69	63	33	43	17	18	29	18	0	25	12
CPCT02080228T	201	216	6	31	124	47	117	44	92	134	45	36	2	40	75	45	17	4
CPCT02040257T	66	51	12	31	6	45	30	79	0	29	18	0	46	35	23	46	37	16
CPCT02160051T	10	28	6	8	8	7	47	25	0	37	4	0	16	23	0	9	3	9
CPCT02120137T	9	124	6	14	16	14	28	11	0	22	63	7	36	19	13	9	35	8
CPCT02150014T	27	58	1	3	11	1	71	31	18	15	0	53	16	6	12	20	27	4
CPCT02210059T	220	217	0	1365	398	121	156	0	543	0	28	0	48	32	68	39	27	38
CPCT02040254T	50	75	15	18	37	30	46	42	9	49	34	57	41	31	25	60	8	15
CPCT02070344T	12	76	0	34	23	7	56	4	0	24	14	11	15	35	20	19	19	1
CPCT02300043T	32	18	14	162	256	42	65	18	44	54	39	0	23	0	16	78	41	11
CPCT02220047T	10	122	9	681	201	16	117	0	256	39	19	20	25	5	17	1	0	18
CPCT02360011T	88	155	2	33	13	27	37	61	6	35	37	40	23	17	19	21	16	16
CPCT02020711T	15	74	12	146	203	14	32	0	200	29	42	3	26	0	20	42	11	28
CPCT02150016T	149	99	42	22	40	10	60	45	0	1	9	0	92	78	51	14	58	23
CPCT02030258T	129	124	7	8	49	25	120	62	88	7	52	143	21	91	75	30	58	11
CPCT02250010T	528	170	30	35	18	18	57	103	29	36	42	0	47	114	44	22	5	12
DRUP01110005T	28	114	15	0	38	16	88	13	17	10	131	88	54	10	21	30	11	11
DRUP01180001T	504	215	27	596	245	52	99	0	340	36	44	42	112	88	14	16	4	37
CPCT02010863T	11	58	17	48	17	24	39	18	0	35	46	29	37	12	5	22	28	1
CPCT02070352T	27	77	0	11	23	2	32	38	25	30	9	77	31	10	23	8	35	11
CPCT02060179T	26	69	1	21	22	9	87	70	1	42	9	0	42	44	16	0	37	8
CPCT02120148T	11	89	6	13	12	32	59	40	0	1	24	58	63	23	8	29	19	3
CPCT02030500T	13	51	45	19	19	107	18	0	0	91	190	93	79	0	32	702	11	49
CPCT02150017T	15	51	0	409	181	39	39	26	68	39	34	19	24	0	13	14	2	6
CPCT02170029T	19	71	0	20	30	8	35	4	17	32	27	2	35	16	30	25	25	6
CPCT02010886T	182	90	27	35	101	32	53	25	102	128	64	93	70	29	73	52	31	22
CPCT02390029T	16	19	38	16	16	7	32	0	3	29	5	35	36	18	19	30	22	1
CPCT02080243T	103	183	24	864	385	197	115	0	302	96	55	0	33	19	66	84	231	33
CPCT02010890T	21	47	14	18	21	1	63	2	18	14	9	2	16	9	10	6	3	5
CPCT02150018T	17	50	7	14	9	25	46	34	0	27	28	0	31	45	11	12	23	9
CPCT02010896T	323	167	43	39	80	35	52	57	0	114	152	102	48	95	60	44	11	10
CPCT02360022T	9	64	4	15	29	7	44	30	6	15	18	35	31	10	28	22	7	6
CPCT02220053T	20	97	10	27	12	13	55	32	4	20	14	21	10	20	34	14	37	16
CPCT02040267T	24	143	15	4	25	24	41	45	28	9	12	44	16	11	8	29	18	3
CPCT02040266T	26	42	10	446	224	0	86	0	74	82	30	152	14	0	33	43	0	18
CPCT02010891T	3	26	12	5	2	0	35	39	28	33	14	16	32	14	14	14	35	11
CPCT02350007T	114	349	36	22	30	32	50	71	0	38	29	86	71	22	23	40	39	10
CPCT02020830T	29	52	0	9	14	6	98	68	3	1	7	39	6	13	6	5	14	5
CPCT02030383T	78	58	31	19	18	12	61	8	18	9	17	0	34	53	28	11	33	11
CPCT02350008T	59	118	8	33	85	20	95	19	65	41	158	45	102	0	34	37	153	14
CPCT02030289TIII	42	396	13	21	107	30	217	84	19	122	31	192	37	19	20	50	0	27
CPCT02160055T	15	76	2	0	19	12	29	31	5	22	8	27	20	21	5	10	2	3
CPCT02050383T	9	80	10	6	20	12	52	40	0	8	95	0	44	35	1	25	34	11
CPCT02290046T	23	74	0	6	19	11	103	14	9	10	3	64	6	39	8	14	11	8
CPCT02030522T	59	69	0	15	66	12	55	69	3	79	20	27	19	24	35	16	33	8
CPCT02110076T	180	85	0	49	43	30	69	71	96	62	45	76	6	18	50	29	9	15
CPCT02080250T	409	138	24	52	43	26	101	63	68	25	36	45	40	36	56	12	39	34
CPCT02230110T	548	346	77	106	302	94	84	55	131	321	80	123	23	60	114	86	0	21
CPCT02010900T	48	72	0	14	115	27	67	88	44	96	33	104	4	0	29	25	0	7
CPCT02120158T	43	88	11	25	36	33	96	92	117	15	54	10	63	0	6	18	35	16
CPCT02180070T	2	38	13	13	40	16	53	16	0	65	33	20	12	18	9	30	7	12
CPCT02210069T	120	74	24	23	59	39	34	62	0	98	53	0	28	42	39	28	55	7
CPCT02070360T	0	28	0	269	338	39	94	0	199	30	21	69	28	0	3	0	25	21
CPCT02180069T	129	321	11	16	43	37	113	20	26	28	18	42	0	48	23	14	41	5
CPCT02410009T	32	84	15	22	35	23	67	13	0	36	30	0	41	29	34	21	36	8
CPCT02080254T	44	115	8	13	7	4	74	45	11	1	10	32	25	0	8	14	27	3
CPCT02110077T	91	75	44	23	40	46	67	65	0	33	90	0	105	39	18	28	37	24
CPCT02010915T	12	54	0	28	88	44	70	7	42	110	55	21	34	11	28	80	10	2
CPCT02120154T	35	165	7	10	16	8	37	47	0	27	13	0	25	19	22	21	15	2
CPCT02080253T	568	264	35	95	94	42	115	281	132	27	68	0	100	59	35	19	84	25
CPCT02140083T	122	40	0	11	98	42	74	51	58	220	46	137	0	0	44	63	0	5
CPCT02020791T	24	129	0	29	116	24	55	84	32	117	26	146	6	0	21	37	4	10
DRUP01010091T	132	70	20	459	399	58	116	8	100	70	96	0	67	25	33	29	33	25
CPCT02100187T	18	66	5	6	18	11	38	3	6	30	85	16	39	0	23	8	21	7
CPCT02040282T	77	61	20	32	61	8	69	39	0	33	14	52	36	43	4	15	52	13
CPCT02290052T	101	287	42	51	83	39	105	135	31	96	131	76	60	53	49	46	39	12
CPCT02310018T	47	43	0	8	61	23	120	145	96	8	12	2	26	13	5	13	42	8
CPCT02310019T	106	893	31	15	127	39	98	231	80	135	49	46	46	0	22	43	81	26
CPCT02470001T	27	163	12	2	18	4	17	0	45	19	4	13	36	24	0	13	5	2
DRUP01220002T	244	37	31	138	253	143	98	96	0	254	111	12	44	46	93	55	27	25
CPCT02030521T	26	50	4	14	36	2	64	14	28	43	60	46	23	10	18	5	7	14
CPCT02010901T	12	176	0	726	356	47	152	0	457	5	21	0	79	0	6	18	56	30
CPCT02290048T	78	95	15	12	19	19	50	23	42	15	27	20	27	50	9	8	0	8
CPCT02210071T	12	82	21	32	51	48	71	47	0	87	34	0	26	30	15	30	0	11
CPCT02120165T	10	31	12	46	91	31	65	11	4	37	21	48	86	39	22	38	45	6
CPCT02020773T	0	16	4	36	154	58	56	45	0	152	47	168	12	17	42	55	24	4
CPCT02040290T	56	123	41	23	99	18	45	57	0	175	90	76	45	39	55	75	20	13
CPCT02020829T	113	97	8	0	19	23	37	24	30	10	31	49	38	5	6	15	5	6
CPCT02150027T	42	130	2	296	305	45	113	23	25	44	45	121	0	0	5	11	0	23
CPCT02010933T	68	133	0	187	95	2	163	0	210	14	8	36	8	0	12	0	0	32
CPCT02210073T	102	94	0	474	181	32	66	16	132	20	50	49	79	41	42	17	9	13
CPCT02190049T	232	152	66	32	42	71	109	17	53	44	109	0	42	77	53	54	34	19
CPCT02020824T	117	126	19	19	29	24	44	22	29	19	19	12	17	10	29	16	2	10
CPCT02010934T	46	30	0	6	23	25	50	51	21	50	29	56	20	23	25	26	12	10
CPCT02290057T	37	117	15	8	11	9	57	68	0	0	11	75	82	41	17	3	7	7
CPCT02020801T	68	85	1	14	19	16	68	18	58	0	12	93	2	10	11	0	0	7
CPCT02340066TII	42	182	7	31	153	28	54	99	115	173	52	46	25	33	38	66	0	16
CPCT02020795T	107	335	20	10	31	20	80	135	0	21	10	2	59	29	26	16	47	6
CPCT02010939T	361	128	48	29	47	44	61	46	47	54	50	0	42	42	38	38	43	14
CPCT02010936T	27	32	2	29	14	19	40	3	26	20	40	0	43	31	17	8	11	12
CPCT02020807T	99	261	0	15	24	14	50	8	45	28	26	42	14	15	16	32	15	7
CPCT02020597TII	25	225	0	15	81	13	66	31	133	28	20	50	38	123	61	20	57	15
CPCT02050409T	25	151	0	624	312	42	120	36	206	45	42	0	102	0	14	34	29	38
DRUP01020034T	26	74	10	912	383	23	217	17	141	29	35	0	51	61	9	28	19	13
CPCT02010940T	26	72	15	9	20	9	104	123	0	33	7	20	19	8	22	9	18	9
DRUP01210004T	93	206	0	36	50	18	92	46	0	12	15	152	32	57	45	23	0	4
CPCT02060272T	18	40	8	0	8	16	38	39	6	22	7	34	12	39	29	6	12	2
CPCT02130163T	233	450	37	44	107	50	166	159	57	56	117	0	76	123	55	35	18	14
DRUP01220003T	110	195	29	54	64	85	70	69	40	48	188	0	77	98	72	55	61	17
DRUP01210005T	186	194	2	1246	352	116	117	0	534	6	28	0	50	34	55	28	43	27
CPCT02450016T	55	55	0	14	0	23	34	17	0	7	35	82	71	37	17	20	7	8
DRUP01120001T	62	67	37	25	25	20	48	4	47	38	130	41	53	64	48	32	43	23
CPCT02220026T	198	33	20	131	257	135	180	76	0	239	112	86	21	36	78	50	16	27
CPCT02010969T	41	0	0	52	102	9	104	23	7	139	31	92	33	11	21	74	4	10
CPCT02010643T	129	120	23	14	35	5	85	48	0	42	29	18	12	26	37	34	25	4
CPCT02040160T	52	126	0	23	9	6	121	70	12	10	21	57	19	21	22	17	16	8
CPCT02140085T	43	97	23	16	49	22	131	26	0	16	20	42	0	43	34	22	50	7
DRUP01080004T	302	108	11	9	174	71	380	78	42	58	203	219	47	46	79	63	56	20
CPCT02080070TII	63	214	0	33	85	37	254	98	0	66	24	34	49	41	51	34	38	23
CPCT02060128T	85	210	16	85	80	37	92	0	104	45	23	18	65	162	39	5	5	14
CPCT02060129T	7	92	29	16	15	7	74	3	0	13	11	26	6	17	16	3	18	5
CPCT02220060T	33	32	9	344	415	41	72	12	82	6	31	0	75	15	10	26	29	25
CPCT02090062T	22	56	6	11	24	23	39	12	0	53	28	29	40	16	17	15	6	2
CPCT02440018T	34	109	0	3	60	21	66	89	28	12	23	79	3	21	17	11	4	2
CPCT02030549T	132	399	49	30	75	33	59	96	0	33	16	0	49	101	81	10	71	11
CPCT02230022T	54	59	7	11	21	16	50	23	13	25	21	14	23	58	24	12	29	20
CPCT02030550T	153	189	29	22	31	21	66	40	22	64	22	43	37	19	23	44	1	18
CPCT02140091T	2529	910	604	173	46	90	32	303	0	0	36	0	0	54	20	0	17	16
CPCT02020597T	14	133	2	3	55	14	120	0	79	32	21	0	49	117	44	16	34	15
CPCT02100110T	74	45	7	387	443	109	92	13	211	82	102	0	67	18	28	75	19	40
CPCT02230047T	11	141	0	12	50	9	61	26	42	33	21	47	49	15	22	20	15	0
CPCT02310003T	22	152	3	38	173	61	38	44	0	129	129	72	39	25	56	84	0	4
CPCT02390035T	284	242	17	64	41	37	74	126	0	37	43	29	45	25	11	0	17	4
CPCT02060150T	42	155	19	29	48	24	135	39	34	13	14	83	9	24	16	16	4	11
CPCT02460004T	42	65	7	0	23	13	24	39	8	25	12	0	45	55	22	17	36	9
CPCT02190051T	23	113	0	3	27	10	48	0	75	20	18	0	13	40	12	15	24	12
CPCT02020857T	7	102	2	21	42	15	120	0	0	0	19	124	45	31	35	4	50	1
CPCT02080153T	34	126	19	15	15	15	98	3	39	17	226	0	94	0	20	42	21	3
CPCT02040175T	2	26	5	0	28	1	81	0	16	11	11	10	0	3	1	5	10	1
CPCT02370006T	76	238	0	20	19	27	65	99	7	38	16	0	48	1	31	40	11	17
CPCT02220063T	22	18	4	26	88	19	16	15	32	82	41	35	37	28	29	35	19	24
CPCT02310021T	207	371	72	21	70	44	36	226	9	36	40	23	6	71	46	54	20	38
CPCT02160030T	7	14	1	0	27	3	58	0	0	12	6	0	30	6	8	9	21	1
CPCT02060278T	42	53	4	8	20	7	23	11	27	11	12	18	14	20	16	10	11	5
CPCT02060277T	6	77	20	441	170	21	35	0	75	29	38	0	48	28	12	15	13	21
CPCT02150004T	11	60	19	11	26	4	70	0	2	31	8	0	42	24	26	10	46	7
CPCT02010687T	11	0	20	18	28	18	56	6	0	16	42	91	37	14	35	13	4	10
CPCT02080143T	19	57	13	32	61	13	122	19	30	17	17	155	1	43	19	6	0	12
CPCT02160029T	24	62	0	24	54	13	74	46	24	25	12	85	11	22	15	10	0	10
CPCT02230118T	25	80	22	36	70	13	67	24	22	101	42	55	45	81	37	10	0	5
CPCT02010658T	35	53	15	54	211	54	34	9	32	233	72	63	8	28	30	74	0	20
CPCT02320007T	26	131	41	14	19	17	36	41	0	9	26	33	58	23	21	28	2	13
CPCT02040306T	14	52	10	22	79	33	16	8	13	141	31	73	14	7	17	51	27	16
CPCT02340025T	22	161	9	658	287	30	225	0	302	13	36	41	43	29	13	26	22	24
CPCT02120073T	50	62	0	677	239	178	111	0	300	23	117	0	82	0	37	58	3	15
CPCT02030394T	29	113	36	7	33	14	127	36	42	26	7	63	15	17	12	16	19	5
CPCT02180077T	44	167	8	26	40	43	21	23	118	97	27	72	54	112	42	74	0	13
CPCT02020617T	42	36	0	62	174	30	118	0	45	122	17	147	0	8	45	43	0	17
CPCT02310022T	25	133	21	24	11	5	25	16	0	16	9	19	14	38	29	12	29	5
CPCT02080261T	126	27	1	9	50	21	69	64	24	68	48	30	37	12	34	16	15	6
CPCT02380020T	45	28	9	658	640	61	122	4	0	58	75	41	85	25	27	14	22	37
CPCT02120063T	50	36	6	16	143	50	19	0	62	145	38	137	0	15	32	53	6	7
CPCT02010504T	16	61	0	43	32	33	81	67	0	35	32	74	29	25	14	26	35	19
CPCT02100115T	66	190	28	0	46	5	164	55	0	25	8	0	15	13	5	13	6	6
CPCT02100117T	30	31	13	195	169	65	57	24	0	19	79	0	39	12	18	48	82	24
CPCT02190019T	10	74	0	0	50	11	101	16	0	49	51	160	287	41	68	53	25	77
CPCT02210035T	18	88	0	8	60	33	56	23	50	13	20	0	44	29	36	35	39	12
CPCT02120061T	41	61	4	22	44	2	74	40	0	51	4	63	24	23	23	23	19	8
CPCT02210034T	74	171	0	0	49	14	141	36	12	8	9	71	13	40	28	23	0	2
CPCT02370008T	67	213	3	13	55	27	83	0	50	47	37	24	9	23	32	36	7	8
CPCT02330061T	11	51	11	15	13	14	48	16	0	12	7	50	4	8	15	18	11	14
CPCT02100125T	32	73	11	4	38	14	63	6	49	37	12	6	22	41	21	15	29	6
CPCT02340037T	20	165	0	23	67	19	25	73	0	27	24	31	27	8	18	17	43	5
CPCT02170014T	45	63	6	13	28	9	88	43	0	21	25	61	55	22	26	12	4	20
CPCT02170018T	161	48	0	100	433	4	136	0	69	68	11	364	0	5	52	0	34	5
CPCT02080029T	88	104	11	18	17	6	136	25	43	22	12	49	40	35	16	12	24	7
CPCT02240008T	19	37	10	365	514	47	81	0	152	47	15	0	18	0	26	21	13	20
CPCT02010661T	143	124	25	11	55	19	50	72	104	43	14	0	51	30	49	23	49	12
CPCT02010678T	33	32	15	14	8	2	45	32	0	34	25	18	23	11	22	18	26	11
CPCT02290018T	14	91	10	13	21	11	87	54	0	17	24	0	4	25	18	0	0	10
CPCT02080128T	45	204	38	333	342	30	123	51	207	51	52	78	54	0	46	24	69	20
CPCT02230058T	6	175	4	7	10	9	44	38	1	22	10	42	28	19	11	3	9	4
CPCT02240001T	59	377	53	0	56	22	114	314	201	0	25	0	51	15	17	4	93	82
CPCT02080127T	30	44	17	17	32	4	83	34	44	14	10	42	19	12	33	32	22	10
CPCT02270007T	43	108	38	471	359	12	52	0	0	50	36	0	85	27	12	16	34	20
CPCT02270009T	0	12	9	26	37	9	93	41	20	27	20	14	19	6	22	2	50	19
CPCT02020635T	26	48	16	17	28	1	126	44	0	1	44	34	25	27	18	10	17	16
CPCT02270008T	26	63	0	19	56	22	65	88	0	18	16	37	7	0	26	10	19	9
CPCT02050157T	96	185	7	19	17	19	27	47	0	41	25	6	32	20	27	18	19	0
CPCT02080103T	185	395	30	28	40	57	20	51	13	69	41	33	67	49	37	37	14	20
CPCT02050164T	64	274	49	40	36	40	51	1	11	21	144	3	39	101	45	62	4	6
CPCT02050160T	83	31	20	22	36	51	53	57	23	39	48	12	33	42	45	28	24	27
CPCT02300011T	37	164	16	24	8	11	20	44	0	22	28	33	47	11	21	33	0	0
CPCT02080100T	6	95	24	10	9	12	46	7	17	21	3	10	29	5	8	6	17	8
CPCT02180028T	10	11	6	22	75	28	21	21	39	67	26	10	30	28	25	51	20	4
CPCT02330032T	7	29	8	0	18	5	10	2	3	9	5	47	13	0	11	6	4	1
CPCT02100066T	78	224	29	23	118	63	40	106	5	180	123	52	62	32	55	89	24	13
CPCT02100067T	44	320	7	11	16	11	36	17	0	33	11	0	33	13	12	15	77	24
CPCT02080106T	53	36	11	36	29	24	29	117	0	2	37	0	37	0	14	20	28	2
CPCT02330027T	45	145	23	19	0	15	35	18	4	44	21	4	48	31	28	37	31	3
CPCT02020508T	163	195	16	48	23	11	48	87	39	30	22	46	38	146	59	25	23	44
CPCT02100075T	36	29	10	7	20	21	7	28	31	32	18	5	15	60	31	9	4	3
CPCT02010517T	13	116	8	4	12	10	38	43	19	25	18	0	36	24	15	23	27	9
CPCT02210017T	140	97	13	17	0	12	11	35	0	19	9	11	42	29	30	21	18	5
CPCT02160022T	16	31	13	5	19	20	12	80	6	14	7	11	12	30	22	16	20	4
CPCT02030340T	7	81	15	10	12	2	26	38	0	17	17	9	36	35	3	10	22	2
CPCT02020514T	25965	1335	4885	478	118	0	169	2292	0	59	121	0	173	0	99	0	0	99
CPCT02010521T	11	155	13	0	45	15	30	28	103	16	9	5	37	27	23	28	3	7
CPCT02050166T	53	152	21	12	39	15	30	44	1	3	16	78	29	40	19	11	12	16
CPCT02240003T	184	142	0	73	202	42	21	24	49	77	29	105	24	73	68	35	37	15
CPCT02390001T	38	85	15	11	7	15	28	106	9	0	18	24	27	9	23	11	5	15
CPCT02010572T	10	74	0	9	4	19	26	9	83	28	14	3	27	5	21	6	4	7
CPCT02240005T	58	89	18	20	4	16	41	5	0	11	26	2	53	71	16	11	13	7
CPCT02120016T	73	116	3	338	370	22	22	5	69	37	24	0	41	47	23	32	14	11
CPCT02100079T	41	115	0	13	45	15	67	44	0	57	19	0	19	24	16	27	25	10
CPCT02180030T	210	144	5	5	87	42	23	52	115	167	96	56	1	53	57	56	0	29
CPCT02040114T	111	21	26	827	416	121	35	0	279	20	85	0	56	81	41	82	0	17
CPCT02080112T	6	12	4	532	206	47	64	27	128	32	26	0	57	23	22	16	14	12
CPCT02330035T	299	217	56	101	56	83	36	42	93	35	89	0	46	5	27	81	19	114
CPCT02060093T	13	67	7	6	14	2	38	30	32	47	13	0	26	5	14	22	14	1
CPCT02300016T	46	158	17	37	66	37	32	21	60	64	30	35	57	0	57	47	20	14
CPCT02300018T	24	53	13	14	21	12	51	30	0	41	58	31	26	34	18	26	24	10
CPCT02030265TII	22	58	5	2	10	12	17	23	0	15	76	31	19	22	1	32	0	1
CPCT02010593T	51	23	10	278	71	51	21	0	17	18	20	0	25	24	15	37	40	12
CPCT02330037T	27	39	0	367	118	68	36	0	190	0	63	41	13	2	12	37	31	16
CPCT02120033T	68	124	14	24	12	9	37	31	0	38	51	0	35	60	31	33	37	36
CPCT02120029T	28	51	24	11	7	2	13	25	0	37	21	10	35	0	8	24	14	8
CPCT02040123T	32	197	12	0	25	12	30	56	29	5	9	20	11	54	23	11	16	15
CPCT02120024T	6	30	7	28	107	27	19	0	5	96	65	109	11	15	39	59	0	2
CPCT02120008T	260	259	17	47	25	43	38	85	19	33	41	0	58	76	14	26	22	7
CPCT02020539T	126	96	7	6	12	7	13	34	37	21	35	18	24	58	10	24	6	2
CPCT02070168T	38	144	11	13	30	12	25	34	118	34	111	0	43	49	38	15	4	8
CPCT02050183T	20	103	0	0	44	12	28	40	0	20	20	33	28	17	42	41	25	2
CPCT02290011T	45	32	4	21	25	0	14	11	0	15	13	0	33	64	41	18	31	8
CPCT02080122T	76	103	26	18	29	1	61	74	0	28	15	0	27	60	29	8	16	1
CPCT02210020T	11	13	4	22	8	8	12	30	0	26	10	107	24	13	5	13	4	6
CPCT02020545T	55	192	37	36	58	32	32	119	0	42	48	66	43	96	20	26	25	24
CPCT02020541T	22	36	12	10	0	4	45	56	0	9	47	0	19	16	18	9	25	6
CPCT02100093T	193	590	37	22	34	57	30	114	17	49	48	8	66	45	9	40	32	15
CPCT02080125T	27	70	19	380	128	35	38	0	38	46	36	0	36	26	9	20	8	17
CPCT02010535T	18	74	10	0	15	3	32	18	14	25	8	48	8	25	12	20	21	5
CPCT02160027T	4	10	9	7	8	0	7	15	6	18	5	0	22	14	8	7	8	8
CPCT02230021T	43	212	13	48	64	29	34	121	56	10	34	9	47	46	53	39	43	31
CPCT02230025T	46	104	12	9	17	6	23	57	0	6	21	58	15	8	16	13	6	17
CPCT02230028T	19	22	9	12	11	29	22	49	0	6	59	32	47	49	30	39	8	2
CPCT02330042T	13	55	1	11	50	23	22	9	13	27	14	77	6	21	11	23	0	0
CPCT02230036T	5	50	21	10	15	1	25	13	2	14	19	70	19	20	19	14	14	0
CPCT02410001T	23	58	2	13	18	12	27	36	0	19	11	46	32	11	12	17	15	9
CPCT02040138T	32	93	4	175	257	22	52	17	43	49	23	18	41	14	17	38	31	15
CPCT02020561T	305	1190	55	25	26	20	53	263	0	25	29	13	39	8	14	16	23	22
CPCT02040134T	23	34	13	19	58	1	92	35	1	31	24	21	35	48	39	38	29	7
CPCT02050215T	176	83	0	23	37	22	68	85	112	35	25	39	82	9	36	8	43	16
CPCT02050209T	132	237	0	4	19	32	124	83	70	50	43	52	17	0	19	21	14	14
CPCT02050210T	8	99	12	0	43	13	55	23	32	24	10	2	25	0	5	22	25	5
CPCT02050218T	65	111	12	24	0	18	53	0	18	0	21	156	16	105	66	32	8	11
CPCT02300021T	149	68	37	3	30	10	88	0	10	31	5	13	23	43	26	19	24	13
CPCT02180038T	64	173	9	7	45	22	143	19	20	48	4	15	23	0	2	14	20	10
CPCT02030367T	99	70	7	35	151	26	111	26	93	201	56	84	19	2	77	37	0	22
CPCT02060121T	35	111	64	20	40	73	59	9	0	25	81	0	52	0	34	359	26	27
CPCT02230044T	18	47	0	4	17	11	80	34	28	0	9	54	7	3	20	2	3	6
CPCT02110042T	45	74	27	33	31	18	205	18	6	10	84	84	18	45	49	21	23	12
CPCT02010628T	164	139	6	33	44	41	67	27	19	52	47	50	34	39	27	25	19	15
CPCT02010633T	15	49	0	20	31	10	95	6	8	76	9	91	18	0	0	11	19	13
DRUP01010037T	24737	2739	7291	17	0	0	373	1689	0	54	190	0	931	259	549	0	0	69
CPCT02040145T	7	46	5	29	33	7	85	22	38	38	13	6	8	6	25	12	0	10
CPCT02120047T	47	26	0	20	24	5	58	0	14	8	14	45	8	11	20	5	11	8
CPCT02120051T	59	9	9	585	210	149	98	0	317	17	169	18	0	0	27	11	0	23
CPCT02120052T	214	259	24	75	83	56	53	108	11	28	25	5	69	60	29	10	48	29
CPCT02100105T	20	195	0	828	333	52	166	0	377	0	23	0	101	0	0	11	29	24
CPCT02100102T	41	34	13	1	34	15	62	63	0	20	10	0	21	44	22	21	8	7
CPCT02260008T	83	128	1	16	42	21	117	81	42	21	37	79	95	47	21	27	36	9
CPCT02100067TII	45	323	2	8	51	18	234	27	9	33	16	46	25	21	12	11	48	38
CPCT02210028T	79	242	12	36	57	36	118	100	37	79	27	51	49	8	2	37	25	46
CPCT02100104T	31	143	10	16	42	11	124	40	14	57	14	4	11	16	20	18	11	10
CPCT02020591T	10	71	3	11	10	14	79	35	1	0	6	33	25	26	12	22	11	14
CPCT02010639T	30	122	27	208	469	0	99	2	146	48	61	142	27	0	28	2	38	10
CPCT02080055T	3	6	0	1	17	2	73	3	0	7	2	0	12	3	6	3	17	0
CPCT02180007T	9	181	10	13	9	13	33	98	0	31	60	0	70	21	0	44	19	5
CPCT02080056T	300	142	32	35	61	65	69	68	0	61	180	0	46	71	75	53	87	14
CPCT02040070T	40	134	13	32	125	52	35	26	42	87	60	111	20	34	64	59	13	10
CPCT02040069T	122	237	28	21	40	8	34	63	0	51	25	0	18	116	32	14	24	9
CPCT02290001T	20	137	21	39	117	23	69	14	33	124	61	116	14	0	63	52	49	27
CPCT02100043T	10	50	0	8	23	1	49	54	0	15	3	3	26	18	17	11	26	2
CPCT02020407T	32	101	3	50	158	59	48	37	8	192	55	49	46	47	43	99	25	11
CPCT02210004T	26992	6425	9172	0	0	1207	113	1031	0	0	229	0	0	140	464	117	0	37
CPCT02100035T	44	74	0	17	12	10	6	10	23	48	19	10	23	30	19	18	22	0
CPCT02010433T	12	17	5	0	8	8	6	9	20	2	3	12	13	25	6	0	3	6
CPCT02100049T	58	146	17	90	151	53	79	50	130	129	72	149	22	22	71	79	50	48
CPCT02290003T	33	69	5	11	25	12	50	25	10	14	14	29	36	47	24	17	27	6
CPCT02030305T	32	32	0	16	61	2	35	19	43	16	3	21	16	25	9	5	4	6
CPCT02100037T	26	80	0	16	8	17	21	46	0	20	14	29	33	18	21	14	24	10
CPCT02080060T	36	30	25	14	18	19	38	10	10	38	26	0	27	53	31	29	0	1
CPCT02010447T	33	37	14	40	231	12	64	0	17	93	44	154	21	14	27	38	36	0
CPCT02060059T	24	103	2	8	12	10	27	30	0	5	77	0	82	36	14	30	22	0
CPCT02100048T	114	82	15	71	24	79	75	123	15	49	90	0	49	7	29	38	55	21
CPCT02040071T	21	36	5	8	17	10	54	61	0	37	4	23	27	30	13	6	7	9
CPCT02050096T	14	40	5	175	198	48	44	25	3	49	32	0	46	21	6	35	28	14
CPCT02010461T	25	93	5	52	51	26	48	73	123	65	48	0	46	40	53	37	45	6
CPCT02100050T	17	64	2	13	17	21	39	33	24	24	16	20	46	26	28	21	38	9
CPCT02020436T	39	234	21	42	4	13	44	71	0	8	327	114	120	11	43	21	33	12
CPCT02160014T	15	24	7	3	11	8	11	0	35	0	10	0	6	13	10	0	21	5
CPCT02230002T	59	193	17	6	11	25	13	85	0	30	15	0	39	19	29	17	28	0
CPCT02160015T	48	338	13	18	38	32	42	94	29	43	25	47	46	28	7	25	5	6
CPCT02080064T	32	199	23	14	89	21	29	41	6	98	24	14	45	10	29	52	27	15
CPCT02080063T	88	76	11	14	18	1	27	106	5	30	21	0	39	22	27	38	35	13
CPCT02010468T	153	123	31	61	82	71	23	75	25	34	72	26	40	70	41	49	54	23
CPCT02300005T	60	196	11	9	0	27	19	38	0	9	15	0	32	37	19	12	29	11
CPCT02100051T	27	34	9	23	78	40	25	64	0	24	4	48	15	11	1	33	11	13
CPCT02160013T	89	68	19	10	12	9	15	25	22	18	31	14	0	66	36	17	10	0
CPCT02080069T	50	61	5	15	14	23	30	56	6	0	25	45	43	50	28	17	6	2
CPCT02080067T	28	104	8	29	59	14	31	14	0	28	46	53	25	7	28	17	33	5
CPCT02010427T	128	135	0	10	18	31	29	69	23	40	13	36	14	17	21	16	17	24
CPCT02330017T	13	72	27	29	37	21	36	0	52	31	12	34	34	29	28	43	0	5
CPCT02050109T	13	28	19	7	10	26	17	0	0	42	39	0	23	12	9	38	15	7
CPCT02070078T	242	149	27	42	38	68	61	108	60	52	53	0	76	32	6	46	78	13
CPCT02210010T	9	31	19	16	0	4	28	15	0	12	7	0	23	17	0	11	16	3
CPCT02080070T	30	158	0	24	34	31	42	76	0	44	21	8	6	33	32	17	24	17
CPCT02050117T	16	65	11	10	2	7	31	2	0	52	6	0	21	27	27	15	81	14
CPCT02080072T	111	92	9	30	76	23	24	77	2	37	14	71	5	49	22	0	16	11
CPCT02080073T	109	124	19	656	300	152	86	36	255	88	91	0	73	17	14	71	64	29
CPCT02040078T	170	98	53	13	17	39	43	110	0	29	28	82	22	21	12	25	0	15
CPCT02080076T	5	29	6	2	8	10	20	16	27	12	4	0	22	8	8	15	31	3
CPCT02010508T	18	81	26	9	11	2	25	12	0	10	6	0	20	25	4	5	26	3
CPCT02080019T	104	75	15	15	10	26	27	68	71	65	23	0	12	49	22	37	21	10
CPCT02190009T	32	167	22	42	219	35	54	30	114	201	49	62	0	0	68	75	0	17
CPCT02010509T	141	102	11	10	19	18	16	27	33	39	12	0	14	45	31	17	27	21
DRUP01010012T	105	42	7	82	73	38	50	25	86	24	61	151	13	58	45	28	58	81
CPCT02020441T	82	112	0	28	21	16	9	25	0	34	38	32	20	24	20	6	21	4
CPCT02140039T	20	60	6	26	88	44	31	0	51	187	49	59	0	41	28	50	8	6
CPCT02040086T	8	255	0	14	16	9	34	194	0	6	11	0	22	5	13	29	95	3
CPCT02060070T	2	21	7	144	63	32	43	31	64	50	21	1	24	20	20	24	2	25
DRUP01020002T	19	123	14	726	265	29	61	32	232	7	31	81	31	0	0	10	12	53
CPCT02100055T	147	323	29	25	15	7	37	107	11	11	34	7	38	29	8	23	17	9
CPCT02220008T	238	124	0	0	114	46	20	120	165	98	51	18	63	45	50	55	36	5
CPCT02300008T	4	53	15	467	434	13	66	0	305	23	21	0	40	0	35	16	124	113
CPCT02010520T	16	58	0	8	4	3	26	8	13	18	65	86	33	6	9	3	20	2
CPCT02020475T	23	84	6	22	17	16	25	55	10	30	4	29	22	12	5	13	44	4
CPCT02020478T	46	119	3	13	29	7	39	57	80	28	24	0	45	33	21	39	37	13
CPCT02010523T	37	2280	0	33	37	21	25	155	46	58	28	113	88	0	46	32	22	33
CPCT02050120T	89	176	11	9	20	26	23	39	24	12	32	30	39	52	53	33	42	11
CPCT02050143T	107	102	21	33	17	39	27	90	0	56	35	52	44	38	37	28	18	10
CPCT02050138T	64	317	18	20	33	15	38	129	29	10	45	0	55	0	14	30	2	22
CPCT02010528T	31	58	12	7	15	5	25	53	13	20	7	0	28	46	15	4	39	21
CPCT02110020T	32	53	16	12	7	17	25	41	17	17	5	10	24	50	20	14	31	2
CPCT02300009T	47	209	6	863	268	49	85	115	108	16	78	0	134	38	22	15	125	2
CPCT02020493T	43	154	2	532	183	69	70	3	107	1	42	0	76	19	7	38	14	15
CPCT02020487T	101	284	22	8	29	32	23	91	7	9	20	40	38	28	9	33	10	13
CPCT02020345TII	59	166	16	14	27	27	29	8	3	54	24	29	20	62	25	43	27	2
CPCT02030329T	12	123	16	18	11	8	15	21	0	54	17	26	15	6	6	32	9	3
CPCT02370003T	182	34	11	579	526	166	70	10	155	47	143	0	121	27	21	49	0	30
CPCT02290008T	40	134	0	450	162	22	94	0	181	18	26	0	75	19	18	19	31	17
CPCT02160018T	24	77	0	18	1	5	23	0	0	20	29	30	20	35	9	11	5	4
CPCT02160019T	13	56	0	9	9	14	19	13	0	0	22	16	10	13	12	18	9	4
CPCT02110023T	56	188	9	2	40	29	29	108	25	38	21	27	71	33	25	54	12	8
CPCT02110028T	106	96	5	4	16	8	12	53	35	37	6	0	3	47	20	21	12	4
CPCT02010555T	258	294	7	36	74	30	13	25	9	120	45	35	27	44	50	48	45	18
CPCT02110029T	195	284	26	45	96	30	19	44	69	88	40	21	43	91	12	27	15	10
CPCT02210014T	46	58	29	11	23	12	15	21	0	23	23	25	32	18	37	12	12	0
CPCT02060075T	305	145	0	85	59	27	36	61	36	59	14	62	11	91	56	16	14	21
CPCT02020490T	34	86	2	20	13	0	23	48	14	33	27	20	36	40	13	32	11	7
CPCT02050127T	7	77	4	20	25	13	85	11	0	9	12	48	15	23	18	20	5	14
CPCT02040097T	82	69	36	54	43	40	20	16	29	19	54	12	46	74	21	29	45	15
CPCT02050146T	17	61	0	15	0	6	23	46	14	9	8	17	54	0	31	13	12	11
CPCT02080095T	85	288	17	12	15	32	37	63	0	0	17	0	28	22	16	18	40	13
CPCT02110030T	49	131	0	11	59	10	29	126	33	0	19	25	40	22	16	7	31	11
CPCT02290010T	178	354	22	48	19	21	31	157	14	52	10	0	37	35	37	50	13	17
CPCT02010554T	74	367	0	6	14	11	16	57	22	19	8	32	46	0	10	0	26	5
CPCT02050156T	79	190	2	9	33	8	23	40	23	39	10	18	30	41	15	30	15	5
CPCT02300014T	47	86	3	6	17	8	30	3	22	56	18	3	21	57	19	11	9	3
CPCT02230014T	306	362	49	25	5	33	47	10	0	30	16	0	43	86	65	14	30	10
CPCT02230016T	19	164	3	5	4	12	15	69	0	26	39	41	51	0	5	16	11	0
CPCT02220029T	116	191	8	68	72	78	125	70	20	43	187	0	73	87	83	52	28	9
CPCT02140053T	109	169	0	33	79	3	59	17	16	134	33	40	24	5	50	31	47	10
CPCT02050285T	17	92	0	68	178	44	157	11	66	138	45	236	0	0	65	89	0	1
CPCT02050288T	94	159	22	26	116	48	132	8	50	117	68	126	0	31	32	26	0	12
CPCT02020637T	30	252	13	0	65	4	74	55	82	83	10	45	37	6	16	20	34	11
CPCT02010682T	39	8	2	11	66	11	192	32	19	8	78	13	48	93	41	9	20	9
CPCT02330066T	319	330	32	0	81	19	343	99	79	46	71	0	0	47	24	31	22	30
CPCT02330067T	6	81	7	0	37	12	130	21	0	0	3	41	36	11	13	11	9	3
CPCT02020599T	169	237	25	36	61	48	46	109	0	42	38	0	47	169	100	34	100	3
CPCT02030384T	12	62	4	10	70	23	38	40	71	91	33	97	3	8	22	32	5	8
CPCT02010419TII	92	97	8	915	396	52	418	0	248	0	18	161	18	0	27	4	43	38
CPCT02020493TII	52	165	13	562	356	62	593	0	195	0	35	0	14	0	3	32	15	29
CPCT02010691T	79	149	22	29	36	38	110	50	16	9	18	0	25	15	25	12	57	7
CPCT02210037T	71	61	0	397	165	34	73	9	154	27	35	39	48	11	40	13	0	13
CPCT02040191T	20	34	10	12	4	10	39	21	11	14	8	0	26	25	36	18	23	1
CPCT02190026T	58	86	2	1	23	16	58	45	20	14	26	24	26	20	44	19	12	12
CPCT02390008T	34	71	12	8	26	34	43	26	0	18	31	38	43	17	13	36	16	10
CPCT02190024T	86	146	11	32	97	60	40	69	0	117	44	28	21	34	37	44	23	32
CPCT02010694T	45	107	20	36	18	20	85	37	0	38	63	0	10	127	35	11	25	9
CPCT02230071T	9	14	0	0	44	0	114	12	59	16	6	73	0	1	8	9	25	0
CPCT02230074T	14	84	0	10	11	12	20	18	7	13	1	57	30	4	13	23	9	0
CPCT02100132T	38	233	5	28	159	22	76	83	61	146	33	242	6	27	38	55	0	14
CPCT02330071T	269	174	62	30	55	29	86	52	17	41	46	15	20	31	16	25	30	10
CPCT02380026T	70	152	30	100	138	71	146	34	0	128	57	65	77	69	73	49	47	23
CPCT02080170T	26	40	15	19	23	5	40	3	0	60	21	0	21	0	30	3	20	2
CPCT02380024T	94	162	26	11	37	23	38	33	18	34	51	40	25	55	26	32	32	52
CPCT02040207T	143	117	23	3	12	21	44	24	1	11	15	41	9	22	15	21	0	9
CPCT02340047T	12	18	0	92	84	20	93	16	9	21	11	50	15	0	0	7	0	5
CPCT02360008T	21	16	6	8	13	14	43	5	0	5	18	52	6	8	7	0	12	2
CPCT02080173T	0	10	6	15	8	10	31	19	0	31	3	25	3	8	10	14	0	2
DRUP01080009T	45	192	12	28	101	21	178	81	12	75	13	43	14	45	32	29	37	202
CPCT02030428T	16	98	3	4	9	7	69	55	0	22	11	25	7	27	1	5	10	9
CPCT02300028T	5	99	3	10	16	18	55	8	0	19	16	0	18	12	22	38	14	7
WIDE01010647T	27	76	20	2	100	45	23	7	18	106	66	104	21	7	32	38	13	9
WIDE01010448T	8	83	17	100	77	29	31	0	49	28	22	0	20	26	15	31	61	17
WIDE01010481T	59	38	0	259	293	47	34	0	102	70	79	83	0	12	43	29	18	40
WIDE01010468T	169	167	2	39	123	49	32	43	123	142	25	108	10	6	43	58	16	12
WIDE01010489T	28	28	0	41	47	17	22	6	22	38	59	21	70	51	27	22	26	14
WIDE01010478T	73	29	1	16	20	28	8	16	56	12	16	16	14	14	6	0	16	3
WIDE01010534T	51	42	22	29	40	41	26	0	0	62	63	0	27	59	27	41	38	4
WIDE01010547T	42	108	4	36	21	29	17	41	32	29	22	59	45	71	39	13	11	17
WIDE01010550T	20	56	10	23	95	32	22	0	34	137	34	23	28	31	32	51	0	21
WIDE01010584T	18	22	10	141	155	30	17	0	89	33	49	0	23	0	8	6	0	13
WIDE01010564T	68	120	11	28	26	12	15	16	14	54	26	0	28	29	25	32	37	12
WIDE01010574T	92	70	0	750	438	33	103	0	232	154	49	179	64	0	50	58	0	25
WIDE01010035T	7	8	1	4	11	1	20	45	26	0	11	23	20	20	0	24	12	4
WIDE01010613T	17	132	8	4	3	12	12	58	0	12	15	59	27	8	21	15	10	16
WIDE01010659T	42	32	9	12	11	14	20	19	0	10	30	7	26	28	11	38	13	11
WIDE01010649T	12	72	2	23	0	5	32	26	0	21	43	40	25	28	22	13	15	4
WIDE01010701T	143	227	26	31	89	38	27	103	43	28	34	26	18	55	70	47	35	19
WIDE01010702T	2	43	1	13	20	3	33	8	32	16	10	0	26	32	22	2	34	12
