MutationType	SP24708	SP24301	SP27201	SP28791	SP23739	SP24702	SP25332	SP28335	SP26709	SP25350	SP25380	SP24565	SP25833	SP25905	SP26439	SP24236	SP23925	SP24815	SP27957	SP27603	SP27825	SP24135	SP26499	SP25518	SP28659	SP23622	SP27939	SP23754	SP29697	SP27339	SP29559	SP29331	SP26475	SP23775	SP28275	SP28581	SP23639	SP24391	SP28041	SP25494	SP26649	SP78927	SP78913	SP107375	SP107408	SP107439	SP78816	SP78663	SP78709	SP107462	SP78951	SP107435	SP78679	SP107360	SP78819	SP78821	SP107552	SP78865	SP107470	SP78673	SP78824	SP107550	SP78718	SP107451	SP107557	SP107358	SP78731	SP107455	SP107549	SP78814	SP107357	SP78919	SP107453	SP78719	SP78662	SP107457	SP107404	SP78714	SP107454	SP107359	SP78664	SP78931	SP78815	SP107466	SP78901	SP107384	SP107467	SP78680	SP78672	SP107365	SP78660	SP78659	SP107449	SP78813	SP78953	SP78804	SP107460	SP107548	SP78730	SP78727	SP78822	SP78818	SP78923	SP107405	SP107437	SP78675	SP107371	SP107556	SP78807	SP78945	SP107480	SP107448	SP107436	SP79150	SP107546	SP107459	SP78823	SP78666	SP78721	SP78665	SP78935	SP107458	SP79160	SP107479	SP107377	SP78937	SP107444	SP79144	SP107469	SP107373	SP107406	SP107369	SP107403	SP107363	SP78955	SP78711	SP78677	SP78805	SP107461	SP107472	SP107356	SP78825	SP107468	SP78851	SP78726	SP107379	SP107474	SP107438	SP107478	SP78716	SP78676	SP107443	SP107361	SP107464	SP78717	SP78671	SP78817	SP107381	SP107463	SP107477	SP78661	SP78939	SP78674	SP107553	SP107555	SP107446	SP78713	SP78720	SP78947	SP78875	SP107554	SP107407	SP78820	SP78668	SP107547	SP79148	SP107386	SP78921	SP107545	SP107440	SP79066	SP107473	SP107362	SP78722	SP78729	SP107441	SP78873	SP47708	SP47990	SP48414	SP48135	SP47652	SP48888	SP48426	SP48480	SP48263	SP47628	SP47808	SP48850	SP48189	SP48073	SP48008	SP48504	SP48534	SP48010	SP79365	SP79237	SP79462	SP79201	SP79371	SP79439	SP79175	SP79354	SP79184	SP79312	SP79252	SP79294	SP79246	SP79458	SP79222	SP79178	SP79474	SP79387	SP79306	SP79270	SP79210	SP79427	SP79297	SP79368	SP79351	SP79300	SP79435	SP79288	SP79447	SP79403	SP79377	SP79327	SP79324	SP79359	SP79330	SP79391	SP79399	SP79243	SP79192	SP79395	SP79195	SP79318	SP79282	SP79261	SP79228	SP79431	SP79172	SP79234	SP79345	SP79342	SP79415	SP79407	SP79374	SP79291	SP79336	SP79380	SP79455	SP79181	SP79207	SP79190	SP79303	SP79258	SP79249	SP79321	SP79423	SP79219	SP79240	SP79255	SP79466	SP79357	SP79443	SP79285	SP79470	SP79309	SP79383	SP79187	SP79315	SP79264	SP79333	SP79204	SP79419	SP79198	SP79339	SP79411	SP79279	SP79451	SP79231	SP79225	SP79267	CPCT02030434T	CPCT02060161T	CPCT02030441T	CPCT02030426T	CPCT02100147T	CPCT02030445T	CPCT02060147T	CPCT02030453T	CPCT02090038T	CPCT02100151T	CPCT02100159T	CPCT02030465T	CPCT02100166T	CPCT02070311T	CPCT02030467T	CPCT02060225T	CPCT02060224T	CPCT02030466T	CPCT02070341T	CPCT02080225T	CPCT02030476T	CPCT02070351T	CPCT02070353T	CPCT02060247T	CPCT02060257T	CPCT02030506T	CPCT02050390T	CPCT02030483T	CPCT02030487T	CPCT02070373T	CPCT02050396T	CPCT02030510T	CPCT02030516T	CPCT02030537T	CPCT02030529T	CPCT02060246T	CPCT02030532T	DRUP01060020T	CPCT02060264T	CPCT02030399T	CPCT02050254T	CPCT02030392T	CPCT02030397T	CPCT02100121T	CPCT02100116T	CPCT02030385T	CPCT02030387T	CPCT02080162T	CPCT02100122T	CPCT02030386T	CPCT02030400T	CPCT02030396T	CPCT02050176T	CPCT02100081T	CPCT02100084T	DRUP01050008T	CPCT02100085T	CPCT02100092T	CPCT02100090T	CPCT02100094T	CPCT02100089T	CPCT02100101T	CPCT02100095T	CPCT02030368T	CPCT02030369T	CPCT02100108T	CPCT02030375T	CPCT02030377T	CPCT02030374T	DRUP01050003T	CPCT02330058T	CPCT02030417T	CPCT02100129T	CPCT02100134T	CPCT02030410T	CPCT02030421T	CPCT02030430T	CPCT02030416T
1:Del:C:0	32	34	39	21	24	27	6	27	9	27	42	23	34	27	10	56	23	38	30	33	33	61	20	61	76	33	24	12	15	24	47	44	28	60	12	31	35	34	38	157	23	4	2	11	10	43	1	3	1	5	10	5	11	2	0	11	3	2	4	4	3	3	7	0	1	5	2	3	0	9	10	4	3	0	5	5	6	6	4	14	6	0	2	7	2	30	8	4	2	6	0	1	9	3	0	7	5	6	3	4	13	4	1	12	4	5	20	4	1	3	2	4	7	1	3	2	0	3	0	0	6	5	1	1	3	28	2	6	3	8	30	5	23	8	1	0	2	2	3	4	4	3	1	13	16	15	10	9	8	10	5	0	8	5	1	1	0	5	4	3	4	2	5	2	7	5	5	9	2	5	9	18	5	0	2	3	8	2	0	2	11	3	6	2	2	9	2	8	9	11	14	7	2	3	11	3	5	11	48	11	3	17	6	12	8	0	1	2	1	1	1	0	0	0	2	1	2	2	2	6	0	0	0	2	1	0	0	3	0	1	0	1	1	0	0	1	0	0	1	0	2	1	0	0	1	0	0	2	0	0	0	0	4	0	0	1	1	0	0	5	1	2	0	1	0	0	0	1	0	1	0	1	0	0	0	1	2	1	0	2	1	0	1	4	1	2	1	0	2	2	1	0	0	2	20	14	30	24	34	39	75	34	24	26	35	26	44	32	45	78	18	22	43	51	86	18	46	29	22	31	89	35	32	66	192	18	38	31	23	47	93	75	17	21	31	155	29	34	70	86	38	255	15	34	40	31	79	62	47	28	23	30	30	14	16	75	9	34	39	11	18	11	35	117	53	32	24	32	41	46	112	37
1:Del:C:1	12	26	15	6	9	9	4	13	9	18	12	15	15	11	7	22	22	24	13	21	22	52	7	14	31	12	15	8	11	11	36	20	10	52	16	12	22	17	12	70	11	0	0	9	3	0	0	9	3	0	2	5	5	2	0	4	0	6	2	0	2	0	1	0	0	2	3	3	0	2	7	0	1	0	3	3	4	0	0	5	1	1	2	9	0	19	4	2	3	1	0	0	3	2	0	6	2	0	4	1	6	0	0	6	6	2	18	5	1	2	4	1	2	1	3	3	0	1	0	2	2	4	3	4	3	7	5	7	1	5	33	11	8	6	0	0	1	5	0	1	7	5	2	7	4	7	1	5	2	3	0	1	8	2	0	1	2	1	3	6	6	1	4	0	1	0	7	1	2	0	5	4	3	1	0	3	2	3	4	0	2	1	5	0	0	5	1	9	6	6	14	3	3	0	5	2	2	3	19	3	4	9	3	9	8	0	0	2	1	0	0	0	0	0	0	0	0	0	0	0	0	0	1	1	1	0	0	1	0	0	0	1	0	1	0	0	0	0	0	0	0	0	0	0	1	0	2	0	0	0	0	0	1	0	1	0	0	0	0	1	2	0	0	0	0	0	0	1	0	0	1	0	0	0	1	0	1	0	0	0	2	0	0	2	0	0	0	0	0	0	0	0	0	0	20	6	22	20	25	17	48	10	15	12	24	11	28	34	21	42	8	10	39	48	27	15	14	14	15	11	56	13	22	59	78	8	14	22	9	36	49	31	15	11	16	66	16	20	45	37	28	57	9	11	22	15	51	18	26	24	12	7	20	8	10	25	9	15	15	10	18	9	9	36	29	21	8	18	18	24	48	13
1:Del:C:2	3	5	10	1	1	5	1	9	4	7	4	3	3	6	0	6	10	9	6	6	8	20	3	9	38	2	4	1	2	2	24	4	6	17	9	5	9	7	3	27	7	0	1	3	0	1	0	2	0	0	0	2	2	2	0	1	2	0	3	0	2	2	1	0	0	0	1	0	1	2	3	2	1	0	1	2	3	0	0	2	0	1	0	2	0	15	0	0	2	0	1	1	3	0	1	2	2	0	0	1	2	1	0	5	1	1	7	1	1	0	0	2	3	0	3	1	0	0	2	1	0	3	1	1	1	6	2	3	0	4	17	5	3	1	2	0	0	3	1	0	5	1	1	6	2	7	1	0	0	4	1	2	4	1	0	2	0	2	4	0	0	0	2	0	1	2	2	0	0	0	4	2	1	0	0	1	1	1	3	2	2	2	3	0	0	2	0	5	1	1	4	0	1	1	5	0	1	3	8	5	1	2	3	1	1	1	0	0	0	0	1	0	0	0	0	0	0	0	0	0	1	0	0	0	1	0	0	0	0	0	0	0	0	0	0	0	0	0	0	0	2	0	0	0	1	0	0	0	0	0	0	0	0	0	0	1	1	0	0	1	0	1	0	0	1	0	0	0	0	0	1	0	1	0	0	0	1	1	1	1	0	0	0	0	0	0	1	0	0	0	0	0	0	0	9	2	6	9	3	8	9	6	11	9	8	5	16	29	7	16	3	1	14	22	10	1	7	6	8	8	23	7	5	26	30	6	11	7	4	23	34	17	5	4	5	27	7	8	27	29	8	43	1	8	13	5	40	8	12	12	5	6	9	2	4	11	5	7	6	1	7	4	3	22	17	4	6	10	8	10	27	2
1:Del:C:3	4	4	1	1	1	3	2	5	2	8	5	3	3	5	1	5	4	7	2	1	1	12	1	4	10	3	2	1	3	6	11	4	1	11	2	1	5	3	1	33	3	1	0	2	3	0	1	1	1	4	1	0	1	1	0	1	0	0	2	0	2	0	0	0	0	1	0	1	0	0	1	2	0	0	0	0	3	0	0	0	1	0	0	1	1	9	0	0	0	0	0	0	1	0	0	3	1	5	0	0	1	0	0	1	3	0	7	2	2	1	2	0	0	0	0	1	0	1	0	0	0	1	0	1	3	4	0	1	0	0	9	4	0	0	0	0	0	1	0	0	0	0	0	2	2	6	3	1	2	1	0	0	1	0	0	0	1	0	2	1	0	0	1	0	2	1	0	2	1	0	1	2	3	1	0	0	1	0	1	2	0	0	0	0	1	2	0	0	2	1	2	2	2	0	5	2	0	4	4	3	0	2	2	2	0	0	0	0	0	0	0	0	0	0	0	0	0	0	0	0	0	1	0	1	0	1	0	0	0	0	0	0	0	0	0	0	0	0	0	0	0	0	0	0	0	0	0	0	0	0	0	0	0	0	1	0	0	0	0	0	0	0	0	0	0	0	0	0	0	0	0	0	0	0	0	1	0	0	0	1	0	0	0	0	0	0	0	0	0	0	0	0	0	0	3	0	2	4	4	3	13	1	1	1	2	1	10	9	5	10	3	3	11	6	8	2	6	4	1	4	17	5	7	19	20	3	0	5	4	17	31	10	3	3	1	66	7	3	8	11	2	41	1	1	2	2	18	2	4	9	2	0	4	3	2	10	5	1	7	2	3	2	2	22	10	0	0	5	2	3	31	1
1:Del:C:4	1	4	2	3	0	1	0	1	1	3	7	2	1	2	0	3	6	3	2	1	6	9	3	2	3	2	0	1	1	1	4	3	6	7	3	4	4	3	3	15	1	0	1	1	1	0	0	0	0	0	2	1	3	1	1	0	0	0	2	0	0	1	1	0	1	0	0	0	0	1	3	0	0	0	0	1	3	0	0	3	2	0	0	1	0	4	0	0	0	0	0	1	1	1	0	0	0	0	1	1	1	0	0	2	2	1	4	0	1	0	0	0	1	0	0	1	0	0	0	0	0	1	0	0	1	1	1	3	0	2	4	3	3	2	0	0	0	0	1	0	2	0	0	3	2	2	1	1	1	1	0	0	3	1	0	0	0	0	3	1	1	1	1	0	1	0	0	0	0	0	0	0	0	0	0	1	0	0	0	1	1	1	1	0	0	1	1	1	0	2	4	0	0	0	4	3	1	2	2	1	3	4	1	4	0	0	0	0	0	0	0	0	0	0	0	0	0	0	0	0	0	0	0	0	0	0	0	0	0	1	0	0	0	0	0	0	0	0	0	0	0	0	0	0	1	0	0	1	0	0	0	0	0	0	1	0	0	0	0	0	0	0	0	0	0	0	0	0	0	0	0	0	0	0	0	0	0	0	0	1	1	0	0	0	0	0	0	0	0	0	0	0	0	0	2	1	3	1	0	3	6	1	3	4	5	5	8	3	2	5	0	0	3	3	6	0	1	3	2	3	9	3	1	5	20	2	4	5	1	11	38	4	1	2	2	172	5	3	7	8	2	65	1	4	5	1	12	3	4	3	0	2	0	1	3	13	3	0	1	3	2	2	2	22	2	1	1	3	3	2	76	2
1:Del:C:5	9	10	9	1	1	4	2	4	2	7	7	2	4	2	1	1	15	3	6	6	6	3	0	8	6	4	5	0	4	2	2	6	6	5	4	7	9	5	8	14	8	0	1	1	6	0	0	0	0	1	2	2	2	2	0	1	1	1	1	0	0	0	0	1	0	1	0	1	1	1	2	0	1	1	0	3	2	0	0	3	0	0	0	0	3	3	1	0	0	2	0	1	1	0	0	0	1	1	0	0	1	0	0	1	2	2	3	0	0	0	0	0	0	0	2	0	0	0	0	1	0	0	0	1	1	3	0	2	0	1	5	6	3	6	0	0	0	1	1	0	3	1	1	3	0	4	0	1	0	1	0	0	8	0	0	0	0	2	2	0	2	1	1	0	0	0	0	1	0	0	2	3	0	0	0	1	0	1	0	0	0	1	1	0	1	1	0	2	1	1	2	2	0	0	2	2	0	2	3	6	0	2	4	4	2	0	0	0	0	0	0	0	0	1	0	1	0	1	1	0	0	0	0	0	0	0	0	1	0	0	0	0	0	0	0	0	0	0	0	0	1	0	0	0	0	0	0	0	0	0	0	0	0	0	0	0	0	0	0	0	0	0	0	0	1	0	0	0	0	0	0	0	0	0	0	0	0	0	0	0	1	0	1	0	0	0	0	0	0	0	0	0	0	0	4	2	10	7	8	10	9	16	3	10	4	4	58	2	8	16	2	2	5	10	14	3	12	4	0	6	7	10	16	16	80	5	11	9	6	13	176	11	3	6	9	962	1	13	18	11	4	243	2	11	9	8	9	5	11	2	11	10	7	2	12	116	2	12	6	3	10	2	5	105	7	12	4	7	7	10	432	8
1:Del:T:0	16	24	17	8	10	20	5	15	6	16	18	6	16	10	12	20	24	15	16	20	21	71	9	26	60	17	22	6	11	14	49	18	21	51	9	24	17	18	22	104	18	0	0	11	1	35	1	2	4	1	1	6	2	4	1	5	2	1	2	4	1	0	1	4	0	4	0	1	0	4	13	2	3	0	0	0	2	2	0	8	1	0	1	5	0	50	4	0	1	3	3	1	2	2	0	3	1	3	3	4	14	2	0	9	5	3	9	3	5	0	1	1	3	1	3	2	1	1	0	4	2	5	1	0	7	7	2	6	0	7	37	8	17	8	1	0	0	3	0	0	11	3	6	8	3	11	0	2	1	7	4	0	10	8	1	4	0	8	5	3	5	0	2	1	1	1	2	3	3	0	5	9	2	0	1	2	8	3	2	0	0	0	8	1	2	2	2	14	7	8	9	6	1	3	11	5	6	4	19	7	10	10	5	10	3	0	0	1	1	1	0	0	0	0	0	1	1	0	3	2	0	0	0	1	0	0	0	0	0	1	0	0	0	1	0	1	0	1	0	0	1	0	0	0	3	0	0	1	0	1	0	1	4	1	0	0	1	0	0	4	0	0	0	0	2	0	0	1	1	1	0	1	1	0	0	0	1	0	0	2	2	0	0	1	0	1	0	1	0	0	0	1	0	0	19	9	19	19	19	24	53	31	21	11	17	20	47	54	28	45	16	4	40	72	32	12	14	18	18	16	66	23	16	69	55	29	21	31	22	49	67	36	15	27	12	100	17	28	74	52	20	36	14	14	28	24	97	24	30	41	24	19	21	6	11	42	14	32	17	16	22	11	19	46	34	18	16	18	25	25	65	16
1:Del:T:1	9	12	8	0	2	10	4	5	1	4	11	3	9	3	5	8	8	10	10	11	9	48	7	15	36	3	7	1	7	7	33	12	10	31	5	7	12	9	9	83	8	0	0	4	3	7	0	3	1	1	1	4	2	2	1	3	2	2	1	2	0	1	0	2	1	1	0	0	2	2	5	0	1	0	0	2	2	1	1	2	1	0	2	2	0	26	0	0	0	1	1	3	1	0	0	0	3	0	4	1	2	0	0	2	0	2	16	4	0	1	0	2	1	0	0	0	2	2	0	4	1	1	2	0	3	4	0	4	0	2	36	2	10	1	1	0	0	3	0	0	2	3	1	3	2	3	2	1	2	2	2	0	1	3	1	2	0	6	4	0	3	0	2	0	2	1	2	0	0	0	2	3	1	1	0	1	2	3	0	0	1	1	3	0	1	1	0	1	3	7	4	3	0	1	8	4	2	7	7	2	4	5	2	2	3	1	0	0	1	0	0	0	0	0	1	0	0	1	0	1	0	0	0	0	1	0	0	0	0	0	0	0	0	0	0	0	0	0	0	0	0	0	0	0	1	0	1	0	0	0	0	1	1	0	0	0	0	0	0	2	0	0	0	0	2	0	0	0	0	0	0	0	0	0	0	0	0	2	0	0	0	0	0	2	0	0	1	0	0	0	0	1	0	0	6	2	6	5	17	12	48	12	24	7	6	6	35	43	11	36	7	6	44	43	13	8	4	5	19	7	39	6	7	50	39	8	8	9	11	42	69	24	7	6	5	35	4	13	36	45	11	19	10	15	7	6	49	12	15	28	12	9	10	10	13	12	10	8	9	9	10	8	9	21	25	10	4	11	9	12	30	4
1:Del:T:2	12	8	8	6	6	14	2	7	3	5	12	7	10	8	5	21	13	14	18	17	16	31	6	15	44	8	8	9	9	6	39	11	8	40	8	8	8	10	11	58	11	0	1	3	1	5	1	1	1	4	3	6	6	1	4	6	0	0	1	0	1	0	1	0	3	3	1	0	0	3	5	0	2	0	1	2	2	0	0	6	3	0	0	1	1	15	0	0	1	3	3	1	3	3	0	2	3	1	1	0	5	1	1	3	3	0	11	3	0	0	0	1	0	0	1	1	0	0	0	1	2	2	2	0	2	5	3	4	0	2	28	7	5	1	0	0	2	2	1	1	5	2	1	4	2	6	2	1	2	1	2	0	4	4	1	1	0	6	2	1	1	3	1	0	2	0	2	2	1	1	5	6	1	2	2	2	0	1	1	0	1	0	3	0	0	0	1	2	2	5	6	2	1	1	3	2	5	7	23	5	2	7	0	3	2	0	1	1	1	0	1	1	1	0	0	0	1	0	0	1	2	0	0	1	0	0	0	0	0	0	0	0	0	0	0	0	0	0	0	0	0	0	0	0	3	0	0	0	0	0	1	0	2	1	0	0	0	0	0	1	0	2	0	0	0	0	0	2	0	0	0	0	0	0	0	0	0	0	0	0	0	0	0	0	0	1	1	0	0	0	0	0	0	0	10	8	9	9	8	11	36	13	13	5	10	12	25	24	7	28	5	3	15	29	16	3	10	7	15	8	47	9	10	49	47	5	12	8	10	27	195	26	10	11	9	65	4	18	53	33	11	41	7	17	12	21	51	12	11	26	9	15	13	7	4	25	8	7	13	1	2	5	8	88	18	11	2	10	9	13	49	9
1:Del:T:3	14	15	14	8	11	16	4	13	2	17	14	6	11	6	5	37	11	23	4	8	16	23	10	28	29	9	10	4	5	9	24	12	9	23	7	11	11	13	20	67	6	0	2	5	5	4	0	3	1	2	2	2	9	2	1	4	0	0	0	3	0	1	1	3	3	1	0	1	1	2	6	2	2	0	1	2	2	0	1	3	1	1	1	1	0	18	4	1	0	0	0	1	5	1	1	2	2	2	2	3	5	1	2	8	2	1	5	2	2	2	3	2	3	0	2	1	0	2	0	2	2	5	0	1	2	11	1	6	0	4	17	3	10	5	0	0	1	2	2	2	1	4	1	4	6	8	1	0	4	7	4	1	7	3	0	1	2	3	5	2	1	0	3	0	4	1	8	0	0	0	6	9	1	1	0	3	5	2	2	3	3	3	6	0	1	3	0	3	3	4	9	2	1	0	5	5	2	3	26	4	6	1	1	2	3	0	1	0	2	0	0	1	1	1	0	1	0	1	0	1	0	0	0	1	0	0	0	1	0	0	1	1	1	0	0	0	0	0	1	0	1	1	0	0	0	0	0	0	0	0	0	0	1	0	0	1	1	0	0	2	1	1	1	0	1	1	0	0	0	0	1	0	0	0	0	0	0	1	0	1	0	0	0	0	1	0	0	0	0	0	0	0	0	0	18	5	11	11	13	16	34	10	7	13	12	13	18	16	10	29	8	3	20	22	24	5	23	8	13	7	48	8	10	34	48	7	14	18	10	25	342	24	6	6	6	103	11	11	31	25	17	66	7	11	17	15	25	26	11	18	5	16	9	7	5	47	7	5	9	11	7	4	8	272	11	11	6	17	11	12	91	12
1:Del:T:4	16	12	12	4	6	4	1	10	4	8	14	6	7	9	3	19	22	22	6	15	9	13	3	19	12	10	8	1	9	7	24	11	15	14	5	4	8	18	9	55	5	1	2	7	6	2	0	0	2	7	2	5	3	5	1	6	2	1	0	1	1	3	4	0	0	4	2	1	0	4	9	1	3	0	0	3	6	2	1	7	0	1	2	5	2	12	3	0	0	1	1	4	5	3	1	2	2	1	4	2	5	2	0	5	11	4	12	2	3	1	1	2	1	0	4	2	1	1	1	4	0	2	3	1	6	14	1	3	0	7	21	10	14	3	0	0	0	3	0	3	2	0	1	9	7	8	3	3	0	6	3	0	9	5	0	2	1	3	6	0	1	1	2	0	4	3	4	2	2	1	3	13	1	0	1	2	3	0	0	0	2	3	3	0	2	3	2	6	2	3	13	4	0	0	6	2	3	5	13	6	4	10	3	2	2	0	0	0	1	0	0	0	0	0	0	0	2	1	0	1	0	1	0	0	0	0	0	0	0	0	0	0	0	0	0	1	0	0	0	0	0	0	0	0	1	1	1	0	0	1	0	1	2	0	0	1	1	0	0	2	0	0	0	0	1	0	0	0	0	1	0	0	0	0	0	1	0	1	0	0	0	0	1	1	0	0	1	0	0	1	0	0	0	2	8	5	6	6	17	8	21	12	9	12	17	18	40	13	9	18	8	15	13	16	22	12	10	4	11	12	35	8	19	19	47	4	9	8	10	17	486	21	11	10	5	274	19	9	21	15	13	186	7	6	14	9	27	14	13	10	9	13	11	3	7	81	10	12	11	11	11	6	8	352	15	11	4	12	9	13	239	11
1:Del:T:5	55	76	90	20	22	56	15	29	21	48	81	16	32	18	16	100	124	82	54	39	78	79	28	83	95	48	28	17	38	33	18	66	51	75	18	62	57	46	94	150	44	4	2	11	37	9	2	6	6	8	8	16	39	31	3	8	1	2	23	4	3	7	27	6	5	5	4	4	5	4	57	4	10	2	4	4	42	11	5	45	3	9	3	24	13	43	4	2	3	12	4	9	5	5	3	3	18	1	25	8	21	7	2	34	54	7	50	14	7	2	8	3	6	2	32	14	1	6	4	6	9	15	2	6	21	20	3	8	1	12	31	51	59	39	1	0	7	1	1	6	18	10	5	24	9	76	9	3	4	47	27	0	52	30	4	4	7	37	32	7	20	5	13	2	8	7	39	6	4	3	7	74	5	4	1	36	38	9	4	9	6	4	22	2	4	7	2	13	8	8	43	9	1	0	18	2	3	19	36	39	13	33	29	15	7	3	5	0	0	0	0	0	0	1	4	2	3	2	2	2	1	3	0	0	1	1	0	0	0	1	1	1	0	0	1	2	0	1	1	0	3	0	0	1	1	0	0	1	0	1	1	1	3	1	2	1	3	0	0	1	1	2	1	1	0	0	1	0	2	4	0	1	0	0	0	0	4	1	1	2	1	1	0	2	2	2	3	1	0	2	0	2	1	1	84	20	75	89	75	49	71	101	17	78	65	50	785	19	75	122	20	23	61	79	126	20	80	57	14	54	132	78	77	190	921	24	72	70	46	207	3819	65	47	78	47	9854	40	71	146	64	54	3645	42	94	99	71	46	55	87	13	68	69	67	18	109	2287	20	95	58	40	65	11	49	2156	86	90	29	45	69	79	6797	73
1:Ins:C:0	1	6	1	1	0	2	1	2	1	1	1	0	3	0	1	2	1	0	4	4	2	2	1	2	3	1	0	0	1	1	1	1	0	1	1	0	3	1	1	4	2	0	0	0	1	37	0	0	0	1	0	0	0	3	0	1	0	0	0	0	0	1	1	0	0	0	1	0	0	0	3	0	2	0	0	0	2	0	0	1	0	0	0	0	0	3	0	0	0	0	0	0	0	1	0	1	1	0	0	0	1	0	0	0	2	0	3	1	0	1	0	0	0	0	2	1	0	0	0	0	0	0	0	0	0	0	1	0	0	3	1	1	1	1	0	0	0	1	0	0	1	0	0	4	0	3	1	0	1	1	0	0	1	0	0	0	0	0	4	0	0	0	0	0	1	1	1	1	1	0	2	3	0	0	1	0	0	0	1	0	0	0	1	0	1	0	3	1	1	0	2	0	0	1	1	1	0	0	2	0	0	1	0	1	0	0	0	0	0	0	0	0	0	0	0	0	0	0	0	1	0	0	0	0	0	0	0	0	0	0	0	0	0	0	0	0	0	0	0	0	0	0	0	0	1	1	0	0	0	0	0	0	0	0	0	0	0	0	0	0	0	0	0	0	0	0	0	0	0	0	0	0	1	0	0	0	0	1	0	0	0	0	0	0	0	0	0	0	0	0	0	0	0	0	3	4	1	3	5	1	2	1	3	4	1	2	2	6	2	6	8	0	4	4	3	0	3	2	2	2	2	1	3	3	9	6	3	7	2	2	212	5	0	4	4	41	2	3	6	4	6	22	3	2	4	3	2	5	3	3	1	6	4	5	3	49	5	2	0	1	2	2	2	219	6	4	3	3	2	4	50	2
1:Ins:C:1	1	0	0	1	2	3	0	2	2	2	1	2	2	3	0	2	1	3	2	3	1	8	2	0	5	4	0	2	1	1	1	3	2	5	1	3	0	1	4	9	1	0	0	0	1	1	0	0	0	0	0	0	2	1	0	3	3	0	0	1	0	0	1	0	0	0	1	0	0	0	0	0	0	0	0	0	0	0	1	1	0	0	0	0	0	2	1	0	0	3	0	0	0	0	1	0	0	0	1	0	1	0	0	0	3	1	3	1	0	1	0	0	1	1	0	0	0	0	0	0	2	4	0	0	2	1	0	1	0	2	5	0	3	4	1	0	0	1	0	0	1	1	0	1	2	0	0	1	0	2	0	0	1	2	0	0	0	2	1	1	1	1	1	0	0	1	1	0	0	0	0	2	0	1	0	0	0	0	1	1	0	2	4	0	0	1	0	0	0	1	1	1	0	0	0	0	0	1	1	1	0	0	1	1	0	0	0	0	0	0	0	0	0	0	1	0	0	0	0	0	0	0	0	0	1	0	0	0	0	0	0	0	1	0	0	0	0	0	1	0	0	0	0	0	0	0	0	0	0	0	0	0	0	0	0	0	0	0	0	1	0	0	0	0	0	0	0	0	0	0	0	0	0	0	0	0	0	0	0	0	0	0	1	0	0	0	0	0	0	1	0	0	0	0	4	1	4	4	3	0	2	2	2	1	2	4	6	4	2	7	3	0	8	3	4	2	0	4	2	4	5	1	3	4	4	4	2	3	1	1	86	4	1	1	0	11	2	4	4	6	9	11	2	2	6	2	8	2	3	4	3	3	5	2	2	18	1	3	3	0	3	2	0	56	7	2	2	3	1	3	11	2
1:Ins:C:2	1	2	0	0	0	1	0	0	1	3	3	2	3	1	0	3	2	0	4	1	0	3	0	1	1	1	0	0	2	1	3	1	1	1	4	1	5	1	0	6	0	1	0	1	0	0	0	0	0	0	0	0	0	2	0	0	0	0	0	0	0	0	0	0	1	0	0	0	0	0	2	2	0	0	0	0	0	0	1	1	0	1	0	1	1	3	0	0	0	0	0	0	0	0	1	0	1	0	0	1	0	0	0	2	1	1	1	2	0	0	0	0	0	0	0	0	0	0	0	1	0	2	0	1	0	1	2	0	0	1	6	0	1	3	0	0	1	1	0	0	0	2	0	1	0	0	0	0	0	2	0	0	1	3	0	0	0	0	2	1	0	0	2	0	0	0	1	0	0	0	1	0	0	0	0	0	0	0	1	0	1	1	1	0	0	0	1	0	1	1	0	0	0	1	2	0	0	3	1	1	1	1	0	1	0	0	0	1	0	0	0	0	0	0	0	0	0	0	0	0	0	0	0	0	0	0	0	0	0	0	0	0	0	0	1	2	0	0	0	0	0	0	0	0	0	0	0	0	0	0	1	1	0	0	0	0	0	0	0	0	0	1	0	0	0	0	0	0	0	0	0	0	0	0	0	0	0	0	0	0	0	0	0	0	0	0	0	0	0	0	0	1	0	0	2	1	3	1	0	3	1	2	0	1	2	1	4	6	2	1	2	0	3	4	6	1	3	2	2	0	1	2	0	4	2	0	3	1	0	1	104	1	1	0	3	6	2	1	2	6	4	5	0	1	4	2	6	1	3	4	0	1	0	0	0	16	1	1	3	0	1	0	3	52	1	2	4	1	0	1	6	0
1:Ins:C:3	0	2	0	1	0	2	0	0	1	0	1	0	1	0	1	1	2	1	0	0	1	0	1	1	2	0	0	0	0	0	0	0	1	2	1	2	0	1	2	4	0	0	2	2	0	0	0	0	0	0	0	1	0	0	0	0	0	0	0	0	0	0	1	0	0	0	0	0	0	0	0	0	0	0	0	0	0	0	0	0	0	0	0	0	0	3	0	0	0	0	0	0	0	1	0	1	0	0	1	0	0	1	0	0	1	0	1	0	0	0	0	0	0	0	0	0	0	0	0	0	0	1	0	0	1	0	0	0	0	3	2	2	1	1	1	0	0	0	0	0	0	2	0	3	0	1	0	0	0	1	0	0	0	1	0	1	0	0	0	0	0	0	0	0	0	0	0	0	0	0	0	1	1	0	1	0	0	0	0	0	0	0	0	0	0	1	0	0	0	1	0	1	0	0	0	0	0	0	0	0	1	1	1	0	0	0	0	0	0	0	0	0	0	0	0	0	0	0	0	0	0	0	0	0	0	0	0	0	0	0	0	0	0	0	0	0	0	0	0	0	0	0	0	0	0	0	0	0	0	0	0	0	0	0	0	0	0	0	0	0	0	0	0	0	0	0	0	0	0	0	0	0	0	0	0	0	0	1	0	0	0	0	0	0	0	0	0	0	0	0	0	0	0	0	0	0	1	2	2	1	2	4	0	0	0	1	3	3	5	0	2	1	2	3	1	1	3	0	0	1	2	0	1	6	5	2	3	2	0	0	131	2	1	1	2	7	1	1	4	1	3	10	2	1	5	8	2	2	2	1	3	0	2	0	1	19	1	1	2	0	0	1	1	84	2	0	1	2	1	1	5	5
1:Ins:C:4	0	1	3	0	0	0	0	1	3	1	0	0	1	0	1	0	0	1	1	2	0	1	0	1	1	0	2	2	0	1	2	0	0	2	0	0	0	2	1	5	1	0	0	0	1	0	0	0	0	3	0	0	0	0	0	0	0	0	1	0	0	1	1	1	0	0	0	0	0	1	0	0	0	0	0	1	0	0	0	0	1	0	0	0	1	0	0	0	0	1	0	0	0	1	0	1	0	0	0	0	4	0	0	0	1	0	0	1	0	1	0	0	0	0	0	1	0	0	0	2	0	0	0	0	0	1	0	0	0	0	2	1	1	0	1	0	0	0	0	0	0	0	0	0	1	0	0	0	0	0	0	0	1	0	1	0	0	0	0	0	0	0	0	0	0	0	0	1	0	0	1	0	0	0	0	0	0	0	1	0	0	1	0	0	0	2	0	0	0	0	0	0	1	0	1	0	0	1	1	0	0	0	1	1	0	0	0	0	0	0	0	0	0	0	0	0	0	0	0	0	0	0	0	0	0	0	1	0	0	0	0	0	0	0	0	0	0	0	0	0	0	0	0	0	0	0	0	0	0	0	0	0	0	0	0	0	0	0	0	0	0	0	0	0	0	0	0	0	0	0	0	0	0	0	0	0	0	0	0	0	0	0	0	0	0	0	0	0	0	0	0	0	0	0	2	0	2	1	1	0	2	3	0	2	1	1	8	1	5	1	1	1	2	1	0	2	2	1	0	1	2	2	1	1	11	0	3	3	0	1	286	3	0	1	0	39	0	1	0	1	0	20	0	0	2	2	0	1	0	1	0	0	2	2	1	75	2	2	0	0	0	1	0	131	1	1	0	1	3	0	26	1
1:Ins:C:5	2	5	4	5	2	0	3	3	3	5	6	0	2	1	1	6	3	3	1	1	0	3	2	3	3	1	2	1	3	0	4	3	1	0	2	3	2	2	2	4	1	0	0	2	4	0	0	6	2	5	2	4	1	4	1	1	0	2	2	0	2	4	2	2	3	0	0	0	1	2	5	2	1	0	1	2	4	3	2	3	2	1	0	1	4	5	0	0	0	1	0	0	2	0	0	1	2	3	5	1	4	2	1	5	6	2	7	1	1	2	0	4	4	0	8	1	1	0	0	2	4	6	0	3	5	1	3	2	1	1	4	0	4	4	1	1	0	5	0	0	0	1	0	10	4	5	4	1	2	5	1	0	1	3	3	2	0	3	0	4	2	0	6	1	2	2	7	2	1	1	4	2	4	0	1	4	9	9	1	2	0	3	1	0	2	4	2	2	1	1	3	4	4	1	1	0	0	1	3	3	2	0	2	2	1	0	0	0	0	0	0	0	0	0	1	0	1	1	0	0	0	0	1	0	0	1	0	0	1	0	0	0	0	1	0	0	0	0	0	0	0	0	0	1	2	0	0	0	0	0	0	0	0	0	0	0	0	0	0	0	0	0	1	0	0	0	0	0	0	0	0	0	1	0	0	0	0	0	0	0	0	0	0	1	0	0	0	0	0	0	0	0	1	0	14	3	5	4	0	2	5	4	2	2	4	2	32	1	6	4	5	1	5	2	2	4	3	2	4	3	8	4	4	6	44	3	5	5	4	8	2683	4	2	4	2	445	7	3	4	7	3	210	6	3	5	3	3	8	5	3	5	4	4	6	3	683	9	5	3	13	3	0	4	1709	2	2	3	5	2	6	336	5
1:Ins:T:0	1	2	5	0	1	4	1	1	2	2	3	0	3	0	3	2	2	1	1	1	2	7	2	1	4	0	1	0	0	2	1	1	4	3	4	1	2	1	2	5	1	0	1	1	1	55	0	0	0	1	0	0	3	1	0	2	0	0	0	0	0	0	3	1	0	0	0	0	0	1	7	0	0	0	1	1	1	0	0	4	0	0	0	0	1	3	1	0	0	0	0	0	0	0	0	0	0	2	1	1	0	0	0	0	3	0	2	0	0	0	0	0	1	0	2	1	1	1	0	0	0	0	0	0	0	2	1	0	1	1	4	3	3	6	0	0	0	0	2	0	1	1	0	1	1	3	2	0	0	0	0	0	3	0	0	1	1	1	0	0	2	1	0	0	2	1	0	0	1	0	2	2	0	0	1	0	4	3	0	0	0	1	0	1	1	0	0	0	0	2	3	0	2	1	2	0	0	1	2	1	0	0	0	0	0	0	0	0	0	0	0	0	0	0	0	0	0	0	0	1	0	0	0	0	0	0	0	0	1	0	0	0	0	0	0	0	0	0	0	0	0	0	0	0	0	0	0	0	0	0	0	0	1	0	0	0	0	0	0	1	0	0	0	1	0	1	0	0	0	0	0	0	0	0	0	0	0	0	0	0	0	0	0	1	0	0	0	0	0	0	0	1	0	0	7	2	6	5	5	0	6	6	2	3	1	3	20	6	1	5	7	1	5	8	4	4	4	3	6	2	6	2	5	4	22	3	7	7	6	8	1448	12	3	4	2	87	2	4	5	10	8	54	4	2	7	6	4	4	9	6	5	7	4	2	2	85	0	5	8	3	7	0	5	703	5	2	2	1	4	4	61	3
1:Ins:T:1	4	3	2	1	3	6	3	7	2	5	4	2	5	3	6	6	7	9	6	5	5	15	9	3	10	4	7	5	3	4	7	7	7	20	4	6	4	5	5	22	4	2	1	2	3	10	0	3	0	3	2	2	0	1	0	1	2	2	0	1	0	1	2	1	1	4	2	1	0	2	3	1	0	1	2	3	3	1	0	3	1	1	0	5	2	12	0	0	0	7	2	0	2	0	0	0	3	2	4	0	1	0	0	6	2	2	2	3	0	1	0	2	2	0	2	1	0	1	1	0	0	1	1	1	6	4	1	1	1	6	14	6	13	6	0	0	1	0	1	1	4	1	3	4	2	5	1	0	2	6	1	0	5	4	1	4	1	4	4	1	0	2	0	0	0	0	3	1	1	0	3	9	3	1	0	0	2	0	0	2	0	0	3	1	1	1	0	6	2	1	1	1	1	0	6	1	2	2	5	2	3	2	4	5	0	0	0	0	1	0	0	0	0	0	0	0	0	0	0	1	0	0	0	0	1	0	0	1	1	1	1	0	0	0	1	0	0	0	0	0	1	0	0	0	2	0	0	0	0	0	0	0	1	0	0	0	0	1	0	0	0	1	0	0	0	1	0	0	1	0	0	0	0	0	0	0	0	0	0	0	0	0	1	0	0	0	0	0	0	0	0	2	0	0	3	2	11	12	8	4	10	7	8	2	5	10	12	10	9	7	8	1	10	9	11	3	16	7	4	5	19	11	6	11	15	14	10	11	6	6	416	6	6	7	7	21	8	3	13	12	10	23	3	4	15	11	10	4	14	11	6	5	10	1	6	19	4	11	9	4	6	5	7	298	9	5	3	8	9	4	14	5
1:Ins:T:2	0	1	2	2	1	3	6	0	0	2	3	1	0	2	4	0	1	0	1	3	3	7	2	1	3	0	3	1	2	0	2	2	0	9	1	2	2	2	1	14	1	0	0	0	1	4	1	1	0	0	0	0	0	1	1	1	1	0	0	1	0	0	0	0	0	0	1	1	1	1	1	1	2	0	0	0	1	0	0	0	0	0	0	2	0	6	0	0	0	1	0	0	2	0	0	0	0	0	2	0	0	0	0	0	0	0	1	0	0	1	0	0	0	0	0	1	0	0	1	2	0	0	1	3	0	1	1	1	0	0	1	2	4	5	0	0	0	1	0	0	2	0	2	3	0	2	1	0	0	1	0	0	4	2	0	2	0	4	2	2	1	0	2	0	0	0	1	0	0	0	3	0	0	0	0	1	0	1	2	1	0	0	1	0	0	0	0	1	4	0	2	1	0	0	2	0	0	2	3	2	1	1	1	1	1	0	0	0	0	0	0	0	0	0	0	0	0	0	0	0	0	0	0	0	0	0	0	0	0	0	0	0	0	0	0	0	0	0	0	0	0	1	0	0	0	0	0	0	0	0	0	0	0	0	0	0	0	0	0	0	0	0	0	0	0	0	0	0	0	0	1	0	0	0	0	0	0	0	0	1	0	0	0	0	0	0	0	0	0	0	0	0	0	0	3	2	3	2	1	1	0	4	0	5	2	2	10	8	5	3	2	0	3	8	1	1	2	2	3	2	4	2	1	5	17	4	3	4	4	1	455	5	6	2	1	78	5	3	5	5	1	50	4	1	4	0	8	0	2	5	1	4	2	1	1	56	3	5	4	2	3	2	2	259	1	3	1	1	1	2	29	0
1:Ins:T:3	1	2	1	0	0	1	4	0	3	1	1	0	2	0	0	6	3	0	1	0	1	3	1	2	5	4	1	1	3	2	3	2	1	7	1	0	1	2	6	12	3	0	0	2	3	2	0	0	1	1	0	4	0	1	0	0	1	1	0	0	0	1	1	1	1	1	1	1	0	0	3	1	1	0	0	1	0	0	1	0	0	2	0	0	3	3	2	0	0	2	0	1	0	0	0	2	1	1	1	0	4	0	0	1	1	1	1	3	0	0	0	0	0	0	1	1	0	1	0	0	0	3	1	0	4	2	1	1	0	1	3	2	1	1	0	1	0	0	0	0	1	0	0	4	0	0	0	1	0	2	2	0	1	3	0	1	0	2	2	0	1	0	2	0	0	0	0	1	0	1	0	0	0	0	0	1	2	1	0	0	0	0	3	1	2	1	1	1	1	2	1	0	1	0	0	1	0	2	3	1	0	1	0	0	0	0	0	0	0	0	1	0	0	0	0	0	1	0	0	0	0	0	0	1	0	0	0	0	0	0	0	0	0	0	0	0	0	0	0	0	0	0	0	0	0	0	0	0	0	0	0	0	0	0	0	0	0	0	0	0	0	0	1	0	0	0	0	0	0	0	0	0	0	0	0	0	0	0	0	0	0	0	0	0	0	0	0	0	0	0	0	0	0	0	7	2	0	5	0	0	2	1	0	2	1	1	11	6	3	8	2	0	3	3	1	3	5	2	5	0	6	4	0	3	16	3	3	2	2	3	856	5	1	1	2	34	3	4	3	6	1	36	0	3	1	3	1	7	3	4	7	2	4	1	4	41	0	3	0	1	1	2	1	530	2	1	3	3	3	1	24	2
1:Ins:T:4	0	2	0	0	2	4	0	2	1	1	1	1	1	3	0	0	1	3	5	0	2	3	0	4	6	1	0	1	2	1	4	4	2	2	2	1	1	3	4	15	1	0	0	3	0	0	0	3	1	5	0	3	0	2	0	0	1	1	0	0	0	0	5	1	1	0	0	0	0	0	3	1	3	0	1	2	4	1	0	0	1	0	0	1	2	3	0	2	0	1	0	1	0	2	0	3	0	1	0	0	3	0	0	2	2	1	3	2	1	0	2	1	0	0	2	0	0	2	0	0	2	2	1	1	4	3	0	2	0	0	0	2	6	1	2	0	0	3	0	0	1	0	0	9	0	5	0	2	0	1	3	0	2	1	0	0	1	1	6	4	1	0	3	0	1	1	2	1	0	0	0	1	2	1	1	2	2	3	0	2	1	0	1	0	0	2	0	0	0	1	0	1	0	0	0	1	0	0	1	0	2	0	0	2	1	0	0	0	0	0	0	0	0	0	0	0	0	2	0	0	0	0	0	0	0	0	0	0	0	0	0	0	0	0	0	0	0	0	0	0	0	0	0	0	0	0	0	0	0	0	0	0	1	0	0	1	0	0	0	0	0	1	0	0	0	0	0	0	0	0	0	0	0	0	0	0	0	0	0	0	0	0	0	0	0	0	0	0	0	0	0	1	0	1	4	0	2	3	0	2	2	1	2	4	0	2	14	3	2	3	0	0	2	3	3	1	2	3	2	1	6	2	1	2	12	2	1	1	2	5	4395	4	1	0	3	80	7	1	11	2	2	70	3	0	2	2	4	3	1	2	3	1	3	2	1	97	1	2	4	1	3	1	1	2927	2	1	1	5	4	3	37	3
1:Ins:T:5	79	147	84	26	41	131	26	32	79	52	86	14	98	17	26	92	62	90	62	46	83	64	45	90	111	51	52	16	71	54	60	56	98	74	45	73	74	78	108	171	64	38	18	61	162	34	28	117	82	145	57	82	67	132	9	59	40	25	76	4	24	29	189	50	47	22	33	29	31	39	205	61	44	3	13	111	113	40	39	158	73	70	23	78	168	162	13	31	32	49	31	15	34	39	19	58	34	82	101	64	119	66	20	155	86	68	138	113	28	56	32	45	84	3	162	39	11	46	19	122	70	196	67	86	123	139	39	88	17	113	123	167	239	136	39	0	21	83	23	14	63	27	53	321	27	233	61	32	78	157	112	8	174	126	6	43	20	116	135	86	80	32	177	7	76	30	236	41	45	24	165	207	69	5	33	222	221	101	44	47	19	53	99	12	113	100	56	69	21	24	78	26	17	3	78	10	4	44	34	49	32	21	28	67	25	4	1	2	3	5	0	0	1	2	4	1	5	5	1	7	0	3	0	2	1	0	1	4	2	4	1	2	1	0	0	2	1	0	0	1	2	1	0	1	4	2	0	3	0	2	3	1	4	0	2	3	6	1	3	6	3	6	0	4	1	2	1	3	1	1	3	0	2	0	0	0	14	4	2	0	9	1	2	13	2	2	3	1	0	5	0	3	0	2	85	34	150	105	76	100	37	83	68	94	62	149	602	11	93	120	17	21	156	101	88	39	115	80	107	65	188	72	73	120	494	79	68	161	80	80	86528	117	57	81	44	8553	126	98	170	110	101	4973	80	70	102	108	124	163	75	39	135	57	86	36	49	9117	47	110	66	59	131	27	58	86827	142	64	65	37	51	104	4525	87
2:Del:R:0	9	8	9	3	5	10	4	6	2	7	10	6	8	2	3	11	53	7	12	12	12	19	4	6	28	7	4	2	2	7	18	12	3	22	5	6	13	9	6	39	8	1	2	6	5	8	0	2	1	0	2	2	3	7	0	0	0	0	1	0	0	0	0	0	3	3	1	0	0	2	5	2	2	0	1	3	4	1	1	6	0	0	1	1	0	17	0	0	0	3	1	1	0	1	1	0	1	1	2	0	1	0	0	4	4	2	11	1	2	1	2	0	0	0	1	0	0	1	1	1	1	1	0	1	4	5	0	1	0	3	26	2	6	7	0	0	0	0	0	0	2	1	1	1	0	4	1	0	1	1	0	1	3	4	0	2	3	1	3	0	2	2	2	0	1	0	2	0	0	0	2	6	1	1	0	1	4	3	1	1	0	3	5	0	0	1	0	7	3	4	8	4	4	0	8	0	1	4	4	12	2	8	8	4	2	0	0	1	0	0	0	0	0	0	0	0	0	0	0	1	0	0	0	1	0	0	0	0	0	0	0	0	1	0	0	0	0	0	0	0	1	0	0	0	0	0	0	0	0	0	0	0	0	0	0	2	0	0	0	2	0	0	0	0	0	0	0	0	0	0	0	0	0	0	0	0	0	0	1	0	1	0	0	0	0	0	0	0	0	0	0	1	1	0	11	4	12	10	13	6	16	11	10	8	9	7	15	21	13	26	7	5	12	34	12	7	6	7	15	8	29	7	10	45	16	7	19	13	5	38	32	28	6	8	7	100	2	10	22	22	14	19	6	7	10	13	35	10	13	19	9	8	7	0	20	18	6	10	6	3	8	8	6	23	21	10	7	7	8	13	43	6
2:Del:R:1	15	19	13	5	8	11	1	4	3	12	18	5	4	8	4	14	199	7	15	11	12	27	6	8	35	8	6	2	10	5	18	4	7	22	12	16	13	8	19	54	12	0	0	5	3	2	1	5	1	0	1	2	10	3	0	0	0	2	0	2	1	0	1	2	0	4	2	0	1	1	4	4	0	1	1	2	8	0	0	3	0	0	1	4	0	7	1	0	0	3	1	1	1	1	0	2	4	1	4	1	4	0	1	7	3	1	10	0	1	1	1	1	0	0	1	3	0	1	2	0	0	4	0	0	5	0	0	1	0	3	15	10	11	10	1	0	2	1	1	0	10	1	0	8	2	15	0	2	1	2	2	0	12	4	0	1	1	4	8	1	3	1	2	2	4	3	2	0	4	2	1	11	1	1	1	3	7	5	1	1	2	1	9	0	2	0	1	4	1	2	14	3	1	1	18	4	0	5	3	43	4	73	38	0	3	0	1	0	0	0	1	1	0	0	0	0	1	0	0	2	0	0	0	0	0	0	1	1	1	1	0	0	1	1	0	0	0	0	0	0	1	0	0	0	0	1	0	0	0	0	0	1	0	0	0	0	0	0	0	0	0	1	0	0	0	0	0	0	0	1	0	0	0	0	0	1	1	0	0	1	0	0	1	1	0	0	0	1	0	0	0	0	0	1	11	6	13	16	15	8	27	19	10	10	8	5	29	16	23	21	8	4	18	24	14	8	8	10	11	10	21	13	15	71	27	9	17	13	7	126	37	17	14	9	17	422	6	14	36	11	10	31	7	10	20	9	21	11	12	12	8	19	21	3	94	30	2	18	14	14	10	5	6	33	13	10	7	4	12	16	113	10
2:Del:R:2	3	6	2	3	1	0	1	2	0	5	2	3	3	1	1	3	51	4	3	2	4	4	0	5	9	6	1	0	3	4	5	4	5	9	2	5	2	3	3	12	6	0	0	1	2	1	0	0	0	1	0	1	1	1	1	1	0	1	1	1	0	1	0	0	0	0	1	0	0	0	2	1	0	0	0	2	3	2	1	3	0	0	0	1	0	2	0	0	0	3	0	0	0	0	0	3	0	1	1	0	3	0	0	3	0	0	2	0	2	1	0	0	0	1	3	0	1	1	0	2	0	2	0	0	1	1	0	0	0	2	5	1	4	2	0	0	0	1	3	1	1	0	0	0	0	3	1	0	0	1	0	0	2	2	0	2	0	3	0	1	2	0	0	0	1	0	1	0	0	0	3	4	0	0	0	1	4	1	0	0	0	0	0	0	0	0	1	1	0	1	3	1	1	0	1	1	0	2	5	14	2	23	15	3	1	0	0	0	1	0	0	0	0	0	1	0	0	1	1	0	0	0	0	0	0	0	1	0	0	0	0	0	0	1	0	0	0	0	0	0	0	0	0	0	0	1	0	0	0	0	0	0	0	0	0	1	1	0	0	0	0	0	0	0	0	0	0	0	0	0	0	0	0	0	0	1	0	0	0	0	0	0	0	0	1	0	0	0	2	0	0	0	0	0	5	1	6	6	4	4	13	6	2	3	2	2	5	0	7	8	0	4	7	11	9	2	5	2	2	6	5	2	6	13	8	7	4	4	0	39	19	3	1	3	4	122	4	5	5	5	6	10	2	8	10	3	3	3	8	4	3	4	3	4	31	10	0	9	4	4	3	2	2	13	5	6	3	3	4	7	32	5
2:Del:R:3	2	2	2	0	2	3	1	2	0	0	2	0	1	2	2	2	19	1	1	0	0	2	3	0	5	1	1	0	2	1	2	2	0	3	2	2	1	2	1	1	1	0	0	1	1	0	0	0	0	1	0	1	0	1	0	0	0	0	1	1	0	0	0	0	0	2	0	1	0	0	3	0	0	0	0	0	1	1	0	2	1	0	0	3	0	5	0	0	0	0	0	0	0	0	0	0	0	0	1	0	0	0	0	4	0	1	2	1	0	0	0	1	0	0	1	1	0	0	0	0	0	0	0	1	2	0	0	0	0	3	1	1	4	3	0	0	1	1	0	0	1	0	0	0	0	2	0	0	0	0	0	0	3	0	0	0	0	3	0	0	1	0	0	0	0	0	1	0	0	0	1	2	0	0	0	0	4	0	0	1	0	1	0	0	0	0	0	0	0	0	0	0	0	0	0	1	0	1	1	3	1	4	4	2	0	0	0	0	0	0	0	0	0	0	0	0	0	0	1	0	0	0	0	0	0	0	0	0	0	0	0	0	0	0	0	0	0	0	0	0	0	0	0	0	0	0	0	0	0	0	0	0	0	0	0	0	0	0	0	0	0	0	0	0	0	0	0	0	0	0	0	0	0	0	0	0	0	0	0	0	0	0	0	1	0	0	0	0	0	0	0	0	0	0	5	0	3	7	2	2	4	5	1	4	4	3	8	2	9	5	2	3	8	1	4	2	5	2	1	5	5	1	5	14	7	2	3	6	2	12	37	7	3	5	4	149	4	4	8	6	5	31	1	4	5	1	3	6	16	1	2	4	3	2	10	17	5	2	3	5	3	1	0	36	4	2	1	6	5	6	44	5
2:Del:R:4	4	1	4	0	0	1	0	1	0	3	3	2	0	0	0	1	7	8	1	0	3	5	1	0	2	1	3	1	3	2	1	3	3	0	0	3	3	2	3	6	2	0	0	1	1	0	0	0	0	0	0	1	2	2	0	1	0	0	0	0	0	0	2	0	0	0	0	0	0	0	2	0	0	0	0	0	3	0	0	1	0	0	1	3	0	8	0	0	0	1	0	0	0	0	0	0	0	0	0	0	1	0	0	3	0	0	3	0	0	0	0	0	0	0	0	3	0	0	0	0	0	0	0	0	3	0	0	0	0	0	1	2	3	2	0	0	1	0	0	0	4	0	0	1	0	3	0	0	1	2	0	0	5	6	0	0	0	3	1	0	1	0	1	0	0	0	0	0	0	0	0	5	0	0	0	0	4	0	0	0	0	0	1	0	0	0	0	1	1	0	0	0	0	0	2	0	1	2	0	2	0	2	2	2	0	0	0	0	0	0	0	0	0	0	0	0	0	0	0	0	0	0	0	0	0	0	0	0	0	0	0	0	0	1	0	0	0	0	0	0	0	0	0	0	0	0	0	0	0	0	0	0	0	0	0	0	0	0	0	0	0	0	0	0	0	0	0	0	0	0	0	0	0	0	0	0	0	0	0	0	1	0	0	0	0	0	0	0	0	0	0	0	0	0	6	0	3	6	5	4	4	6	3	8	6	9	8	0	6	4	5	2	3	6	5	2	4	5	5	9	11	5	9	7	10	1	6	11	5	4	47	4	8	5	4	170	11	4	7	6	4	53	2	6	10	7	3	9	10	3	6	6	6	0	9	42	1	9	4	3	4	0	5	29	6	2	5	16	5	9	41	2
2:Del:R:5	4	4	2	1	2	2	2	1	1	2	3	3	2	0	0	3	6	7	3	3	4	11	4	1	9	4	4	2	3	3	4	6	5	8	1	0	4	4	3	4	2	0	0	0	0	0	0	1	0	0	1	0	0	6	1	0	0	0	0	0	0	0	0	0	0	0	0	0	0	0	5	0	0	0	0	0	3	0	0	1	0	0	0	2	0	5	0	0	0	1	0	1	0	0	0	0	0	0	0	0	0	0	0	4	0	2	4	0	0	0	0	0	0	0	0	0	0	0	0	0	0	0	2	0	3	0	1	0	0	0	4	6	6	4	0	0	0	0	0	0	2	0	0	0	0	3	0	0	0	1	0	0	4	3	0	0	0	3	5	0	0	0	0	0	0	0	1	1	0	0	0	8	1	0	0	1	3	0	0	0	0	0	0	0	0	0	0	2	7	6	2	1	1	0	0	1	3	1	6	1	0	6	0	1	0	0	0	0	0	0	0	0	0	0	0	0	0	0	0	0	1	0	0	0	0	0	0	0	0	0	0	0	0	0	0	0	0	0	0	0	0	0	0	0	0	0	0	0	0	0	0	0	0	0	0	0	0	0	0	0	0	0	0	0	0	0	0	0	0	0	0	0	0	0	0	0	0	0	0	0	0	0	0	0	0	0	1	0	0	0	0	1	0	0	16	5	16	7	9	7	5	21	6	12	5	7	22	3	12	13	4	2	12	8	13	6	7	6	2	8	6	8	11	23	44	3	17	20	6	13	108	11	4	6	9	565	9	11	12	12	2	131	7	9	18	14	8	13	14	2	7	24	17	1	18	141	3	17	11	9	12	2	7	51	14	7	8	10	7	10	137	10
3:Del:R:0	1	5	3	1	2	1	0	1	0	4	0	0	1	2	2	3	13	5	0	0	3	13	3	2	24	0	1	0	0	0	18	3	0	14	3	2	3	3	3	24	1	0	0	1	1	1	1	0	0	1	0	2	0	1	0	0	0	0	0	0	0	0	0	0	1	1	0	0	1	1	1	0	0	0	0	0	1	1	0	0	0	0	0	0	0	4	0	0	0	1	0	1	0	0	0	0	0	1	0	0	1	0	0	2	0	0	7	0	0	0	0	0	1	0	0	0	0	0	0	0	0	1	1	0	1	0	0	1	0	4	10	1	1	1	0	0	1	0	0	0	0	1	1	1	0	0	0	0	1	1	0	0	1	5	0	0	0	1	3	0	1	0	0	1	0	0	0	0	0	0	1	1	1	2	0	0	0	2	0	0	0	0	2	0	1	0	0	2	1	1	1	0	0	0	1	0	0	0	1	4	1	2	5	1	2	0	0	0	0	0	0	0	0	0	0	0	0	0	0	0	0	0	0	1	0	0	0	0	0	0	0	0	0	0	0	0	0	0	0	0	0	0	0	0	1	0	0	0	0	0	1	0	1	0	0	0	0	0	0	0	0	1	0	0	0	0	0	0	0	0	0	0	0	0	0	0	1	0	0	0	0	0	1	1	0	0	0	0	0	0	0	0	0	0	3	1	4	0	1	2	16	4	4	1	1	2	12	8	2	5	4	2	9	12	6	2	2	1	3	3	8	1	1	29	14	2	7	3	4	14	10	7	1	1	1	32	3	4	17	8	6	3	2	4	2	4	21	2	1	9	2	3	3	0	4	6	5	3	1	2	5	2	3	8	6	4	2	3	3	2	9	2
3:Del:R:1	13	20	11	0	7	10	4	5	3	21	8	10	10	3	1	15	219	11	7	10	12	20	4	24	28	8	6	5	5	3	8	14	8	17	11	12	16	13	11	32	12	0	1	1	4	2	1	1	2	1	0	5	3	6	1	1	3	0	3	3	1	0	2	0	0	2	0	0	1	3	4	1	2	0	0	3	4	1	1	4	0	1	0	3	5	9	0	0	0	1	0	4	0	1	1	2	0	0	3	1	3	0	1	6	0	0	3	2	3	0	0	2	0	0	1	3	0	3	1	1	0	3	1	2	5	3	1	4	0	4	10	6	4	6	0	0	1	0	1	0	2	0	2	6	0	3	1	1	0	1	1	0	10	5	0	3	1	2	2	3	0	1	2	1	1	1	4	1	1	3	3	7	0	0	3	5	3	1	0	1	1	1	1	0	0	1	0	5	1	1	9	2	3	1	7	2	0	9	6	36	5	65	31	7	2	0	0	0	1	0	0	0	2	0	0	0	0	0	0	0	0	1	0	0	0	0	0	2	0	0	0	1	2	1	0	0	0	0	0	0	1	0	0	0	2	0	1	2	0	0	0	0	0	0	0	1	0	0	0	0	0	1	0	0	1	0	0	0	0	1	0	0	0	0	0	0	0	0	0	0	0	0	1	0	0	0	1	0	0	0	0	0	0	0	7	4	17	12	10	9	11	13	3	4	15	12	16	12	3	13	5	3	7	12	18	5	11	6	3	9	15	14	14	68	13	12	21	12	16	89	15	14	21	15	9	404	3	28	21	10	16	33	6	14	19	11	9	9	12	4	5	19	22	3	97	6	7	22	11	14	6	4	12	14	10	6	8	9	13	14	27	2
3:Del:R:2	0	2	2	0	3	1	2	0	2	3	6	1	3	1	1	3	52	5	1	2	4	4	1	2	2	4	0	0	0	1	1	4	1	4	2	2	4	2	4	6	1	0	0	0	2	2	0	2	0	0	0	2	2	2	1	0	0	0	2	1	0	0	0	0	0	2	0	0	0	0	1	0	0	0	0	0	1	1	0	1	0	0	1	1	0	2	0	0	0	1	0	0	1	0	0	0	1	0	0	0	1	0	0	1	0	0	2	1	0	0	0	1	0	0	2	0	0	0	0	0	0	1	0	0	0	2	0	0	0	0	1	0	1	1	0	0	2	1	3	0	2	0	0	3	0	2	1	0	0	0	0	0	0	1	0	0	0	2	0	0	1	0	1	0	0	0	3	2	1	0	0	1	0	0	0	0	0	0	0	1	1	1	2	0	0	0	0	1	1	0	4	0	0	1	2	0	0	2	2	18	1	19	6	1	1	0	0	0	1	0	0	0	0	0	1	0	0	0	0	0	0	0	0	0	0	0	0	0	0	0	0	0	0	0	0	0	0	0	0	0	0	0	0	0	0	0	0	0	0	0	0	0	0	0	0	0	0	0	0	0	0	0	0	0	0	0	0	0	0	0	0	0	0	0	0	0	0	0	0	0	0	0	0	1	1	0	1	0	0	0	0	0	0	0	1	0	2	6	3	2	3	4	1	2	6	2	4	2	4	3	1	0	2	4	5	0	3	5	2	3	5	4	4	18	3	1	7	7	1	41	2	0	8	8	3	108	0	2	7	3	6	7	3	1	7	4	1	0	4	1	4	2	6	1	27	1	0	1	3	2	6	3	2	4	2	1	2	1	5	3	13	3
3:Del:R:3	0	2	1	0	0	0	1	1	0	1	2	1	2	1	0	1	12	1	0	1	0	0	0	1	4	1	2	0	1	3	1	4	2	1	0	0	1	0	2	2	1	0	0	0	1	0	0	0	0	0	0	0	0	0	1	0	0	0	0	0	0	0	0	0	0	0	0	0	0	1	1	1	1	0	0	0	0	0	0	0	0	0	0	0	0	0	0	0	0	0	0	1	0	0	0	0	0	0	0	0	0	0	0	0	0	0	1	0	0	0	0	0	0	0	0	0	0	0	0	0	0	0	0	0	0	0	0	0	0	0	1	0	0	0	0	0	0	0	0	0	0	0	0	0	0	0	0	0	0	0	0	0	0	0	0	0	0	0	1	0	0	0	0	0	0	0	0	0	0	0	1	0	0	0	0	0	0	0	0	0	0	0	0	0	0	0	0	1	0	0	0	0	0	0	0	0	0	0	0	1	0	5	4	0	0	0	0	0	0	0	0	0	0	0	0	0	0	0	0	0	0	0	0	0	0	0	0	0	0	0	0	0	0	0	0	0	0	0	0	0	0	0	0	0	0	0	0	0	0	0	0	0	0	0	0	0	0	0	1	0	0	0	0	0	0	0	0	0	0	0	0	0	0	0	0	0	0	0	0	0	0	0	0	0	0	0	0	0	0	0	0	0	0	0	1	1	1	0	0	0	1	2	2	1	0	0	2	0	3	3	0	1	0	2	4	0	0	1	0	0	1	1	2	2	0	3	1	1	0	7	3	1	1	1	0	37	0	2	0	0	1	11	0	1	1	1	0	0	6	0	1	1	2	0	11	1	0	2	2	1	2	0	1	4	3	0	0	0	2	3	4	1
3:Del:R:4	3	1	1	0	0	0	0	4	0	0	4	0	0	1	0	2	3	0	3	1	1	0	0	0	2	0	0	0	1	3	1	1	2	2	0	0	2	0	0	3	0	0	0	0	0	0	0	1	0	0	0	1	0	0	0	0	0	0	0	0	0	0	0	0	0	0	0	0	0	0	1	0	0	0	0	0	0	0	0	0	0	0	0	0	0	0	0	0	0	0	0	0	0	0	0	0	0	0	0	0	0	0	0	1	0	0	0	0	0	0	0	0	0	0	0	0	0	0	0	0	0	0	0	0	0	0	1	0	0	0	0	1	0	1	0	0	0	0	0	0	1	0	0	0	0	0	0	0	0	0	0	0	2	0	0	0	0	0	0	0	0	0	0	0	1	0	0	0	0	0	0	0	0	0	0	1	0	0	0	0	0	0	0	0	0	0	0	0	1	1	0	1	2	0	0	0	2	1	0	0	1	3	1	0	0	0	0	0	0	0	0	0	0	0	0	0	0	0	0	0	0	0	0	0	0	0	0	0	0	0	0	0	0	0	0	0	0	0	0	0	0	0	0	0	0	0	0	0	0	0	0	0	0	0	0	0	0	0	0	0	0	0	0	0	0	0	0	0	0	0	0	0	0	0	0	0	0	0	0	0	0	0	0	0	0	0	0	0	0	0	0	0	0	0	0	0	2	2	0	0	0	1	0	0	0	0	0	1	1	2	0	0	0	0	1	0	1	1	0	0	1	0	1	1	0	0	0	0	0	2	1	0	1	1	0	16	0	0	0	0	2	0	0	0	0	0	1	0	0	0	2	1	0	0	6	1	1	1	2	0	1	0	0	1	0	1	1	0	1	1	2	1
3:Del:R:5	1	0	2	0	0	0	0	1	1	0	0	0	0	0	1	0	4	1	0	1	0	1	0	1	2	2	2	0	0	0	0	0	0	0	0	0	0	2	0	1	0	1	0	0	0	1	0	0	0	0	0	0	0	0	0	0	0	0	0	0	0	0	0	1	0	0	0	0	0	0	1	0	0	0	0	0	0	0	0	0	0	0	0	0	0	0	0	0	0	1	0	0	0	1	0	0	0	1	0	0	0	0	0	0	0	0	0	0	0	0	0	0	0	0	1	0	0	0	0	0	0	0	0	0	0	0	0	0	0	0	0	0	0	0	0	0	0	0	0	0	0	0	0	0	0	1	0	0	0	0	0	1	0	0	0	0	0	0	0	0	0	0	0	0	0	0	0	0	0	0	0	0	0	0	0	0	0	0	0	0	0	0	0	0	0	0	0	1	0	0	0	0	1	0	0	0	0	0	1	0	0	0	0	0	0	0	0	0	0	0	0	0	0	0	0	0	0	0	0	0	0	0	0	0	0	0	0	0	0	0	0	0	0	0	0	0	0	0	0	0	0	0	0	0	0	0	0	0	0	0	0	0	0	0	0	0	0	0	0	0	0	0	0	0	0	0	0	0	0	0	0	0	0	0	0	0	0	0	0	0	0	0	0	0	0	0	0	0	0	0	0	0	0	0	0	1	1	2	0	0	1	1	0	0	0	0	1	0	0	0	1	0	0	0	0	1	2	1	0	1	3	0	0	0	1	0	1	1	1	4	5	1	0	0	1	40	0	1	2	1	0	5	1	0	2	1	0	0	1	0	1	0	1	0	3	1	0	2	1	1	0	1	0	1	0	1	1	0	1	0	3	0
4:Del:R:0	0	2	2	0	2	4	2	0	1	1	0	1	1	0	0	4	11	2	0	0	1	11	0	2	14	0	1	0	1	2	12	2	1	10	3	3	1	2	3	27	1	0	0	1	0	0	0	0	0	1	0	0	0	1	0	1	0	0	0	0	0	0	0	0	0	1	0	0	0	0	3	0	0	0	0	0	0	0	1	1	0	0	1	0	3	2	0	0	0	0	0	1	0	0	0	1	0	0	1	0	1	0	0	0	0	0	4	0	1	0	0	0	0	0	0	2	0	0	0	0	0	0	0	0	2	0	0	0	0	0	11	1	3	4	0	0	1	0	0	0	0	0	0	3	0	1	0	0	0	0	0	0	0	1	0	0	0	0	1	0	1	0	1	0	0	0	0	0	0	0	1	2	0	0	1	0	2	0	1	1	0	1	2	1	0	0	1	2	2	0	4	0	1	0	1	1	0	2	2	0	1	4	2	3	2	0	0	0	0	0	0	0	0	0	0	0	0	0	0	0	0	0	0	1	0	0	0	0	0	0	0	0	0	0	0	0	0	0	0	0	0	0	0	0	0	0	0	0	0	0	0	0	0	0	0	0	0	0	0	0	1	0	1	0	0	0	0	0	0	0	0	0	0	0	0	0	0	0	0	0	0	0	0	0	1	0	0	0	0	0	0	0	0	0	5	3	1	4	3	1	9	3	5	1	1	2	11	8	3	7	1	1	6	12	3	1	3	6	5	3	7	2	3	17	9	3	6	3	1	22	12	8	2	3	5	14	0	2	12	12	0	5	3	1	2	4	12	2	3	9	1	3	5	2	13	3	3	1	0	1	2	1	1	12	7	2	1	3	0	5	3	1
4:Del:R:1	18	27	14	3	10	18	12	16	5	25	9	21	10	4	1	16	139	29	10	15	24	32	9	7	35	22	9	1	8	14	3	11	16	21	10	13	13	14	22	39	26	0	0	0	3	0	0	0	3	0	2	0	3	5	1	2	0	0	0	1	0	0	0	3	0	1	0	0	1	1	11	0	2	0	0	0	4	0	2	5	1	0	1	5	0	3	1	0	0	5	0	0	1	2	0	1	0	1	3	2	5	1	1	5	2	1	7	1	1	1	1	3	1	1	2	5	0	0	0	3	2	4	0	0	3	0	0	1	0	8	3	6	9	0	0	0	1	0	1	1	3	0	0	3	0	10	0	0	3	3	3	0	7	2	1	2	2	4	7	2	4	0	0	1	2	0	1	1	1	1	2	10	2	0	0	3	4	1	0	2	1	1	2	0	0	0	0	9	4	2	17	5	3	2	15	3	4	7	6	27	4	42	43	13	13	0	0	0	2	0	0	0	0	1	0	0	0	1	0	0	0	0	0	2	0	0	0	0	0	0	0	0	0	0	0	1	0	1	0	0	0	0	0	0	0	1	2	0	0	0	0	0	0	0	0	0	0	0	0	0	0	0	0	0	1	0	0	0	0	0	0	0	0	0	0	0	1	0	0	0	1	0	0	0	1	1	1	0	0	0	0	0	0	0	7	8	21	15	23	15	31	35	4	16	27	10	18	4	14	33	4	7	11	19	25	7	22	15	4	24	23	28	12	47	10	17	38	22	11	77	16	18	34	15	33	315	4	24	18	21	18	23	17	13	42	11	10	14	32	5	20	14	27	4	84	8	10	20	21	13	15	9	21	21	12	13	13	9	28	21	37	10
4:Del:R:2	2	5	1	2	4	6	1	6	2	3	1	1	4	1	0	6	27	4	3	2	8	7	2	4	4	4	5	2	6	3	0	6	5	3	4	6	7	3	4	4	11	0	0	1	3	1	0	0	0	0	1	1	0	0	0	0	0	0	0	0	0	0	1	0	0	0	0	0	0	0	1	0	0	1	0	0	0	0	0	0	0	0	0	1	0	1	0	0	0	2	0	0	1	0	0	0	0	0	0	0	0	0	0	0	0	0	3	0	0	0	1	0	0	1	0	2	0	0	0	0	0	0	0	0	0	0	1	0	0	0	2	0	2	1	0	0	0	0	0	1	1	0	0	2	0	0	0	0	0	0	0	0	1	2	0	0	0	1	1	0	0	0	0	0	2	0	1	0	0	0	1	1	0	0	0	0	2	0	0	0	0	0	0	0	0	0	0	2	1	2	3	0	2	0	5	0	0	1	3	10	2	12	2	3	3	0	0	0	0	0	0	0	0	1	0	0	0	0	0	0	0	0	0	0	0	0	0	0	0	0	0	0	0	0	0	0	0	0	0	0	0	0	0	0	0	0	0	0	0	0	0	0	0	0	0	0	0	0	0	1	0	1	0	0	0	0	0	0	1	0	0	0	0	0	0	0	0	0	0	0	0	0	0	0	0	0	0	0	0	0	0	0	0	0	7	4	7	8	8	4	14	7	0	2	6	7	4	0	7	7	4	0	3	2	14	2	1	10	0	7	6	8	4	16	3	7	13	5	4	22	5	4	13	3	11	86	3	14	7	4	6	8	2	3	11	5	5	6	11	0	4	12	9	1	34	8	3	6	6	2	1	2	5	10	7	5	2	0	5	11	14	2
4:Del:R:3	4	7	7	0	2	5	2	4	2	6	2	0	3	2	0	2	7	3	0	3	2	5	2	2	2	4	2	0	2	6	0	2	2	8	5	1	3	0	2	5	6	0	0	0	0	0	0	0	0	0	0	2	1	0	0	0	0	0	1	1	0	0	0	0	0	0	0	0	0	0	3	0	0	0	0	0	0	0	0	0	0	0	0	0	0	0	0	0	0	0	0	0	0	0	0	0	0	0	0	0	0	0	1	0	0	0	0	0	0	0	0	0	0	0	0	0	0	0	2	0	0	1	0	0	0	0	1	1	0	0	0	1	0	0	0	0	0	0	0	0	0	0	0	0	0	0	0	0	0	0	0	0	2	0	0	0	0	0	0	0	0	0	0	0	0	0	0	0	1	0	0	1	0	0	0	0	1	0	0	0	0	0	0	0	0	0	0	3	1	0	2	0	0	0	0	0	0	1	0	1	1	5	5	1	2	0	0	0	1	0	0	0	0	0	0	0	0	0	0	0	0	0	0	0	0	0	0	0	0	0	0	0	0	0	0	0	0	0	0	0	0	0	0	0	0	0	0	0	0	0	0	0	0	0	0	0	0	0	0	0	0	0	0	0	0	0	0	0	0	0	0	0	0	0	0	0	0	0	0	0	0	0	0	0	0	0	0	1	0	0	0	0	0	0	2	1	3	3	1	6	3	4	3	1	4	3	3	0	6	5	1	1	3	7	6	3	4	1	0	6	2	0	5	6	4	3	9	1	0	19	3	4	7	4	4	59	2	4	2	3	2	8	3	0	5	6	1	0	4	1	7	5	4	1	17	11	2	5	2	2	1	2	6	7	2	6	1	0	3	5	9	4
4:Del:R:4	3	0	2	0	1	0	0	2	0	1	2	0	1	0	1	2	5	3	0	0	2	4	0	1	1	2	0	0	0	0	1	2	2	2	0	2	3	0	1	2	3	0	0	0	0	0	1	0	0	0	0	0	0	0	0	0	0	0	1	0	0	0	1	0	0	0	0	0	0	0	2	0	0	0	0	0	0	0	0	0	0	0	0	0	0	0	0	0	0	0	0	0	0	0	0	0	0	0	0	0	0	0	0	1	0	0	0	0	0	0	0	0	0	0	0	0	0	0	0	0	0	0	0	0	1	0	0	0	0	0	1	2	0	0	0	0	0	0	0	0	1	0	0	1	0	1	0	0	0	0	0	0	0	0	0	0	0	0	0	0	0	0	0	0	0	0	0	0	0	0	0	1	0	0	0	0	0	0	0	0	0	0	1	0	0	0	0	2	0	1	2	1	1	0	0	0	0	2	0	2	1	2	2	0	0	0	0	0	0	1	0	0	0	0	0	0	0	0	0	0	0	0	0	0	0	0	0	0	0	0	0	0	0	0	0	0	0	0	0	0	0	0	0	0	1	0	0	0	0	0	0	0	0	0	0	0	0	0	0	0	0	0	0	0	0	0	0	0	0	0	0	0	0	0	0	0	0	0	0	0	0	0	0	0	0	0	0	0	0	0	0	0	0	0	0	0	2	1	1	2	1	3	0	1	1	1	1	0	1	2	0	0	1	0	2	0	3	0	0	1	2	0	3	3	0	0	2	0	1	3	6	1	3	3	1	39	0	3	1	3	2	1	1	2	1	0	0	1	4	0	1	4	3	1	5	3	1	2	1	4	1	1	1	6	0	0	0	0	2	4	4	1
4:Del:R:5	1	0	0	0	0	0	1	0	0	2	0	0	2	0	0	1	2	0	0	0	0	2	0	1	1	0	0	0	0	0	1	0	0	0	0	1	0	1	0	0	0	0	0	0	1	0	0	0	0	0	0	0	0	0	0	0	0	0	0	0	0	0	0	0	0	1	0	0	0	0	0	0	1	0	0	0	0	0	0	0	0	0	0	0	0	1	0	0	0	0	0	0	0	0	0	0	0	0	0	0	0	0	0	0	0	0	0	0	0	0	0	0	0	0	0	0	0	0	0	0	0	1	0	0	1	0	0	0	0	0	0	0	1	0	0	0	0	0	0	0	0	0	0	0	0	0	0	0	0	0	0	0	0	0	0	0	0	0	1	0	0	0	0	0	0	0	0	0	0	0	0	0	0	0	0	0	0	0	0	0	0	0	0	0	0	0	0	1	0	0	0	0	0	0	0	0	0	0	0	0	0	0	1	1	0	0	0	0	0	0	0	0	0	0	0	0	0	0	0	0	0	0	0	0	0	0	1	0	0	0	0	0	0	0	0	0	0	0	0	0	0	0	0	0	0	0	0	0	0	0	0	0	0	0	0	0	0	0	0	0	0	1	0	0	0	0	0	0	0	0	0	0	0	0	0	0	0	0	0	0	0	0	0	0	0	1	0	0	0	0	0	1	0	0	0	0	0	1	1	1	1	1	0	0	1	1	0	0	0	3	1	1	0	0	0	2	1	1	0	1	1	0	0	0	0	2	2	0	0	0	7	1	2	1	2	26	1	0	1	2	1	6	0	0	2	0	0	0	0	0	3	0	2	0	2	3	0	1	1	1	0	1	1	2	0	1	0	0	2	0	3	0
5:Del:R:0	2	6	2	1	5	4	3	6	4	3	7	5	3	7	2	4	7	6	3	7	9	65	2	7	80	3	2	3	1	4	86	8	4	77	2	4	6	4	3	134	7	0	2	6	5	0	0	7	2	1	1	1	2	8	0	1	1	2	0	0	3	0	1	1	0	1	0	0	0	2	5	3	0	0	0	2	5	1	0	6	0	1	0	1	1	51	0	1	3	1	1	0	2	0	0	3	1	1	2	1	3	0	0	2	2	1	32	0	0	1	1	2	1	1	0	0	0	0	1	2	0	2	0	1	1	2	0	2	1	7	86	4	3	6	1	0	2	4	1	0	1	1	1	4	0	6	1	2	0	1	0	0	3	4	1	1	0	1	1	1	1	0	0	0	1	0	0	0	0	0	0	4	0	0	0	0	0	0	3	1	1	2	0	2	1	0	2	4	6	2	1	2	0	0	1	4	0	3	5	3	0	5	4	1	1	0	0	0	1	0	0	0	1	1	0	0	3	1	0	0	0	0	0	1	1	0	0	0	0	0	0	1	0	0	0	0	0	0	0	1	0	0	0	0	3	0	0	1	0	0	0	0	0	0	0	2	0	0	0	0	1	1	0	0	0	1	0	0	1	0	0	0	0	0	0	1	1	0	0	1	0	0	0	1	0	0	0	0	0	0	0	1	0	0	29	28	43	32	13	14	67	15	35	9	9	31	77	71	24	62	76	30	76	83	29	12	6	14	53	18	75	13	27	76	68	14	20	26	13	103	76	83	17	34	22	51	24	17	133	93	41	36	19	25	18	37	86	9	18	55	8	5	11	11	8	13	14	47	24	29	42	15	20	23	77	32	24	45	29	37	25	9
5:Del:R:1	2	9	6	4	2	1	1	3	1	3	4	3	8	3	1	6	14	6	2	3	10	6	0	3	7	9	6	3	3	7	1	6	4	4	4	0	5	2	8	14	12	0	0	0	0	0	0	1	0	0	0	2	1	1	0	1	1	1	1	1	0	0	0	0	0	0	0	0	0	1	4	0	0	0	0	0	3	0	0	0	0	0	0	3	1	1	0	0	0	0	0	0	0	0	1	0	0	0	1	0	1	1	1	2	0	0	2	0	0	0	1	0	0	1	1	0	0	1	0	1	1	2	0	0	2	0	0	0	0	1	2	6	0	0	1	0	0	0	0	0	0	1	1	3	0	2	0	0	2	3	1	1	1	1	0	0	0	0	2	0	2	0	1	0	0	0	0	1	1	0	1	2	0	0	0	2	3	1	0	0	0	0	1	0	0	0	1	3	0	3	3	2	0	0	5	1	0	1	1	8	2	11	8	1	2	0	0	0	0	0	0	0	0	0	0	0	0	0	0	0	0	0	0	0	0	0	0	0	0	0	0	1	0	0	0	0	0	0	0	0	1	0	0	0	0	0	0	0	1	0	0	0	0	0	0	0	0	0	0	0	0	0	0	0	0	0	0	0	0	0	0	0	0	0	0	0	0	0	0	0	1	0	0	1	0	0	0	0	0	0	0	0	0	0	2	4	11	10	10	5	9	15	5	9	6	5	5	5	3	13	3	8	6	8	6	0	8	4	3	5	4	3	4	11	10	9	10	11	8	13	11	5	13	5	14	35	2	12	10	7	12	11	8	4	12	5	7	4	5	2	2	4	15	6	24	5	7	9	5	6	4	1	2	8	5	6	6	3	8	10	7	7
5:Del:R:2	1	4	0	1	0	1	0	0	0	0	1	1	1	1	0	1	2	2	1	0	0	3	1	0	3	0	0	0	0	0	0	0	0	0	0	1	1	1	2	2	0	0	0	0	0	0	0	0	0	1	0	0	0	1	0	0	0	0	0	0	0	0	0	0	0	0	0	0	0	0	1	0	0	0	0	0	1	0	0	0	0	0	0	1	0	0	0	0	0	1	0	0	0	0	0	0	0	0	0	0	0	0	0	3	1	0	0	0	0	0	0	0	0	0	0	1	0	0	0	0	0	0	0	0	0	0	0	0	0	1	1	1	0	0	0	0	0	0	0	0	0	0	0	0	0	1	0	0	0	0	1	0	0	0	0	0	0	1	0	0	0	0	0	0	0	0	0	0	0	0	1	1	0	0	0	0	0	0	0	0	0	0	0	0	0	0	0	0	0	1	1	0	0	0	1	0	0	1	0	0	0	1	0	0	1	0	0	0	0	0	0	0	0	0	0	0	0	0	0	0	0	0	0	0	0	0	0	0	0	0	0	0	0	0	0	0	0	0	0	0	0	0	0	0	0	0	0	0	0	0	0	0	0	0	0	0	0	0	0	0	0	0	0	0	0	0	0	0	0	0	0	0	0	0	0	0	0	0	0	0	0	0	0	0	0	0	0	0	0	0	0	0	0	0	1	1	4	2	2	1	2	2	0	1	2	1	2	0	4	3	0	0	1	1	1	1	1	0	0	1	1	3	0	2	1	2	5	1	1	3	6	1	0	1	0	7	2	1	1	0	4	4	1	1	2	1	2	0	2	0	1	2	2	0	3	6	1	1	1	1	2	0	0	5	1	0	1	3	3	5	4	1
5:Del:R:3	0	0	1	0	0	0	0	1	0	2	2	0	1	0	1	1	0	0	0	0	1	1	0	0	2	1	0	0	0	0	0	1	0	0	0	0	1	0	2	1	0	0	0	0	1	0	0	0	0	0	0	0	0	0	0	0	0	0	0	0	0	0	0	0	0	0	0	0	0	0	0	0	0	0	0	0	0	0	0	0	0	0	0	0	0	0	0	0	0	0	0	0	1	0	0	0	0	0	0	0	0	0	0	0	0	0	0	0	0	0	0	0	0	0	0	0	0	0	0	0	0	0	0	0	0	0	0	0	0	0	0	0	0	0	0	0	0	0	0	0	0	0	0	0	0	0	0	0	0	0	0	0	0	0	0	0	0	0	0	0	0	0	0	0	0	0	1	0	0	0	0	0	0	0	0	0	0	0	0	0	0	0	0	0	0	0	0	1	0	0	0	0	0	0	0	0	0	0	0	0	0	0	0	0	1	0	0	0	0	0	1	0	0	0	0	0	0	0	0	0	0	0	0	0	0	0	0	0	0	0	0	0	0	0	0	0	0	0	0	0	0	0	0	0	0	0	0	0	0	0	0	0	0	1	0	0	0	0	0	0	0	0	0	0	0	0	0	0	0	0	0	0	0	0	0	0	0	0	0	0	0	0	0	0	0	0	0	0	0	0	0	0	0	0	1	0	1	0	1	0	1	0	0	0	0	0	0	0	1	0	0	0	1	1	1	2	0	2	0	0	0	0	0	0	1	0	2	0	0	2	0	1	0	0	0	5	0	1	0	0	0	1	0	0	0	1	1	2	0	0	0	0	0	0	1	1	0	2	0	0	0	0	1	1	0	0	0	0	0	0	3	0
5:Del:R:4	0	0	0	0	0	0	0	0	0	0	0	0	0	0	0	0	0	0	0	0	1	0	0	0	1	0	0	0	0	0	0	1	0	0	1	0	0	0	0	0	0	0	0	0	0	0	0	0	0	0	0	0	0	0	0	0	0	0	0	0	0	0	0	0	0	0	0	0	0	0	0	0	0	0	0	0	0	0	0	0	0	0	0	0	0	0	0	0	0	0	0	0	0	0	0	0	0	0	0	0	0	0	0	0	0	0	0	0	0	0	0	0	0	0	0	0	0	0	0	0	0	0	0	0	0	0	0	0	0	0	0	0	0	0	0	0	0	0	0	0	0	0	0	0	0	0	0	0	0	0	0	0	0	0	0	0	0	0	0	0	0	0	0	0	0	0	0	0	0	0	0	0	0	0	0	0	0	0	0	0	0	0	0	0	0	0	0	0	0	0	0	0	0	0	1	0	0	0	0	0	0	0	0	0	0	0	0	0	0	0	0	0	0	0	0	0	1	0	0	0	0	0	0	0	0	0	0	0	0	0	0	0	0	0	0	0	0	0	0	0	0	0	0	0	0	0	0	0	0	0	0	0	0	0	0	0	0	0	0	0	0	0	0	0	0	0	0	0	0	0	0	0	0	0	0	0	0	0	0	0	0	0	0	0	0	0	0	0	0	0	0	0	0	0	0	0	0	0	1	0	0	1	0	1	0	0	0	0	1	0	0	0	0	0	0	1	0	0	0	1	0	0	0	0	0	1	0	0	0	0	2	0	0	1	1	1	0	1	0	0	0	1	0	0	0	0	0	0	0	0	0	0	0	0	0	0	0	0	0	0	0	0	0	0	0	0	0	0	0	0	0	0
5:Del:R:5	0	1	0	0	1	0	0	0	0	0	0	0	0	0	0	0	0	0	0	0	0	0	0	0	0	1	0	0	0	0	0	0	0	0	0	0	0	0	0	0	0	0	0	0	0	0	0	0	0	0	0	0	0	0	0	0	0	0	0	0	0	0	0	0	0	0	0	0	0	0	0	0	0	0	0	0	0	0	0	0	0	0	0	0	0	0	0	0	0	0	0	0	0	0	0	0	0	0	0	0	0	0	0	0	0	0	0	0	0	0	0	0	0	0	0	0	0	0	0	0	0	0	0	0	0	0	0	0	0	0	0	0	0	0	0	0	0	0	0	0	0	0	0	0	0	1	0	0	0	0	0	0	0	0	0	0	0	0	0	0	0	0	0	0	0	0	0	0	0	0	0	0	0	0	0	0	0	0	0	0	0	0	0	0	0	0	0	0	0	0	0	0	0	0	0	0	0	0	0	0	0	0	1	0	0	0	0	0	0	0	0	0	0	0	1	0	0	0	0	0	1	0	0	0	0	0	0	0	0	0	0	0	0	0	0	0	0	0	0	0	0	0	0	0	0	0	0	0	0	0	0	0	0	0	0	0	0	0	0	0	0	0	0	0	0	0	0	0	0	0	0	0	0	0	0	0	0	0	0	0	0	0	0	0	0	0	0	0	0	0	0	0	0	0	0	0	0	0	0	0	0	1	0	0	0	0	0	0	0	0	0	0	0	0	0	0	0	0	0	0	0	0	0	0	0	0	0	0	0	0	2	0	0	0	0	2	1	0	0	0	0	0	0	0	0	0	0	0	0	0	0	0	0	0	0	1	0	0	0	0	0	0	0	0	0	0	0	0	0	0	0	0
2:Ins:R:0	0	0	1	0	0	2	0	1	0	1	1	0	1	0	1	1	2	2	0	0	2	4	1	0	4	2	1	0	1	1	3	0	0	1	0	1	0	0	0	6	0	0	0	1	2	7	0	0	0	0	0	0	0	1	0	1	0	0	0	0	0	0	1	1	1	1	0	0	0	1	8	0	0	1	0	2	0	0	0	1	0	0	0	0	0	3	0	0	0	1	0	0	0	0	0	0	0	0	0	0	1	0	0	1	4	0	6	0	0	0	0	0	0	0	2	1	0	0	0	0	0	1	1	1	0	2	0	0	0	4	2	1	0	7	0	0	0	0	1	0	2	0	0	0	1	4	0	0	1	0	0	0	0	1	0	0	0	0	3	0	1	0	0	0	0	0	0	0	0	0	0	1	0	0	0	1	2	0	0	0	0	0	2	0	0	0	2	1	0	0	2	0	0	0	0	0	0	1	3	0	0	0	0	1	0	0	0	0	0	0	0	0	0	0	0	0	0	0	0	0	0	0	0	0	0	0	0	0	0	0	0	0	0	0	0	0	0	0	0	0	0	0	0	0	0	0	0	0	0	1	0	0	0	0	0	2	0	0	0	1	0	0	0	0	0	0	0	0	0	0	0	0	0	0	0	0	0	1	0	0	0	0	0	0	0	0	0	0	0	1	0	0	0	0	9	5	8	4	6	6	10	8	3	5	5	5	17	12	8	11	8	0	7	7	4	6	5	5	4	2	8	10	9	4	18	5	11	9	8	5	423	6	7	5	8	94	10	9	7	6	11	59	5	4	10	7	8	13	16	10	9	8	4	6	4	114	7	8	8	4	2	2	3	436	8	3	5	7	3	7	130	3
2:Ins:R:1	0	1	2	0	1	1	0	1	0	2	0	0	1	2	0	2	0	2	0	1	0	0	0	2	2	0	1	0	1	2	1	0	0	2	0	1	1	0	0	5	2	0	1	2	0	0	1	2	1	0	1	1	1	1	0	2	0	0	0	0	1	0	0	0	0	1	0	1	0	1	1	0	0	0	0	0	0	0	1	0	2	0	0	2	0	6	0	0	0	0	0	1	0	0	0	1	0	0	1	1	2	0	0	0	3	1	2	0	1	1	0	0	0	0	0	0	0	1	1	1	0	0	0	0	0	1	0	2	0	3	6	3	0	1	0	0	0	0	2	0	0	1	0	3	0	2	0	1	0	1	0	0	2	0	1	0	0	0	1	0	2	0	2	0	2	0	1	0	0	0	1	2	0	0	1	0	1	1	0	1	0	3	0	0	1	0	0	0	1	0	2	0	1	0	0	1	0	1	0	0	2	1	1	2	0	1	0	0	0	0	0	0	0	0	0	0	0	0	0	0	0	0	0	0	1	0	0	1	0	1	0	0	0	0	0	0	0	0	0	0	0	0	0	0	1	0	0	1	0	0	0	0	0	0	0	0	0	0	0	0	0	0	0	0	0	0	0	0	0	0	0	0	0	0	0	0	1	1	0	0	0	0	0	0	0	1	0	0	0	1	0	0	0	0	4	2	0	3	4	1	8	0	1	1	2	2	8	7	1	1	1	0	3	8	1	0	0	3	1	0	7	2	3	6	9	0	6	4	3	8	88	5	2	4	1	13	0	2	9	3	3	15	2	1	2	4	7	1	0	6	3	2	6	0	2	24	1	2	7	3	2	1	1	74	2	1	1	1	1	1	15	1
2:Ins:R:2	0	1	1	0	1	0	0	1	1	0	1	1	0	0	0	1	0	1	0	0	0	2	0	0	1	0	0	0	1	0	1	1	1	1	1	0	0	0	0	3	0	0	0	1	1	0	0	0	0	1	1	0	0	0	1	0	0	0	0	0	0	0	0	1	0	0	0	0	0	0	0	0	1	0	0	2	0	0	0	1	1	0	0	0	0	1	0	0	0	0	1	0	0	1	0	2	1	0	0	0	2	0	0	0	0	0	0	2	0	0	0	0	0	0	0	0	0	0	0	0	0	0	0	0	0	0	0	1	0	0	2	0	0	2	0	0	0	0	0	0	0	0	0	1	0	2	0	0	0	1	1	0	0	0	0	0	0	0	0	0	0	0	0	0	1	0	1	0	1	0	0	0	1	0	0	0	0	0	0	0	0	0	1	0	0	0	0	1	0	0	0	1	1	0	0	0	0	0	0	0	1	0	0	0	1	0	0	0	1	0	0	0	0	0	0	0	0	0	0	0	0	0	0	0	0	0	0	0	0	0	0	0	0	0	0	0	0	0	0	0	0	0	0	0	0	0	0	0	0	0	0	1	0	0	0	0	0	0	0	0	0	0	0	0	0	0	0	0	0	0	0	0	0	0	0	0	0	0	0	1	0	0	0	0	0	0	0	0	0	0	0	0	0	0	1	2	4	2	1	1	3	1	0	3	3	0	6	6	5	1	2	0	2	0	1	1	1	2	5	1	6	0	0	2	3	1	0	2	2	1	92	1	0	2	0	22	1	2	2	1	0	10	2	4	2	0	4	2	1	3	0	1	1	0	1	16	3	3	0	0	1	1	3	87	2	0	2	2	1	0	18	0
2:Ins:R:3	0	0	0	0	1	1	0	0	0	0	0	0	1	0	0	0	0	0	1	0	0	0	0	1	0	0	0	0	0	0	0	0	0	0	0	0	0	0	0	1	1	0	0	0	1	0	0	0	0	1	0	0	0	0	1	0	0	0	0	0	0	0	0	0	0	1	0	0	0	0	0	0	0	0	0	0	0	0	0	1	0	0	0	1	0	1	0	0	0	0	0	0	0	0	0	0	0	0	0	0	0	0	0	0	0	0	0	0	0	0	0	0	0	0	0	0	0	0	0	1	0	0	1	0	0	0	0	1	0	0	0	1	0	0	0	0	0	0	1	0	0	0	0	1	0	0	0	0	0	0	0	0	0	0	0	0	0	0	1	0	0	0	0	0	0	0	0	0	0	0	2	0	0	0	0	0	1	0	0	0	0	0	0	0	0	0	0	0	0	0	1	0	0	0	0	0	0	0	1	0	0	1	0	0	0	0	0	0	0	0	0	0	0	0	0	0	0	0	0	0	0	0	0	0	0	0	0	0	0	0	0	0	0	0	0	0	0	0	0	0	0	0	0	0	0	0	0	0	1	0	0	0	0	0	0	0	0	0	0	0	0	0	0	0	0	0	0	0	0	0	0	0	0	0	0	0	0	0	0	0	0	0	0	0	0	0	0	0	0	0	0	0	0	0	1	0	1	0	2	0	1	0	1	0	2	2	1	2	0	2	1	0	0	0	0	0	0	1	1	0	0	1	0	3	1	0	1	0	1	2	505	1	0	0	1	35	1	1	2	0	0	13	1	1	1	3	2	0	1	1	1	0	0	0	0	45	1	0	0	3	0	1	1	538	0	0	0	1	0	2	40	1
2:Ins:R:4	0	0	0	0	0	0	0	1	0	0	0	0	0	0	1	0	1	0	0	0	1	0	0	1	3	0	0	0	0	0	0	0	1	0	1	0	0	0	1	1	0	1	0	0	2	0	0	1	0	1	0	1	1	1	0	0	0	0	0	1	0	0	1	0	0	0	0	0	0	0	1	0	0	0	0	1	0	0	0	1	0	0	0	1	0	1	0	0	0	1	0	1	0	1	0	2	0	1	1	2	1	1	0	1	2	1	0	0	1	0	1	0	0	0	1	0	0	0	0	0	0	2	1	0	0	0	0	0	0	1	1	0	4	0	0	0	0	2	0	0	0	0	1	4	1	3	0	0	1	0	1	0	1	0	0	0	0	3	1	0	1	0	0	0	0	0	0	0	1	0	0	0	0	0	0	0	3	1	0	0	1	0	0	1	0	0	0	0	0	0	0	0	0	0	0	0	0	0	1	0	1	1	2	1	0	0	0	0	0	0	0	0	0	0	0	0	0	0	0	0	0	0	0	0	0	0	0	0	0	0	0	0	0	0	0	0	0	0	0	0	0	0	0	0	0	0	0	0	0	0	0	0	0	0	0	0	0	0	0	0	0	0	0	0	0	0	0	0	0	0	0	0	0	0	0	0	0	0	0	0	0	0	0	0	0	0	0	0	0	0	0	0	0	0	3	4	0	2	1	1	1	3	1	1	1	1	5	0	2	3	0	0	5	0	3	0	1	1	1	1	1	1	1	0	6	0	5	0	4	1	2248	0	0	5	1	118	2	0	2	0	2	58	2	0	3	2	2	1	4	0	0	2	0	0	0	202	2	2	1	1	1	0	0	2698	3	0	1	0	0	0	84	2
2:Ins:R:5	2	3	3	2	1	3	1	1	1	5	3	0	1	1	3	1	2	2	1	1	4	4	3	4	3	2	1	2	4	0	5	1	4	2	0	1	1	0	3	1	2	1	1	5	6	1	0	1	5	6	3	4	6	13	0	2	1	0	2	0	0	0	7	3	1	2	2	2	0	2	12	2	3	0	0	5	8	2	2	14	4	4	3	4	4	10	0	1	1	2	1	1	0	4	1	1	2	3	5	7	7	1	1	15	2	2	5	1	2	5	2	2	3	1	3	1	0	0	1	6	5	9	1	2	3	2	0	4	2	15	7	11	5	9	3	0	1	4	1	0	5	0	3	11	2	11	2	3	3	6	3	0	10	8	1	1	2	6	11	0	2	3	7	1	1	2	9	1	0	0	6	9	3	1	2	15	9	2	4	1	1	0	5	0	6	5	1	3	1	2	3	2	1	0	5	3	2	4	2	5	3	3	0	5	3	0	0	1	0	0	1	0	0	0	0	0	0	0	0	1	0	0	0	0	0	0	0	0	0	0	0	0	0	0	0	0	0	0	0	0	0	0	1	0	0	0	0	0	0	0	0	0	0	1	0	0	0	0	0	0	0	0	0	0	0	0	0	0	0	0	0	1	0	0	0	0	0	0	0	0	0	0	0	1	1	0	1	0	0	0	0	0	0	0	8	1	11	9	6	5	3	11	3	4	8	13	44	1	11	8	3	2	13	5	7	2	4	5	13	5	10	11	6	10	63	6	4	14	8	16	2108	12	4	4	2	537	15	6	7	7	3	338	10	6	9	8	9	15	6	1	7	3	6	3	3	780	7	5	4	5	5	1	4	1996	17	2	1	9	7	6	366	11
3:Ins:R:0	0	2	0	0	0	0	0	0	0	0	0	0	0	0	0	0	1	0	0	0	0	1	1	0	2	0	0	0	0	4	0	0	1	0	0	0	0	1	1	3	1	0	0	0	0	0	0	0	0	0	0	0	0	3	0	0	0	0	0	0	0	0	0	0	0	0	0	0	0	1	1	0	1	0	0	0	0	0	0	0	0	0	0	1	1	0	0	0	0	1	0	0	0	0	0	0	0	0	0	0	0	0	0	0	3	0	10	0	0	0	0	0	0	1	0	0	0	0	0	0	0	0	0	0	0	0	0	0	0	6	7	1	0	6	0	0	1	0	0	0	0	0	0	1	0	4	0	0	0	1	0	0	3	3	0	0	0	0	1	0	2	0	0	0	0	0	0	0	0	0	0	1	0	0	0	0	0	1	0	0	0	0	1	0	0	0	1	1	1	0	0	0	0	0	3	0	0	0	1	0	1	0	0	1	0	0	0	0	0	0	0	0	0	0	0	0	0	0	0	0	0	0	0	0	0	0	0	0	0	0	0	0	0	0	0	0	0	0	0	0	0	0	0	0	0	0	0	0	0	0	0	0	0	0	0	0	0	0	0	0	0	0	0	0	0	0	0	0	0	0	0	0	0	0	0	0	0	0	0	0	0	0	0	0	0	0	0	0	0	0	0	0	0	0	4	0	2	4	1	5	2	2	3	3	4	1	4	4	5	3	1	0	4	3	2	3	4	2	0	1	1	3	4	6	5	0	4	1	2	1	94	4	2	2	1	30	3	2	3	1	7	16	3	2	3	2	1	6	4	1	0	1	1	3	4	18	2	2	9	1	3	2	1	115	1	5	1	2	1	3	15	2
3:Ins:R:1	0	2	1	1	0	0	0	1	2	2	1	0	0	0	1	2	0	1	0	1	0	7	1	1	2	0	1	1	1	1	2	2	1	2	2	0	0	1	0	7	1	0	1	1	0	0	0	0	0	1	0	1	0	0	0	1	0	2	0	0	0	0	1	0	2	0	0	0	1	2	0	0	0	0	0	0	0	0	0	0	0	0	0	1	1	1	0	0	1	1	0	0	0	0	0	1	1	0	1	0	0	2	0	0	1	0	2	0	2	0	0	0	0	0	0	0	0	0	0	1	0	0	2	1	0	2	1	1	0	0	3	1	1	2	0	0	0	1	0	0	0	0	0	1	0	0	0	2	0	0	0	0	3	0	0	0	0	0	0	0	0	2	0	0	1	0	0	1	0	1	1	0	0	0	0	2	0	0	1	0	1	1	0	0	0	1	0	0	1	0	0	0	0	1	0	0	0	3	1	1	1	0	0	1	0	0	0	0	0	0	0	0	0	0	0	0	1	0	0	0	0	0	0	0	0	0	0	0	0	0	0	0	0	0	0	0	0	0	0	0	0	0	0	0	0	0	0	0	0	0	0	0	0	0	1	1	0	0	0	0	0	0	0	0	1	0	0	0	0	0	0	0	0	0	0	0	0	0	0	0	0	0	0	0	0	0	0	0	0	0	0	1	0	0	0	0	1	0	0	0	2	1	2	2	1	0	4	2	0	3	2	1	3	4	1	1	1	2	1	0	2	2	1	1	5	1	3	3	0	2	8	1	3	1	0	6	1	0	2	3	4	2	1	1	2	2	3	2	0	1	0	0	2	2	1	9	0	0	2	1	3	0	1	22	3	4	1	1	3	1	2	1
3:Ins:R:2	0	0	0	0	0	0	0	0	0	0	0	0	1	0	0	0	1	1	0	0	0	0	0	0	0	0	0	0	0	0	0	0	0	0	0	1	0	0	0	1	0	0	1	0	0	0	0	0	0	0	0	1	0	0	0	0	0	0	0	0	0	0	0	0	0	0	0	0	0	0	0	0	0	0	0	1	0	0	0	0	0	0	0	0	0	0	0	0	0	0	0	0	0	0	0	0	0	0	0	0	0	0	0	0	0	0	0	0	0	0	0	0	0	0	0	0	0	0	0	1	0	0	0	0	0	0	0	0	0	0	0	0	0	0	0	0	0	0	0	0	0	1	0	0	0	0	0	0	1	0	0	0	0	0	0	0	0	0	0	0	0	0	0	0	0	0	0	0	0	0	0	0	0	0	0	0	0	0	0	0	0	0	1	0	0	0	0	0	0	0	0	0	0	0	1	1	0	0	1	0	0	0	0	0	0	0	0	0	0	0	0	0	0	0	0	0	0	0	0	0	0	0	0	0	0	0	0	0	0	0	0	0	0	0	0	0	0	0	0	0	0	0	0	0	0	0	0	0	0	0	0	0	0	0	0	0	0	0	0	0	0	0	0	0	0	0	0	0	0	0	0	0	0	0	0	0	0	0	0	0	0	0	0	0	0	0	0	0	0	0	0	0	0	0	0	0	0	0	1	0	1	0	2	0	0	0	1	1	0	1	0	0	1	0	0	0	0	0	0	0	0	0	0	0	2	1	0	0	0	0	60	0	0	0	0	1	0	1	0	1	0	0	0	0	0	0	2	0	0	0	0	0	0	0	0	9	0	0	0	0	0	0	0	87	2	0	0	0	0	0	5	0
3:Ins:R:3	0	0	0	0	0	0	0	0	0	0	0	0	0	0	0	0	0	0	0	0	0	0	0	0	0	0	0	0	0	0	0	0	0	0	0	0	0	0	0	0	0	0	0	0	0	0	0	0	0	0	0	0	0	0	0	0	0	0	0	0	0	0	0	0	0	0	0	0	0	0	0	0	0	0	0	0	0	0	0	0	0	0	0	0	0	0	0	0	0	0	0	0	0	0	0	0	0	0	0	0	0	0	0	0	0	0	0	0	0	0	0	0	0	0	0	0	0	0	0	0	0	1	0	0	0	0	0	0	0	0	0	0	0	0	0	0	0	0	0	0	0	0	0	0	0	0	0	0	0	0	0	0	0	0	0	0	0	0	0	0	0	0	0	0	0	0	0	0	0	0	0	0	0	0	0	0	0	0	0	0	0	0	0	0	0	0	1	0	0	0	0	0	0	0	0	0	0	0	0	0	0	0	0	0	1	0	0	0	0	0	0	0	0	0	0	0	0	0	0	0	0	0	0	0	0	0	0	0	0	0	0	0	0	0	0	0	0	0	0	0	1	0	0	0	0	0	0	0	0	0	0	0	0	0	0	0	0	0	0	0	0	0	0	0	0	0	0	0	0	0	0	0	0	0	0	0	0	0	0	0	0	0	0	0	0	0	0	0	0	0	0	0	0	0	0	0	0	0	0	0	0	0	0	0	0	0	1	0	1	0	0	0	0	0	0	0	0	0	1	0	0	0	0	0	0	0	0	0	0	0	87	0	0	1	0	5	0	0	0	0	0	0	0	0	1	0	0	1	0	0	0	0	0	0	0	7	0	0	0	0	0	0	0	143	0	0	0	0	0	0	2	0
3:Ins:R:4	0	0	0	0	0	0	0	0	0	0	0	0	0	0	0	0	0	0	0	0	0	0	0	0	0	0	0	0	0	0	1	0	0	0	0	0	0	1	0	0	0	0	0	0	0	0	0	1	0	0	0	0	0	0	0	0	0	0	0	0	0	0	0	0	0	0	0	0	0	0	0	0	0	0	0	0	0	0	0	0	0	0	0	0	0	0	0	0	0	0	0	0	0	0	0	0	0	1	0	0	0	0	0	0	0	0	1	0	0	0	0	1	0	0	1	0	0	0	0	0	0	2	0	0	0	0	0	0	0	0	0	0	0	0	0	0	0	0	0	0	0	0	0	0	0	0	0	0	0	0	0	0	0	0	0	0	0	0	0	0	0	0	0	0	0	0	1	0	0	0	0	0	0	0	0	0	0	1	0	0	0	0	0	0	0	0	0	0	0	0	0	0	0	0	0	0	0	0	0	0	0	0	0	0	0	0	0	0	0	0	0	0	0	0	0	0	0	0	0	0	0	0	0	0	0	0	0	0	0	0	0	0	0	0	0	0	0	0	0	0	0	0	0	0	0	0	0	0	0	0	0	0	0	1	0	0	0	0	0	0	0	0	0	0	0	0	0	0	0	0	0	0	0	0	0	0	0	0	0	0	0	0	0	0	0	0	0	0	0	0	0	0	0	0	0	0	0	0	0	0	0	0	0	0	0	1	1	0	0	0	0	0	1	0	0	0	0	0	0	0	0	0	0	0	0	0	0	0	0	0	12	0	0	0	0	8	0	0	0	0	0	3	0	0	0	0	0	0	0	0	0	0	0	0	0	11	0	0	0	0	0	0	0	11	0	0	0	0	0	0	1	0
3:Ins:R:5	0	1	0	1	1	0	0	0	0	1	0	0	0	0	0	0	0	0	0	2	2	0	2	0	0	0	0	0	1	0	0	0	0	0	0	1	0	0	0	0	0	0	0	0	0	0	0	0	1	1	0	1	0	0	0	0	0	0	0	0	0	0	1	1	0	0	1	0	0	0	0	0	0	1	0	0	0	0	0	1	0	0	0	2	5	0	1	0	0	0	0	0	0	0	0	0	0	0	0	0	0	0	0	0	0	0	1	0	1	0	0	0	2	0	1	2	0	0	0	1	1	0	0	0	1	0	0	0	0	2	1	2	0	1	0	0	1	0	0	0	1	0	0	0	0	1	0	0	0	0	0	0	1	0	0	0	0	2	1	0	0	1	1	0	0	0	1	0	0	0	0	1	0	0	1	1	0	0	0	0	0	1	0	0	0	0	0	1	0	0	0	1	0	0	1	0	0	0	0	0	1	0	0	0	0	0	0	0	0	0	0	0	0	0	0	0	0	0	0	0	0	0	0	0	0	0	0	0	0	0	0	0	0	0	0	0	0	0	0	0	0	0	0	0	0	0	0	0	0	0	0	1	0	0	0	0	0	0	0	0	0	0	0	0	0	0	0	0	0	0	0	0	0	0	0	0	0	0	0	1	0	0	0	0	0	0	0	0	0	0	0	0	0	0	1	0	0	0	2	0	0	1	1	0	2	0	2	0	1	0	0	0	1	1	1	0	0	2	1	0	1	0	0	0	3	0	0	2	0	0	90	1	2	1	3	33	0	2	0	0	0	34	0	1	0	0	2	2	1	0	1	1	3	0	0	69	0	2	0	1	1	0	1	78	0	0	0	2	1	1	9	0
4:Ins:R:0	0	0	0	0	0	0	0	2	1	0	2	0	0	0	0	0	0	0	0	1	0	0	1	0	0	0	1	0	0	2	0	0	2	0	0	1	1	0	0	0	1	0	0	0	0	0	0	0	0	0	0	1	0	1	0	0	0	0	0	0	0	0	0	1	0	0	0	0	0	0	2	0	0	0	0	0	0	0	0	0	0	0	0	1	0	0	0	0	0	0	0	0	1	0	0	0	0	0	0	0	0	0	0	0	2	0	0	0	0	0	0	0	0	0	0	1	0	0	0	0	0	0	0	1	0	0	0	0	0	1	2	0	1	9	0	0	0	0	0	0	0	0	0	1	0	0	0	0	0	0	0	0	0	0	0	0	0	1	0	0	1	0	0	0	1	0	0	0	1	0	0	0	0	0	0	0	1	0	0	1	0	0	1	0	0	0	0	0	0	0	2	1	0	0	1	0	0	0	0	0	0	0	0	0	0	0	0	0	0	0	0	0	0	0	0	0	0	0	0	0	0	0	0	0	0	0	0	0	0	0	0	0	0	0	0	0	0	0	0	0	0	0	0	0	0	0	0	0	0	0	0	0	0	0	0	0	0	0	0	0	0	0	0	0	0	0	0	0	0	0	1	0	0	0	0	0	0	0	0	0	0	0	0	0	0	0	0	1	0	0	0	0	0	0	8	3	5	2	5	5	2	4	7	2	6	6	14	6	5	3	6	1	7	4	2	2	5	5	2	4	9	5	5	4	18	1	8	7	3	6	235	6	2	5	4	61	5	4	3	4	4	54	0	5	3	0	5	9	5	6	3	5	4	3	3	55	5	5	7	6	2	4	7	252	7	3	4	8	5	7	83	6
4:Ins:R:1	0	3	2	0	1	1	1	1	3	0	3	0	0	1	0	1	2	0	1	0	2	3	0	1	1	1	0	1	0	1	1	0	1	2	2	0	0	2	0	1	0	0	0	1	0	1	0	1	1	0	0	1	1	0	0	0	0	0	0	2	0	0	1	0	0	0	0	0	0	1	1	1	0	0	0	1	1	0	0	0	0	0	0	1	0	0	0	0	0	1	0	0	0	0	0	1	0	2	1	0	5	0	0	0	1	1	0	3	1	0	0	1	2	0	4	1	0	0	1	0	1	2	0	1	0	1	0	1	0	0	1	3	1	0	1	0	0	1	0	0	0	3	1	0	0	2	0	1	2	0	0	0	1	3	0	2	0	0	1	1	1	2	2	0	0	0	3	0	1	1	0	1	0	0	0	0	0	3	2	1	0	2	1	0	1	0	2	0	0	0	0	0	1	0	0	0	0	0	0	0	1	1	2	0	0	0	0	0	0	0	0	0	0	0	0	0	0	0	0	0	0	1	1	0	0	0	0	0	1	0	0	0	0	0	0	0	0	0	0	0	0	0	0	0	0	0	0	0	0	0	0	0	0	0	0	0	0	0	0	0	0	1	0	0	0	0	0	0	0	0	0	0	0	0	0	0	0	0	0	0	1	0	0	0	0	0	0	0	0	0	0	0	0	0	2	0	0	2	1	1	1	2	0	0	2	0	4	3	2	2	3	1	4	0	2	0	0	1	2	1	2	3	2	1	3	0	2	1	1	2	18	0	0	2	1	5	3	1	1	6	2	4	3	3	0	0	2	1	0	1	3	1	2	3	2	11	3	2	0	1	4	1	0	23	2	2	2	1	1	1	6	1
4:Ins:R:2	0	0	0	0	0	0	0	0	0	0	0	0	0	0	0	0	0	0	0	0	0	0	0	0	0	1	0	0	0	0	0	0	0	1	0	0	0	0	0	0	0	0	0	0	0	0	0	0	0	0	0	0	0	0	0	0	0	0	0	0	0	1	0	0	0	0	0	1	0	0	0	0	1	0	0	0	0	0	0	0	0	0	0	0	1	0	0	0	0	0	0	0	0	0	0	0	0	0	0	0	0	0	0	0	0	0	0	0	0	0	0	0	0	0	0	0	0	0	0	0	0	1	0	0	0	0	0	0	0	0	1	0	0	0	0	0	0	0	0	0	0	0	0	0	0	0	0	0	0	0	0	0	0	0	0	0	0	0	0	0	0	0	0	0	0	0	0	0	0	0	0	0	0	0	0	0	0	0	0	0	0	0	0	0	0	0	0	0	0	0	0	0	0	0	0	0	0	0	0	0	0	0	0	0	0	0	0	0	0	0	0	0	0	0	0	0	0	0	0	0	0	0	0	0	0	0	0	0	0	0	0	0	0	0	0	0	0	0	0	0	0	0	0	0	0	0	0	0	0	0	0	0	0	0	0	0	0	0	0	0	0	0	0	0	0	0	0	0	0	0	0	0	0	0	0	0	0	0	0	0	0	0	0	0	0	0	0	0	0	0	0	0	0	0	2	0	1	0	1	0	1	1	0	0	0	1	0	0	0	0	1	0	0	0	0	0	0	1	0	0	0	0	1	0	1	0	0	0	0	0	34	0	0	0	0	4	0	0	0	1	1	4	0	0	0	0	0	1	0	0	0	1	0	1	0	8	0	0	0	0	0	0	0	34	0	0	0	1	0	0	12	1
4:Ins:R:3	0	0	0	0	0	0	0	0	0	0	0	0	0	0	0	0	0	0	0	0	0	0	0	0	0	0	0	0	0	0	0	0	0	0	0	0	0	0	0	0	0	0	0	0	0	0	0	0	0	1	0	0	0	0	0	0	0	0	0	0	0	0	0	0	0	0	0	0	0	0	1	0	0	0	0	0	2	0	0	0	0	0	0	0	0	0	0	0	0	0	0	0	0	0	0	0	0	0	0	0	0	0	0	0	0	0	0	0	0	0	0	0	0	0	0	0	0	0	0	0	0	0	0	1	0	0	0	0	0	0	0	0	0	0	0	0	0	0	0	0	0	0	0	0	0	0	0	0	0	0	0	0	0	0	0	0	0	0	0	1	0	0	1	0	0	0	0	0	0	0	0	0	0	0	0	0	0	0	0	0	0	0	0	0	0	0	0	0	0	0	0	0	0	0	0	0	0	0	0	0	0	0	0	0	0	0	0	0	0	0	0	0	0	0	0	0	0	0	0	0	1	0	0	0	0	0	0	0	0	0	0	0	0	0	0	0	0	0	0	0	0	0	0	0	0	0	0	0	0	0	0	0	0	0	0	0	0	0	0	0	0	0	0	0	0	0	0	0	0	0	0	0	0	0	0	0	0	0	0	0	0	0	0	0	0	0	0	0	0	0	0	0	0	0	0	0	0	1	0	0	1	0	1	0	0	0	0	0	1	0	0	0	0	0	1	2	0	0	0	0	0	0	1	0	0	1	0	0	1	0	51	0	0	0	0	6	0	0	1	0	0	3	0	1	0	0	0	1	0	0	0	0	0	0	1	15	1	0	0	0	0	1	0	55	0	0	0	0	0	0	13	1
4:Ins:R:4	0	0	1	0	0	0	0	0	0	1	1	0	0	0	0	0	0	0	0	0	0	0	0	0	0	0	0	0	0	0	0	0	0	1	0	0	0	0	0	1	0	0	0	0	0	0	0	0	0	0	0	0	0	0	0	0	0	0	0	0	0	0	0	0	0	0	0	0	0	0	2	0	0	0	0	0	0	0	0	0	1	0	1	0	1	0	0	0	0	0	0	0	0	0	0	0	0	0	0	0	0	0	0	0	0	0	1	0	0	0	0	0	0	0	1	0	0	0	0	0	0	0	1	0	1	0	0	0	0	2	1	0	2	1	0	0	0	0	0	0	0	0	0	1	0	1	0	0	0	0	1	0	1	1	0	0	1	2	0	0	0	0	0	0	0	0	0	0	0	0	0	0	0	0	0	0	0	0	0	0	0	0	0	0	0	0	0	0	0	0	0	0	0	0	0	0	0	0	2	1	0	0	0	0	0	0	0	0	0	0	0	0	0	0	0	0	0	0	0	0	0	0	0	0	0	0	0	0	0	0	0	0	0	0	0	0	0	0	0	0	0	0	0	0	0	0	0	1	0	0	0	1	0	0	0	0	0	0	0	0	0	0	0	0	0	0	0	0	0	0	0	0	0	0	0	1	0	0	0	0	0	0	0	0	0	0	0	0	0	0	0	0	0	0	0	0	1	1	0	0	0	0	0	0	1	2	0	0	0	1	1	0	0	0	1	0	0	0	0	1	2	0	0	0	1	0	0	1	0	0	48	0	1	0	0	7	0	1	1	1	0	12	0	0	2	0	0	0	0	0	0	1	0	0	0	25	0	1	1	2	0	0	0	45	0	0	0	1	0	0	10	0
4:Ins:R:5	0	1	0	0	0	0	0	0	0	0	0	0	0	0	0	0	0	1	0	0	0	0	1	1	0	0	0	0	0	0	0	1	1	1	0	0	0	0	1	0	1	0	0	0	2	0	0	1	0	0	0	0	1	3	1	0	0	1	1	0	0	0	0	0	0	0	0	0	0	0	1	0	1	0	0	1	0	0	0	5	0	1	0	1	0	0	0	0	1	0	1	0	0	0	0	0	0	0	0	0	0	0	0	1	0	0	0	0	0	0	0	0	0	0	1	0	0	0	0	0	0	1	0	0	0	1	1	0	0	1	2	2	0	4	0	0	0	0	0	0	0	0	0	3	0	2	0	0	1	2	0	0	0	0	0	0	0	2	0	0	1	0	1	0	1	2	0	0	0	0	0	1	0	0	0	2	3	3	1	1	0	0	0	0	1	0	0	0	1	0	0	0	1	0	0	0	0	1	1	0	1	0	0	0	0	0	0	0	1	0	0	0	0	0	0	0	0	0	0	0	0	0	0	0	0	0	0	0	0	0	0	0	0	0	0	0	0	0	0	0	5	0	0	0	1	0	0	0	0	0	0	0	0	0	0	0	0	0	0	0	0	0	0	1	0	0	0	0	0	0	0	0	0	0	0	0	0	0	0	0	0	0	0	0	0	0	0	0	0	0	0	0	0	0	1	0	1	0	0	0	0	0	0	0	0	0	1	0	0	5	0	0	1	1	0	0	0	1	0	0	0	1	2	2	0	0	0	1	1	1	29	1	2	2	0	8	2	0	0	1	0	19	1	0	2	2	0	1	0	1	0	2	0	0	1	38	0	0	1	0	0	0	0	30	2	1	0	1	0	2	5	0
5:Ins:R:0	0	2	1	0	0	0	1	0	0	1	2	0	0	0	1	0	0	2	1	0	0	3	0	5	0	3	0	0	0	1	2	0	0	0	0	0	1	1	0	2	0	0	0	0	1	2	0	0	0	0	0	0	0	1	0	1	0	0	2	0	0	0	0	0	0	1	0	0	1	1	6	1	0	0	0	1	1	0	0	0	0	0	0	0	1	3	0	0	0	0	0	0	0	0	0	0	2	0	0	0	0	0	0	1	4	0	16	0	0	0	0	1	0	1	0	0	0	0	0	0	2	1	0	0	0	0	0	1	0	7	13	1	2	22	0	0	0	0	0	0	0	0	0	3	0	3	0	0	0	0	0	0	3	0	0	0	0	0	0	0	3	0	0	0	0	0	1	0	0	0	0	2	1	0	0	0	2	1	0	0	1	0	1	1	0	0	1	0	1	1	0	0	0	0	0	0	0	0	0	0	0	0	0	0	0	0	0	0	0	2	0	0	1	0	0	0	0	0	1	1	0	0	0	0	1	0	0	0	0	0	0	0	0	0	0	0	0	0	0	0	0	0	0	0	0	0	0	0	0	0	0	0	1	0	0	0	0	0	0	1	1	0	0	0	1	0	0	1	0	0	0	1	0	1	0	0	1	0	0	0	0	0	0	0	0	0	0	0	0	0	0	1	0	0	47	43	98	55	31	33	36	31	45	17	23	70	66	48	43	47	140	54	59	74	75	30	19	26	24	41	41	22	44	28	52	21	47	50	34	55	605	102	28	26	45	236	62	38	83	40	90	128	46	66	44	93	22	20	29	17	11	19	18	12	22	182	25	100	63	55	64	34	37	546	65	79	60	79	61	80	228	32
5:Ins:R:1	1	6	3	3	1	5	2	4	3	4	4	2	3	1	2	2	4	6	2	6	3	5	4	4	1	6	4	0	4	2	5	7	5	4	3	6	4	1	1	9	1	2	0	2	0	0	0	5	1	0	1	2	9	0	2	2	0	6	1	2	0	3	0	1	0	2	1	4	2	7	6	2	1	1	0	4	2	3	3	3	0	3	1	0	0	6	0	0	1	0	0	0	1	0	0	2	1	3	1	0	9	1	1	1	3	1	1	1	3	2	0	1	3	1	1	0	2	2	4	2	4	4	0	5	2	6	1	5	0	0	3	4	3	4	2	0	1	0	0	0	1	2	1	15	3	1	1	6	4	4	4	0	5	5	0	0	1	1	3	5	2	2	2	0	3	2	3	3	2	0	5	4	4	1	3	1	4	4	5	1	1	0	2	0	2	3	5	7	6	3	5	1	2	0	3	0	0	2	3	2	4	3	5	3	1	0	0	1	0	0	0	1	3	0	0	0	0	0	0	0	1	0	0	0	1	0	0	0	0	0	0	0	0	0	0	1	0	0	0	0	0	0	0	0	0	1	0	2	0	0	1	0	0	0	0	0	1	0	0	1	0	1	0	0	0	0	0	0	0	0	1	0	0	0	0	1	1	2	0	1	0	0	0	0	0	1	2	0	0	0	0	1	0	0	4	2	6	4	5	8	6	6	3	4	5	10	10	9	9	10	3	0	4	5	3	5	2	4	8	5	14	5	6	10	4	6	15	6	4	9	41	7	5	5	7	15	4	5	13	8	5	12	3	2	6	8	12	9	6	12	3	7	5	4	4	19	1	5	9	6	8	2	4	45	10	5	3	1	2	9	25	8
5:Ins:R:2	0	1	0	0	0	0	0	0	0	0	0	0	0	0	0	1	0	0	0	0	0	0	0	0	0	0	0	0	0	0	0	0	0	1	0	0	0	0	0	0	0	0	0	0	0	0	0	0	0	0	0	0	0	0	0	0	0	0	1	0	1	0	0	0	0	0	0	0	0	0	0	0	0	0	0	0	0	0	1	0	0	0	0	0	0	0	0	0	0	0	0	0	0	1	0	0	0	0	0	0	0	0	0	0	0	0	0	0	0	0	0	0	1	0	0	0	0	0	0	0	0	0	0	0	0	0	0	0	0	0	0	0	0	0	0	0	0	0	0	0	0	0	0	1	0	0	0	0	0	1	0	1	0	0	0	0	0	0	0	0	0	0	0	0	0	0	1	0	0	1	0	1	0	0	0	0	0	0	0	0	0	0	1	0	0	0	0	1	0	0	0	0	0	0	0	0	0	0	1	0	0	0	0	0	0	0	0	0	0	0	0	0	0	0	0	0	0	0	0	0	0	0	0	0	0	0	0	0	0	0	0	0	0	0	0	0	0	0	0	0	0	0	0	0	0	0	0	0	0	0	0	0	0	0	0	0	0	0	0	0	0	0	0	0	0	0	0	0	0	0	0	0	0	1	0	0	0	0	0	0	0	0	0	0	0	0	0	0	0	0	0	0	0	0	1	0	0	1	0	1	0	0	0	1	0	0	0	0	0	1	0	0	1	0	0	1	0	0	0	0	0	0	0	0	1	0	1	1	0	1	12	2	0	0	1	7	1	0	2	1	1	1	1	1	0	1	0	0	0	0	0	0	0	0	0	8	0	0	1	1	0	1	0	17	1	2	0	0	0	0	4	1
5:Ins:R:3	0	0	0	0	0	0	0	0	0	0	0	1	0	0	0	0	0	0	0	0	0	0	0	1	0	0	0	0	0	0	0	0	0	0	0	0	0	0	0	0	0	0	0	0	2	0	0	0	0	0	0	0	1	1	0	0	0	1	1	0	0	0	0	0	0	0	0	0	0	0	0	0	1	0	0	0	0	1	0	0	1	0	0	0	0	1	0	0	0	0	0	0	0	0	0	0	0	0	0	0	0	0	0	1	0	0	0	0	0	0	0	0	0	0	0	0	0	0	0	0	0	1	0	0	0	0	0	0	0	0	0	0	0	0	0	0	0	0	0	0	0	0	0	0	0	0	0	0	0	0	0	0	0	1	0	0	0	0	1	0	0	0	0	0	0	0	0	0	0	0	0	0	0	0	0	1	0	0	0	0	0	0	0	0	0	0	0	0	0	0	0	0	0	0	0	0	0	0	0	0	0	0	0	0	0	0	0	0	0	0	0	0	0	0	0	0	0	0	0	0	0	0	0	0	0	0	0	1	0	0	0	0	0	0	0	0	0	0	0	0	0	0	0	0	0	0	0	0	0	0	0	0	0	0	0	0	0	0	0	0	0	0	0	0	0	0	0	0	0	0	0	0	0	0	0	0	0	0	0	0	0	0	0	0	0	0	0	0	0	0	0	0	0	0	0	0	0	0	1	0	0	0	0	1	0	0	0	0	0	0	0	0	1	0	1	1	0	0	0	0	1	0	1	0	0	0	0	0	2	1	4	0	0	1	0	2	0	0	0	0	0	2	0	0	0	0	0	0	0	0	0	1	1	0	0	2	1	1	0	0	0	0	0	7	0	1	0	0	0	0	1	0
5:Ins:R:4	0	0	0	0	0	0	0	0	0	0	0	0	0	0	0	0	0	0	0	0	0	0	0	0	0	0	0	0	0	0	0	1	0	0	0	0	0	0	0	0	0	1	0	0	0	0	0	0	0	1	0	0	0	1	0	1	0	0	0	0	0	0	0	0	0	0	0	0	0	0	1	0	0	0	0	0	0	0	0	0	1	0	0	1	0	0	0	0	0	0	0	0	0	0	0	0	0	0	0	0	0	0	0	0	1	0	0	1	0	0	0	0	0	0	0	0	0	0	0	0	0	0	0	0	1	0	0	1	0	0	1	0	0	0	0	0	0	0	0	0	1	0	0	0	0	0	0	1	0	0	0	0	2	0	0	0	0	1	1	0	0	0	0	0	1	0	3	0	0	0	0	0	0	0	0	0	1	0	0	0	0	0	1	0	1	0	0	0	0	0	0	0	0	0	0	0	0	0	0	0	0	0	0	0	0	0	0	0	0	0	0	0	0	0	0	0	0	0	0	0	0	0	0	0	0	0	0	0	0	0	0	0	0	0	0	0	0	0	0	0	0	0	0	0	0	0	0	0	0	0	0	0	0	0	0	0	0	0	0	0	0	0	0	0	0	0	0	0	0	0	0	0	0	0	0	0	0	0	0	0	0	0	0	0	0	0	0	0	0	0	0	0	0	0	0	0	0	0	1	0	0	0	0	0	0	0	0	0	0	0	0	0	0	0	0	0	0	0	0	0	0	0	0	0	1	0	0	0	0	0	2	0	0	0	0	1	0	0	0	0	0	1	0	0	0	0	0	1	1	0	0	0	1	1	0	1	0	0	1	0	0	0	0	5	0	0	0	0	0	0	0	0
5:Ins:R:5	0	0	0	0	0	0	0	0	0	0	0	0	0	0	0	0	0	0	0	0	1	0	0	0	0	0	0	0	1	0	0	0	0	0	0	0	0	0	0	0	0	0	0	1	0	0	0	0	0	0	0	0	0	0	0	0	0	0	0	0	0	0	0	0	0	0	0	0	0	0	1	0	1	0	0	0	0	0	0	0	0	0	0	1	0	1	0	0	0	1	0	0	0	0	0	0	0	0	0	0	0	0	0	0	0	0	0	0	0	0	1	0	0	0	0	0	0	0	0	0	0	1	0	0	0	0	0	0	0	0	0	0	0	0	0	0	0	0	0	0	0	0	0	0	0	2	0	0	0	1	0	0	0	0	0	0	0	0	0	0	0	0	0	0	0	0	0	0	0	0	0	0	0	0	0	0	1	0	0	0	0	0	0	0	0	0	0	0	0	0	0	0	0	0	0	0	0	0	1	0	0	0	0	0	0	0	0	0	0	0	0	0	0	0	0	0	0	0	0	0	0	0	0	0	0	0	0	0	0	0	0	0	0	0	0	0	0	0	0	0	1	1	0	0	0	0	0	0	0	0	1	0	0	0	0	0	0	0	0	0	0	0	0	0	0	0	0	0	0	0	0	0	0	0	0	0	0	0	0	0	0	0	0	0	0	0	0	0	0	0	0	0	0	0	0	0	0	0	0	0	1	0	0	0	0	0	0	0	0	0	0	0	2	0	0	0	0	0	0	0	0	0	0	0	0	0	0	0	0	0	2	0	0	0	0	1	2	0	0	0	0	0	0	0	0	0	1	2	0	0	0	0	0	0	1	3	0	0	0	0	0	0	0	2	0	0	0	0	0	0	1	0
2:Del:M:1	8	22	19	4	7	9	3	5	5	16	17	7	16	6	2	24	138	16	8	4	13	41	6	20	31	19	10	2	7	5	16	10	2	37	10	9	10	14	19	55	17	2	1	1	5	3	0	2	1	0	1	4	2	5	0	4	2	0	1	0	1	0	0	0	0	2	0	1	0	0	7	0	0	0	0	1	1	0	0	5	0	1	0	1	0	14	0	0	0	2	2	0	1	1	0	2	2	1	1	1	6	0	1	12	1	3	10	1	0	1	1	0	1	0	2	1	0	0	0	1	3	4	1	1	8	4	1	4	0	4	21	4	13	6	0	0	0	0	1	2	7	0	1	2	0	6	1	0	0	3	0	0	9	8	1	1	0	2	3	1	3	1	2	0	2	0	4	2	0	0	2	11	1	0	0	2	4	1	3	0	0	0	8	0	1	1	0	5	3	3	14	1	4	0	8	0	2	4	2	36	4	51	29	8	5	0	1	0	0	0	0	0	0	0	0	0	0	0	1	1	0	0	0	0	0	0	0	0	1	0	0	0	0	1	0	0	0	0	1	0	0	0	0	0	0	0	0	0	0	0	1	2	2	0	0	0	2	0	0	1	0	0	2	0	0	0	2	1	0	1	0	0	1	0	0	0	1	0	1	0	1	0	0	2	0	1	1	1	0	0	0	0	0	0	5	6	17	26	16	9	35	21	10	13	11	7	16	18	15	35	4	5	13	22	22	5	12	9	15	17	31	11	12	77	24	8	29	7	13	93	64	16	11	12	9	338	7	23	26	21	15	34	8	9	28	13	32	11	17	14	15	14	14	4	67	29	7	17	18	19	12	7	12	56	20	14	8	9	19	8	107	15
3:Del:M:1	3	3	2	2	2	0	0	0	4	2	3	1	5	1	1	2	8	1	2	1	3	9	1	0	13	2	0	0	2	1	10	3	2	15	2	0	0	2	2	25	4	0	1	0	1	0	0	0	2	0	0	1	0	0	0	0	0	0	0	1	0	0	1	0	0	3	1	0	0	0	3	0	0	0	0	0	2	0	0	0	0	0	0	1	0	9	0	0	0	0	0	0	0	0	0	0	0	0	0	0	0	0	0	0	1	0	6	0	3	0	0	0	1	0	0	0	0	0	0	0	0	1	0	0	1	0	1	1	0	3	14	2	1	0	0	0	0	0	0	0	2	0	0	0	0	1	0	0	0	1	0	0	1	0	0	1	0	0	2	0	1	0	1	0	0	0	0	1	0	0	0	1	0	0	0	0	1	0	0	0	0	0	0	0	0	1	0	2	2	1	1	0	1	0	1	0	0	0	4	1	1	3	0	0	0	0	0	0	0	0	0	0	0	0	0	0	0	0	0	0	0	0	0	0	0	0	1	0	0	0	0	0	0	0	0	1	0	0	0	1	0	0	0	0	1	0	0	0	0	0	0	0	0	0	0	0	0	0	0	0	0	0	0	0	0	0	0	0	0	0	0	0	0	0	0	1	0	0	0	0	0	0	0	0	0	0	0	0	0	0	0	0	0	0	1	2	1	1	3	1	15	3	7	0	1	1	7	8	3	12	1	0	8	13	5	1	4	3	5	1	5	2	1	16	17	2	4	2	3	17	6	7	4	3	2	25	1	1	8	12	4	4	1	2	5	2	15	2	1	9	2	4	3	0	9	1	1	1	1	1	2	2	1	2	9	1	1	4	5	3	6	1
3:Del:M:2	5	4	7	0	4	10	3	1	3	15	5	1	7	1	0	6	119	6	6	4	6	13	4	6	23	7	5	3	8	1	6	9	3	19	4	3	7	6	6	27	5	0	1	1	3	2	1	0	1	1	1	3	0	3	0	0	0	0	1	1	0	0	0	0	1	3	0	0	2	0	4	0	1	1	0	0	5	2	0	4	1	0	0	0	0	11	0	0	0	0	0	0	0	0	0	4	1	0	1	1	4	0	1	4	1	0	4	1	1	0	0	0	0	0	2	2	0	0	0	0	0	1	1	0	0	1	0	1	0	3	10	0	6	1	0	0	0	0	1	0	4	1	0	2	0	6	1	0	1	1	1	0	2	2	0	1	0	3	2	1	1	0	1	0	1	0	2	1	0	0	0	3	2	0	0	0	5	2	0	0	0	1	1	0	2	0	1	3	0	2	9	2	0	1	6	1	1	6	1	20	3	27	18	2	1	1	0	0	0	0	0	0	0	1	1	2	0	0	0	0	0	0	1	0	0	0	0	0	0	0	0	0	0	0	0	0	0	0	0	0	0	0	0	0	0	0	0	1	0	0	0	0	0	0	1	0	0	0	0	1	0	0	0	0	0	0	0	0	0	0	0	0	0	0	0	0	0	0	0	0	1	0	1	1	1	0	1	0	0	1	0	0	0	0	2	3	8	2	6	2	7	17	6	7	5	3	3	10	8	18	4	1	3	11	18	1	3	12	4	4	10	8	6	31	12	10	15	7	4	61	26	8	9	2	10	181	2	13	8	11	11	22	2	3	7	4	15	2	13	7	5	8	15	2	40	11	0	8	5	7	6	3	7	28	8	7	5	2	16	11	17	5
4:Del:M:1	2	2	0	0	1	1	1	1	2	3	1	0	2	0	1	3	33	4	1	4	6	12	0	1	13	2	1	0	5	2	8	3	1	10	2	5	6	0	0	18	1	1	0	1	0	0	0	0	0	0	1	0	0	2	0	0	0	0	0	0	0	0	0	0	0	0	0	0	0	0	3	0	0	1	0	0	1	0	0	4	0	0	0	0	1	9	0	0	0	1	0	0	1	1	0	1	1	0	0	0	0	0	0	2	2	0	4	0	0	0	0	0	0	0	0	0	0	0	0	1	0	2	0	1	0	0	0	0	0	1	12	1	2	4	0	0	0	0	0	0	0	0	0	0	1	1	0	0	0	0	0	0	4	1	0	1	0	0	0	0	0	0	1	0	1	1	1	0	0	0	0	2	0	0	0	0	3	0	0	0	0	0	0	0	0	0	0	1	1	1	4	0	0	0	2	0	0	3	3	8	1	8	10	1	2	0	0	0	0	0	0	0	0	0	0	0	0	0	0	0	0	0	0	0	0	0	0	0	0	0	0	0	0	0	0	0	0	0	0	0	0	0	0	0	0	0	0	0	0	0	0	0	0	0	1	0	0	0	0	0	0	0	0	0	0	0	0	0	0	0	0	0	0	0	0	0	0	0	0	0	0	0	0	1	0	0	0	0	0	0	0	0	0	0	3	1	7	8	8	4	8	6	8	3	4	4	12	10	6	14	5	1	9	10	5	1	4	3	12	4	9	7	4	26	10	0	1	7	3	22	21	13	3	3	9	74	2	6	13	16	4	10	1	2	6	6	6	5	5	5	7	4	4	0	14	11	3	1	8	2	6	2	2	15	7	8	2	1	8	4	18	4
4:Del:M:2	6	8	10	6	7	9	3	9	1	14	12	11	10	4	1	9	73	10	11	11	8	18	2	10	17	7	8	2	8	5	11	8	2	22	4	7	9	3	7	27	9	0	0	1	1	0	0	1	0	0	0	2	0	2	1	0	0	1	1	0	1	0	0	0	0	0	0	0	0	0	1	1	0	0	0	2	1	1	0	1	0	0	0	1	0	8	0	0	0	4	0	0	0	0	1	0	2	2	0	0	2	0	0	3	1	0	1	0	0	1	1	0	0	1	0	0	0	1	0	0	0	0	0	1	1	1	0	2	0	2	7	0	3	1	2	0	0	1	0	0	1	0	0	1	2	7	0	0	0	3	2	0	4	4	0	2	0	4	0	0	0	0	0	0	0	0	0	0	0	0	2	2	1	0	0	0	2	0	0	1	0	0	0	0	0	1	0	2	4	3	7	3	2	0	5	2	0	4	9	14	2	16	12	1	5	0	0	0	0	0	0	0	0	1	0	0	0	1	0	1	0	0	0	0	0	0	0	0	0	0	0	0	0	0	1	0	0	0	0	0	1	0	0	0	1	0	0	1	0	0	0	0	1	0	0	0	0	0	0	0	1	0	0	0	0	0	1	0	0	0	0	0	0	0	0	0	1	0	0	0	0	0	0	0	0	0	1	1	0	0	0	1	0	1	3	2	3	12	10	7	16	20	3	6	11	7	9	10	14	18	1	2	5	10	15	3	6	5	1	11	13	8	5	25	7	5	16	6	3	34	11	6	15	9	11	112	2	17	8	6	12	5	11	9	15	10	8	7	16	5	10	7	17	5	31	3	0	10	5	9	9	2	3	9	6	7	5	6	20	12	7	7
4:Del:M:3	18	21	11	3	8	13	2	9	7	20	14	14	12	5	4	19	101	10	8	12	14	23	3	9	26	19	8	3	8	11	6	6	8	21	13	16	25	17	15	29	34	0	1	3	0	0	1	4	0	1	0	2	3	5	0	1	0	0	0	0	0	1	1	0	0	2	0	1	0	0	8	2	0	0	0	1	5	0	0	5	3	0	1	1	0	7	0	0	0	2	0	0	0	2	1	2	0	0	2	0	1	1	0	5	1	1	5	2	1	0	0	0	0	0	2	3	0	0	0	0	0	9	0	1	2	0	0	1	0	3	3	3	3	9	1	0	0	1	0	0	0	0	1	5	2	9	0	1	0	4	1	0	10	4	1	2	0	2	2	1	4	0	1	1	0	2	3	0	0	0	0	4	2	1	0	2	5	1	0	3	0	1	3	0	0	1	0	9	1	5	14	3	2	0	14	3	1	4	6	23	3	34	18	11	9	0	1	0	0	0	0	0	0	0	0	0	0	0	2	1	0	0	0	1	0	0	0	0	0	0	0	0	0	0	0	0	0	0	0	0	0	0	0	0	1	0	0	0	0	0	0	0	0	0	0	1	0	0	0	2	0	0	0	0	0	0	0	2	0	1	0	0	0	0	0	0	1	0	0	0	0	0	0	0	0	0	1	0	0	0	1	0	0	0	9	5	15	23	20	12	17	14	5	12	14	16	16	5	15	25	4	5	11	18	22	2	10	8	3	12	13	16	18	29	10	16	17	17	16	50	20	14	27	13	26	167	6	18	17	20	20	9	6	12	32	19	14	13	22	5	20	15	19	2	55	8	5	23	16	11	21	5	12	24	13	17	8	2	17	17	17	10
5:Del:M:1	7	7	4	2	3	6	3	4	1	2	2	6	5	3	3	4	14	7	2	1	3	61	4	4	64	1	2	1	2	1	76	4	5	63	4	5	4	4	5	90	4	1	1	3	2	2	0	4	1	2	1	0	1	3	0	0	1	0	0	0	1	0	0	1	1	2	2	0	1	2	3	3	1	0	0	2	0	0	0	2	0	1	0	2	0	40	1	0	1	0	2	0	2	1	0	1	1	1	1	0	2	1	1	1	2	2	30	0	1	0	0	0	0	0	0	2	0	0	0	2	2	6	0	4	0	0	1	4	0	2	68	2	3	3	0	0	0	2	1	0	0	0	1	6	0	2	2	2	1	0	0	0	1	5	0	0	1	4	1	0	2	0	2	0	2	1	2	0	1	0	2	1	1	0	0	3	2	0	5	2	1	2	4	0	0	0	3	2	10	2	3	1	0	0	2	3	0	1	4	7	1	1	2	3	1	0	0	0	0	0	0	0	0	0	0	0	0	0	1	1	0	0	0	0	1	0	0	2	0	0	0	1	0	0	0	0	0	0	0	0	0	0	0	0	0	0	0	0	0	0	0	0	0	0	0	0	0	0	0	1	0	1	0	0	0	1	0	0	0	0	1	0	0	0	0	0	0	0	0	1	0	0	0	1	2	0	0	0	0	0	0	0	0	0	14	10	15	9	4	8	64	8	22	7	7	18	63	53	17	50	30	11	49	83	10	8	5	13	26	11	72	13	8	82	75	8	9	15	8	70	36	57	14	23	3	61	14	7	105	58	27	26	11	6	6	5	98	6	8	41	4	3	3	7	6	22	8	18	14	10	12	13	14	37	53	14	6	13	11	16	61	6
5:Del:M:2	2	6	5	0	7	2	3	6	7	3	2	6	5	3	3	0	15	6	7	5	2	33	3	6	42	5	3	1	3	6	46	4	2	48	5	5	5	3	3	66	6	0	2	1	3	1	1	3	0	1	0	0	4	0	0	0	0	0	0	3	0	0	1	0	1	0	0	0	1	3	4	2	0	0	0	0	4	0	0	3	0	2	0	1	0	27	0	1	1	3	0	0	0	0	0	1	1	0	1	1	3	1	1	0	4	1	13	3	2	0	0	1	1	0	1	1	0	1	0	0	0	2	1	1	1	1	0	1	1	0	40	1	1	2	0	0	0	0	0	1	1	3	0	2	0	3	0	1	2	4	0	1	2	1	0	1	2	3	0	1	0	1	3	0	1	0	1	1	0	0	0	1	0	0	0	1	2	0	4	1	0	2	1	0	0	4	0	0	2	4	2	1	0	0	4	1	2	2	7	5	1	4	1	4	2	0	0	1	0	0	0	0	0	1	0	0	0	0	0	0	0	0	0	1	0	0	0	1	1	0	0	0	1	0	0	0	0	0	0	0	1	0	0	0	0	0	0	0	0	0	0	0	0	0	0	1	0	0	0	0	0	0	0	0	0	0	1	0	0	0	0	0	0	0	0	0	0	0	0	0	0	1	1	0	1	0	0	0	0	0	0	0	0	0	6	10	5	9	5	6	30	5	14	3	2	9	37	39	5	23	12	9	43	37	8	6	4	4	25	7	45	4	7	42	53	3	7	7	8	33	17	22	5	11	7	22	4	5	46	36	6	10	5	1	9	7	48	4	7	19	8	6	4	2	4	6	4	7	5	5	6	8	4	12	28	7	4	8	8	7	16	11
5:Del:M:3	2	5	2	0	4	6	2	3	2	1	2	4	3	1	4	0	8	15	2	2	6	28	4	4	30	3	5	0	0	4	19	2	3	14	3	7	4	11	3	39	5	0	1	2	1	0	1	2	1	0	0	0	0	3	0	0	1	0	1	0	0	0	0	1	0	0	0	0	1	0	2	0	0	0	0	0	0	0	0	1	0	0	0	2	0	8	0	0	0	2	0	0	1	0	0	1	1	1	2	0	1	2	0	3	0	0	8	0	2	0	1	1	1	0	0	0	0	1	0	2	0	3	1	1	3	0	0	0	0	2	21	0	2	0	0	0	0	0	0	0	1	0	0	6	1	4	1	1	0	3	1	0	1	2	0	0	0	1	2	1	0	2	0	1	1	0	0	0	0	0	1	0	0	1	0	0	0	1	2	0	0	0	4	1	0	0	1	2	1	3	2	2	0	0	6	1	2	0	2	6	3	8	4	2	3	0	0	0	0	1	0	0	0	0	0	0	0	0	0	0	0	0	0	0	0	0	0	0	0	0	0	0	0	0	0	0	1	0	0	1	0	0	0	0	0	0	0	1	0	0	0	0	0	0	0	1	0	1	0	0	0	1	0	0	1	0	0	0	0	0	0	0	0	0	0	0	1	0	0	1	0	0	1	1	0	0	3	0	0	0	0	0	0	1	7	7	7	4	3	3	15	4	9	7	1	2	16	20	9	19	5	2	18	19	9	1	5	5	10	4	27	6	5	25	19	5	8	7	5	24	18	14	11	10	6	24	4	4	24	23	6	10	4	6	5	7	17	4	10	7	4	5	3	5	16	5	5	9	4	4	4	5	4	19	6	2	5	3	3	6	20	2
5:Del:M:4	8	3	8	3	1	9	1	4	0	2	3	2	4	2	3	5	13	6	1	4	3	15	1	5	13	4	7	2	2	5	10	3	2	8	1	3	1	1	1	16	2	0	0	1	0	0	0	3	0	0	0	0	2	1	0	0	0	0	0	0	0	0	1	0	0	0	1	0	0	0	3	0	0	0	0	1	0	0	0	1	0	0	0	1	2	3	0	0	0	2	1	0	1	1	0	1	1	0	0	0	2	0	0	1	0	0	3	1	1	0	0	0	0	0	0	2	0	0	0	0	0	2	1	0	1	0	0	2	0	5	6	0	1	1	0	0	0	0	0	0	2	3	2	1	0	1	1	0	0	0	0	0	3	1	0	1	0	2	4	0	1	0	1	0	1	0	1	0	1	0	1	0	1	0	0	0	2	0	1	1	0	1	1	0	0	0	0	2	3	1	1	0	0	0	4	1	1	1	5	4	0	2	7	1	0	0	0	0	0	0	0	0	0	0	1	0	0	0	0	0	0	0	0	0	0	0	0	0	0	0	0	0	0	0	0	0	0	0	0	0	0	0	0	0	0	0	0	0	0	0	0	0	1	0	0	0	0	0	0	0	0	0	0	0	1	0	0	0	0	1	0	0	0	0	0	0	0	0	0	0	0	0	0	0	1	0	0	0	0	0	0	0	0	0	0	3	1	6	9	0	8	2	4	1	1	3	11	5	6	8	5	4	4	11	10	1	4	3	6	3	17	4	2	7	10	6	6	3	5	12	5	7	12	4	9	21	3	4	11	15	7	5	4	3	4	5	13	1	8	11	4	4	5	1	9	2	2	1	3	2	9	4	2	9	9	3	3	2	4	5	5	3
5:Del:M:5	0	3	0	0	0	1	0	3	0	1	2	4	0	1	1	1	3	4	1	2	1	2	3	1	6	2	2	0	0	0	5	1	2	6	0	2	1	1	1	7	3	1	0	1	1	1	0	0	1	1	0	1	1	0	0	0	0	2	1	1	0	1	0	0	0	1	0	0	0	0	1	0	0	0	0	0	0	0	0	1	0	1	0	0	0	3	0	0	0	2	1	0	2	1	0	0	0	0	2	0	1	2	0	0	0	1	2	1	0	0	1	1	1	1	0	0	1	0	0	0	0	0	0	0	1	1	0	0	0	0	9	0	0	0	1	0	0	0	0	0	2	0	0	0	0	1	0	0	1	1	0	0	0	0	0	0	0	2	0	0	1	0	1	0	1	0	0	0	0	2	1	1	0	1	0	2	1	4	0	0	0	1	2	0	1	1	0	0	0	1	1	1	1	0	0	1	0	0	3	3	0	0	2	0	0	0	1	0	0	0	0	0	0	0	0	0	0	0	0	1	0	0	0	0	0	0	0	1	0	0	0	0	0	0	0	0	0	0	0	0	2	1	0	0	0	0	0	1	0	3	1	0	1	0	0	0	0	0	0	0	0	0	0	0	0	0	0	0	0	0	0	0	0	0	0	0	0	1	0	1	0	0	0	1	0	0	0	0	0	0	0	0	0	0	3	1	3	4	2	2	7	2	4	6	1	2	8	6	6	10	3	0	13	3	7	3	3	0	2	3	12	1	4	13	1	2	5	2	2	8	15	7	3	2	1	17	2	3	12	5	1	6	2	1	4	2	11	1	5	7	4	4	1	1	2	5	0	2	3	2	3	1	1	18	3	4	1	5	1	1	14	3
