MutationType	SP77443	SP72118	SP76891	SP125732	SP125716	SP125746	SP125797	SP76057	SP69565	SP75202	SP110736	SP107774	SP110779	SP107805	SP110789	SP71846	SP70122	SP71404	SP76955	SP107781	SP70202	SP70677	SP70082	SP70288	SP70266	SP107956	SP70956	SP108017	SP71536	SP70756	SP76675	SP71480	SP70313	SP73319	SP107813	SP77339	SP76017	SP76915	SP71974	SP70178	SP107920	SP110798	SP107952	SP70465	SP70780	SP110803	SP107915	SP71132	SP71552	SP69573	SP75681	SP107874	SP110816	SP77203	SP76515	SP110770	SP69812	SP76136	SP70106	SP108059	SP108020	SP76867	SP108088	SP71734	SP76001	SP108033	SP110822	SP69762	SP107945	SP107770	SP73263	SP77131	SP75322	SP70046	SP70932	SP71758	SP71228	SP76353	SP69587	SP69898	SP75977	SP70226	SP108068	SP107784	SP110824	SP76843	SP71456	SP108065	SP70860	SP71084	SP72262	SP69705	SP107786	SP71576	SP108123	SP74896	SP71950	SP108049	SP116965	SP77930	SP125807	SP125696	SP125725	SP125752	SP118048	SP117981	SP125749	SP125762	SP117164	SP117002	SP117158	SP125691	SP125721	SP125753	SP117972	SP125726	SP125800	SP117745	SP117351	SP117980	SP117878	SP125805	SP78013	SP118083	SP125772	SP117216	SP125784	SP117323	SP118046	SP77888	SP125766	SP125737	SP125763	SP125802	SP117656	SP77872	SP117309	SP117201	SP125685	SP117463	SP117568	SP125717	SP125707	SP125794	SP125756	SP117441	SP125780	SP125764	SP117690	SP125742	SP125804	SP125695	SP77986	SP125689	SP117523	SP125694	SP125745	SP117001	SP117949	SP117653	SP117522	SP125710	SP117214	SP125768	SP117722	SP125699	SP125771	SP125719	SP117648	SP125760	SP125770	SP77956	SP125785	SP125706	SP125705	SP125715	SP116962	SP117660	SP117643	SP125713	SP117760	SP116968	SP125775	SP125731	SP125733	SP78502	SP125791	SP125755	SP117340	SP125781	SP125783	SP116950	SP125712	SP125786	SP125693	SP116949	SP78533	SP117215	SP117040	SP117476	SP116985	SP125769	SP125778	SP117440	SP125730	SP125686	SP125758	SP77848	SP117974	SP117911	SP117165	SP117412	SP117650	SP117076	SP125757	SP125711	SP125811	SP125723	SP125809	SP125722	SP117908	SP125741	SP125724	SP117037	SP125777	SP117291	SP125793	SP125744	SP125795	SP125703	SP125761	SP117661	SP125776	SP117261	SP125698	SP125714	SP77972	SP77866	SP125704	SP117290	SP125738	SP135427	SP135403	SP102557	SP106801	SP106758	SP106808	SP102617	SP102605	SP117086	SP117700	SP135339	SP135324	SP102529	SP102507	SP102485	SP117043	SP135496	SP117228	SP118044	SP117984	SP135346	SP135492	SP102573	SP135460	SP117667	SP106815	SP106734	SP117796	SP102537	SP135334	SP102517	SP117493	SP106722	SP135434	SP106753	SP102523	SP102591	SP102547	SP118043	SP135478	SP102561	SP135274	SP106797	SP135488	SP135480	SP135455	SP135389	SP102597	SP102489	SP135410	SP135372	SP117223	SP135328	SP135444	SP106750	SP102511	SP102541	SP102567	SP117595	SP135440	SP135296	SP117294	SP135363	SP102499	SP117951	SP117085	SP106669	SP135316	SP135305	SP102581	SP106718	SP135451	SP135354	SP102611	SP135448	SP117758	SP135282	SP135288	SP135475	SP135416	SP117331	SP135468	SP135463	SP135422	SP135484	CPCT02030262T	CPCT02190001T	CPCT02160010T	CPCT02330006T	CPCT02030290T	CPCT02060058T	CPCT02130025T	CPCT02060167T	CPCT02090031T	CPCT02220061T	DRUP01020037T	CPCT02380033T	CPCT02100135T	CPCT02080286T	CPCT02380032T	CPCT02250006T	CPCT02050312T	CPCT02270017T	CPCT02060210T	CPCT02090039T	CPCT02110060T	CPCT02130044T	CPCT02130047T	WIDE01010068T	WIDE01010103T	CPCT02440009T	WIDE01010243T	CPCT02130079T	CPCT02130082T	CPCT02210054T	CPCT02120131T	CPCT02370030T	CPCT02090047T	CPCT02130118T	CPCT02080238T	CPCT02130120T	CPCT02030501T	CPCT02190041T	CPCT02130133T	CPCT02130129T	CPCT02290049T	CPCT02380050T	CPCT02090060T	CPCT02210068T	CPCT02410012T	DRUP01090022T	CPCT02050246T	CPCT02050244T	CPCT02060111T	CPCT02050070T	CPCT02250001T	CPCT02070231T	CPCT02210016T	CPCT02070132T	CPCT02180029T	CPCT02050195T	CPCT02060107T	CPCT02070177T	CPCT02030366T	CPCT02050223T	CPCT02060116T	CPCT02050239T	CPCT02210031T	CPCT02230035T	CPCT02050089T	CPCT02180009T	CPCT02330014T	CPCT02230001T	CPCT02040083T	CPCT02180020T	CPCT02050135T	CPCT02020483T	CPCT02080091T	CPCT02260012T	CPCT02210036T	CPCT02130014T	CPCT02130010T	CPCT02250002T	CPCT02090027T	DRUP01070119T	CPCT02050447T	CPCT02330135T	CPCT02200008T	CPCT02200009T
[Del(C):R1]A	9	6	9	8	12	35	7	4	16	8	4	6	6	7	13	14	5	14	9	7	8	1	6	3	4	7	5	6	7	4	8	3	6	2	8	8	9	10	8	5	8	7	6	6	3	8	4	4	6	2	3	3	3	16	6	4	2	13	10	4	2	2	8	1	4	6	11	6	8	3	5	6	12	6	6	7	7	7	1	11	5	4	5	6	2	3	9	2	5	4	6	6	11	6	6	9	5	5	18	5	8	7	7	4	9	3	9	6	6	8	7	12	4	6	5	5	0	6	6	5	4	5	3	13	4	5	5	12	6	2	7	7	12	5	11	3	5	10	5	2	13	5	0	9	18	6	3	10	5	10	14	7	1	12	6	2	6	3	6	3	6	5	4	7	5	8	19	6	9	3	25	7	7	16	7	3	3	5	19	22	3	8	5	4	6	2	4	8	9	5	7	7	10	8	5	6	7	12	7	6	4	5	19	8	2	6	4	0	3	3	7	15	9	5	5	12	6	6	5	0	8	5	3	2	16	11	3	2	7	8	10	9	7	7	16	4	3	2	6	8	6	1	0	1	1	6	5	9	1	0	2	5	1	6	5	1	4	2	4	0	5	5	0	1	2	1	2	0	0	11	1	12	1	4	1	1	4	0	4	12	3	1	4	3	13	0	12	3	4	5	0	0	2	3	1	0	7	3	7	1	7	9	0	2	4	1	1	3	4	13	0	8	4	3	11	3	4	3	3	2	7	6	1	2	6	4	1	6	10	3	25	4	9	13	14	8	14	4	5	4	7	13	4	7	5	8	2	3	8	7	1	2	5	4	5	5	7	6	24	3	6	9	7	9	6	6	7	8	9	8	6	9	7	6	11	1	2	10	417	9	1	7	7	4	10	5	6	5	7	4	19	35	2	2	7	16	21	8	9	5	7	10	7	3	1	22	10	9	3	7
[Del(C):R1]T	4	5	7	9	7	31	15	7	36	14	5	7	17	10	31	16	3	12	5	6	17	2	5	7	4	17	10	7	4	5	33	3	7	4	13	5	4	8	22	10	5	5	5	16	9	10	14	12	11	5	2	20	5	32	9	7	11	14	15	4	7	15	8	6	7	4	10	7	11	9	6	9	37	6	5	4	17	6	2	15	4	5	7	11	6	18	13	9	11	11	7	7	3	5	5	15	12	7	83	2	15	9	8	5	14	6	12	13	5	4	11	15	7	6	10	9	1	5	7	6	12	6	3	26	5	12	9	27	5	3	3	25	20	9	19	4	4	7	9	7	17	5	1	0	22	8	15	34	6	13	28	4	2	18	7	10	6	4	10	5	7	2	9	7	10	13	47	10	10	6	45	2	12	31	8	2	1	5	36	44	6	3	5	7	4	3	4	4	17	4	7	6	11	19	13	22	1	15	4	0	6	6	36	8	4	5	6	5	2	7	10	21	6	5	11	14	7	7	5	6	8	4	5	9	25	14	4	9	5	8	17	10	10	6	37	8	5	1	3	6	6	14	2	2	0	4	5	22	3	0	3	11	2	10	4	2	7	5	3	0	0	1	2	2	2	2	4	3	5	12	11	5	0	5	4	1	11	4	7	13	1	0	3	6	34	1	1	6	0	0	4	6	3	4	1	2	4	5	18	1	9	11	0	8	6	2	3	8	2	43	3	6	2	6	46	4	17	3	9	2	4	14	2	0	5	7	8	13	10	6	50	4	8	9	17	6	44	12	4	5	6	16	6	2	9	7	8	5	9	7	3	4	6	6	7	7	7	13	37	7	8	20	0	23	11	2	8	5	18	22	5	28	9	11	25	3	8	14	338	5	9	6	17	6	10	8	6	6	21	10	19	67	3	1	7	24	20	8	11	6	5	13	10	5	3	24	7	5	11	5
[Del(C):R2]A	11	3	5	3	4	14	4	6	12	2	5	4	6	5	8	4	2	11	2	2	7	3	2	3	4	3	4	4	3	4	11	0	5	2	4	7	3	7	6	3	4	3	1	4	1	4	2	2	4	5	2	2	2	11	1	2	3	16	1	5	4	3	6	2	3	5	4	3	1	2	1	3	6	1	3	7	2	3	0	5	4	1	6	6	2	1	10	3	6	5	2	2	9	5	0	2	2	2	14	2	2	5	4	7	8	5	4	5	1	4	4	7	3	4	8	8	0	7	4	3	2	2	2	12	1	3	0	11	3	2	2	3	8	0	7	2	5	5	3	6	7	3	0	7	7	4	1	4	2	4	7	4	0	14	2	1	2	1	4	3	2	5	4	2	1	4	6	3	2	2	17	0	2	10	4	3	2	0	7	11	4	5	0	3	4	2	3	2	5	4	1	2	1	5	6	2	3	6	4	2	5	2	22	7	1	4	2	0	3	1	3	5	4	3	5	6	4	3	3	2	2	2	1	4	7	5	2	3	2	3	5	4	3	4	7	3	4	0	2	6	1	0	1	1	0	1	4	2	1	0	2	5	1	0	3	1	3	5	0	0	2	3	0	0	3	0	1	1	2	2	1	5	0	1	6	0	3	2	4	3	1	0	1	0	8	1	2	6	2	0	2	1	2	1	1	0	0	5	4	2	4	5	1	6	7	0	1	3	0	8	0	2	3	3	12	0	4	0	2	1	3	5	3	0	3	1	2	5	4	1	9	2	1	5	1	4	13	3	4	1	5	3	3	10	3	2	2	3	9	5	2	2	2	3	4	5	0	2	10	0	4	4	7	11	2	1	5	6	2	12	2	15	5	1	3	1	5	4	99	2	9	5	7	3	4	2	3	16	9	6	10	11	3	2	7	6	13	2	6	4	3	9	9	2	0	5	4	3	0	3
[Del(C):R2]T	8	7	6	5	4	15	4	6	15	10	5	3	5	2	18	10	4	5	1	7	8	3	4	5	1	3	7	2	6	6	12	5	6	6	4	7	6	4	12	5	3	2	6	5	3	4	2	6	1	0	5	3	4	7	6	4	5	19	5	4	2	4	5	5	8	7	6	0	2	3	4	7	16	3	9	4	7	3	0	2	8	7	6	7	2	4	9	6	6	5	2	1	10	2	3	4	9	2	28	3	4	5	5	7	3	8	4	1	3	6	8	12	4	5	3	4	0	0	5	5	6	3	1	18	3	3	3	5	6	4	5	13	7	3	7	2	10	4	3	5	7	3	0	4	11	6	11	8	3	5	14	3	2	6	7	3	4	3	6	7	6	7	4	7	3	6	20	4	3	4	15	3	3	15	7	2	1	3	11	14	2	4	5	4	2	1	5	4	9	4	5	5	2	5	6	8	5	4	7	3	4	4	23	8	5	3	5	2	6	8	4	16	6	3	6	3	7	1	3	2	7	6	6	8	12	4	3	5	5	2	2	6	6	4	10	5	2	0	6	6	5	3	0	1	3	2	2	6	2	0	2	7	0	3	3	0	6	3	4	0	4	3	0	1	4	0	9	0	4	3	4	2	0	1	7	2	7	3	5	1	2	2	1	4	16	1	4	3	2	1	2	0	2	2	0	0	2	1	7	0	4	8	0	2	2	0	2	1	8	17	0	2	2	0	20	3	2	3	3	1	4	9	1	0	0	7	4	9	6	4	13	4	4	3	12	7	11	3	4	4	4	10	4	3	3	3	4	2	4	9	2	4	5	1	1	0	2	3	15	1	8	6	5	11	2	5	3	9	7	12	0	14	3	3	5	3	10	9	100	0	6	9	8	1	4	4	2	8	11	4	4	34	0	4	2	7	8	4	7	3	4	5	16	5	4	12	7	2	2	3
[Del(C):R3]A	8	3	2	2	4	31	1	3	5	1	0	1	1	1	2	6	0	4	0	2	6	1	1	3	2	0	0	0	1	2	6	1	2	3	0	2	1	1	9	1	3	4	2	5	2	3	2	2	3	3	2	0	1	8	1	4	4	3	4	2	4	4	1	1	4	2	6	3	5	3	0	2	1	1	2	3	3	2	0	1	0	3	4	4	3	1	6	3	1	2	3	2	0	1	2	3	0	1	20	1	3	3	3	4	6	6	2	2	3	1	1	3	3	1	0	2	1	4	1	7	1	1	4	4	0	2	0	9	3	1	4	4	6	0	7	0	4	0	1	1	8	0	0	2	1	2	1	7	0	6	9	1	1	6	4	1	1	3	0	2	4	4	0	1	2	2	5	1	3	3	17	2	1	8	5	1	1	1	7	14	1	3	1	2	0	2	1	0	6	2	0	1	2	2	7	3	3	2	1	4	1	0	7	2	0	3	2	2	1	2	3	5	5	1	1	1	1	3	3	1	4	2	1	4	8	0	0	2	0	0	0	5	3	1	3	1	1	0	3	1	2	0	0	1	1	1	0	4	2	1	1	2	1	1	1	1	4	2	0	0	0	1	0	2	1	0	3	1	2	2	2	2	0	2	2	1	1	0	3	0	2	0	0	1	3	1	0	1	1	0	0	0	1	0	0	0	0	3	5	0	1	2	1	4	2	0	1	2	1	8	0	2	1	0	5	0	3	2	4	1	1	1	0	1	4	2	1	1	5	2	18	4	4	3	7	9	6	3	1	1	4	6	1	6	4	3	1	1	2	2	1	1	0	1	2	8	2	2	5	0	4	3	3	4	3	4	0	0	0	6	1	11	1	4	5	2	6	1	100	3	3	6	6	1	0	3	2	8	2	2	4	15	1	1	3	5	6	5	3	2	5	0	4	1	1	2	4	3	0	0
[Del(C):R3]T	2	2	2	4	3	21	1	4	2	3	2	0	2	3	4	5	1	3	1	1	3	1	1	3	0	4	1	2	0	1	6	2	3	2	4	1	1	0	3	1	1	2	1	3	3	4	1	3	5	0	1	2	0	5	2	2	0	9	2	2	0	0	3	1	4	1	0	0	4	2	1	5	7	1	1	1	3	3	0	4	0	2	2	1	2	3	2	2	4	2	1	2	7	1	3	4	1	2	8	0	3	3	1	3	1	1	1	0	1	2	4	4	1	3	1	7	0	1	1	1	2	3	5	5	3	2	2	8	2	2	2	1	5	3	3	1	4	3	1	0	0	1	0	0	6	2	3	9	0	3	6	3	0	3	1	6	2	2	2	0	1	4	3	3	2	4	4	0	1	0	10	0	3	3	0	1	1	1	4	17	1	2	2	0	0	0	1	0	5	5	2	0	1	0	3	4	2	1	3	1	1	2	11	2	1	4	2	0	1	2	1	6	2	1	1	1	0	1	1	1	3	3	0	1	5	1	1	2	2	1	2	4	1	2	6	0	1	2	0	6	3	0	0	0	0	1	0	1	0	0	2	1	1	3	0	0	0	1	0	0	1	2	0	0	0	0	0	1	0	0	1	2	0	0	1	1	1	1	3	1	0	0	1	0	5	0	0	1	1	1	0	0	1	0	0	1	0	2	0	0	0	2	0	4	1	0	0	0	0	6	1	4	1	1	4	1	1	0	1	0	0	1	1	0	0	2	1	4	2	0	12	3	4	8	2	2	4	1	1	2	3	4	4	1	3	2	2	4	2	3	0	1	2	2	4	3	0	2	12	2	1	1	2	3	4	0	5	5	4	5	1	7	1	1	3	2	0	1	106	1	2	1	1	0	1	0	2	0	3	2	5	13	0	0	2	8	3	1	5	4	2	2	3	1	1	4	0	3	1	3
[Del(C):R(4,5)]A	5	4	2	44	3	354	6	3	9	2	1	5	6	6	9	6	1	8	2	0	4	0	1	4	3	5	3	3	2	0	6	2	4	0	5	5	3	2	5	2	2	1	2	2	4	6	3	1	4	2	1	3	1	9	3	1	0	9	2	3	1	3	5	6	2	0	3	2	4	2	4	1	6	1	2	1	8	1	0	1	2	3	6	2	2	8	3	3	1	1	3	5	3	1	3	2	6	2	11	1	5	4	3	3	4	4	1	2	2	1	1	6	2	3	2	4	0	4	0	5	3	3	4	2	0	3	5	2	3	4	4	2	3	4	5	0	1	5	5	2	6	3	0	1	4	2	3	5	2	4	12	4	1	10	2	2	1	3	8	1	2	5	4	4	2	1	6	3	0	4	55	0	1	10	3	1	1	0	15	15	4	2	1	6	1	1	1	2	3	2	1	6	0	0	17	2	1	5	2	3	2	2	12	3	1	2	2	0	1	0	0	3	0	1	1	1	2	5	1	0	3	2	7	0	8	3	0	1	2	3	1	2	2	1	8	1	2	1	5	3	0	2	0	1	0	0	0	4	2	0	4	7	0	1	2	1	2	0	3	0	1	1	0	0	0	0	0	0	0	2	1	0	0	1	2	0	0	1	2	3	1	0	1	1	10	0	7	4	0	0	0	1	1	0	0	0	1	1	2	1	0	3	0	3	2	1	1	3	1	8	0	0	3	2	11	0	2	0	2	0	0	5	0	1	1	1	1	3	3	1	20	3	4	1	3	5	8	1	4	2	1	4	4	4	1	2	3	1	3	3	0	0	3	3	2	4	2	5	8	3	4	1	1	3	4	1	4	2	3	4	2	7	6	4	3	0	2	3	1320	1	4	1	2	3	4	1	2	5	0	2	23	11	0	1	6	6	4	3	4	2	5	7	2	2	3	23	5	2	1	0
[Del(C):R(4,5)]T	1	2	1	43	1	346	3	2	7	0	2	0	0	1	5	4	0	2	0	2	3	0	0	3	1	1	1	1	0	3	6	1	3	0	1	4	1	1	6	2	0	2	1	5	0	1	0	4	5	0	3	1	0	4	3	3	1	8	1	0	1	1	1	0	3	3	6	0	2	1	0	2	3	2	2	1	7	0	1	2	2	0	1	3	2	1	3	0	4	1	1	2	3	1	0	2	3	1	8	0	0	1	2	3	3	3	2	2	1	2	2	3	1	3	0	1	1	2	3	3	3	0	3	8	0	2	1	3	3	0	1	1	2	4	6	0	0	4	0	0	5	0	0	2	0	3	3	6	2	1	4	1	1	5	0	2	1	3	4	1	0	2	1	3	2	2	5	3	4	1	41	0	2	3	4	0	2	2	9	10	2	2	1	1	3	0	0	1	4	0	4	1	0	1	17	5	0	1	1	2	0	3	3	2	1	3	1	0	5	1	1	4	0	1	2	2	2	3	3	2	3	3	2	3	4	3	0	3	3	1	1	0	2	2	2	0	2	0	0	3	2	0	0	1	0	1	1	1	0	0	0	1	1	0	0	1	1	2	1	0	2	0	0	0	0	0	1	0	0	4	0	1	0	1	3	0	1	0	1	0	0	0	1	1	2	0	5	3	0	0	0	2	2	0	0	2	2	0	4	2	5	4	0	2	1	2	1	0	0	7	0	1	1	1	4	0	2	0	2	1	3	0	1	1	1	1	1	3	3	0	9	4	2	0	3	6	4	3	0	0	6	1	1	1	2	2	4	2	5	7	0	1	1	0	2	0	1	3	5	2	1	3	3	1	1	3	3	1	2	2	1	5	2	2	1	2	3	2	1185	3	3	0	4	1	3	3	1	1	2	3	14	8	2	0	3	4	2	2	3	4	5	4	1	1	1	28	1	4	1	1
[Del(C):R(1,5)]G	8	2	2	16	4	123	4	2	3	3	1	3	5	3	1	1	4	1	5	1	4	2	1	0	4	1	3	3	2	1	11	0	3	0	4	2	1	3	6	0	2	1	4	3	2	2	0	1	5	3	2	0	0	6	3	1	1	4	1	2	1	1	4	3	2	1	6	1	2	1	2	2	4	2	2	1	3	1	0	0	2	4	4	1	2	7	3	2	4	0	4	1	0	3	1	1	1	0	5	0	2	2	5	0	6	2	1	1	2	6	1	3	2	3	0	1	0	2	0	3	4	3	1	5	1	2	1	5	2	3	0	2	3	2	3	0	1	2	3	0	5	3	0	1	9	3	2	5	2	3	5	4	2	8	2	3	0	2	2	0	3	4	2	4	2	5	4	3	4	3	21	1	1	3	1	1	0	2	9	9	2	0	1	2	1	2	3	5	7	2	4	4	2	4	5	3	0	4	6	2	2	3	8	3	2	7	4	0	3	0	3	5	1	4	4	2	0	2	1	2	2	1	1	2	4	3	2	2	2	1	1	3	2	0	3	1	1	0	4	4	4	1	0	0	2	0	1	3	0	1	1	4	0	3	2	0	2	3	2	0	0	3	0	0	2	0	4	0	1	1	0	1	0	4	0	0	0	1	3	3	1	0	1	1	3	0	2	0	0	0	0	1	1	1	0	0	2	2	2	1	0	3	0	3	1	0	0	3	0	4	1	4	2	2	2	1	3	0	2	0	2	1	0	0	1	2	2	2	6	0	9	1	1	4	5	3	5	3	4	1	1	6	2	3	2	2	2	1	7	1	0	1	1	0	3	2	4	2	8	2	2	1	2	3	4	0	2	0	0	0	2	5	2	1	3	1	4	2	496	0	8	2	2	3	7	3	2	1	5	4	13	10	0	3	3	8	3	0	1	4	5	2	4	2	4	7	3	1	2	3
Del(C):R(6,9)	1	4	1	183	6	1814	6	1	10	2	2	4	2	4	2	1	9	15	0	3	2	3	1	4	4	2	3	0	1	4	5	5	2	3	3	4	6	3	10	7	1	2	4	1	2	2	2	5	4	2	1	4	1	19	10	7	0	2	4	2	2	7	2	2	0	7	6	4	3	1	3	6	23	0	2	0	10	8	1	5	2	4	4	9	0	7	3	2	6	1	4	2	8	2	1	2	3	2	18	2	7	5	6	8	4	0	0	6	2	10	0	10	7	2	4	3	1	8	3	0	6	5	6	4	2	6	9	12	7	0	5	2	3	4	4	0	3	5	3	2	2	3	0	4	1	2	7	12	1	0	6	3	0	6	3	2	3	3	10	2	5	2	9	6	8	2	12	2	2	2	235	2	8	4	2	1	4	3	8	6	5	4	2	4	3	0	1	2	8	1	2	5	2	2	22	1	1	0	4	4	1	1	3	2	2	1	4	2	6	3	6	3	1	2	5	3	2	2	3	0	6	6	11	4	4	3	4	6	0	4	6	5	2	2	6	3	3	1	5	5	2	0	0	0	0	0	0	0	1	0	0	2	0	2	1	1	0	2	0	0	0	0	0	0	1	0	2	1	2	2	0	3	0	2	0	0	0	0	1	0	1	0	1	0	4	0	25	0	0	0	1	1	0	0	0	0	2	0	1	0	0	1	0	0	1	0	0	0	0	5	0	1	2	0	5	1	2	3	1	0	1	1	0	0	0	1	1	8	5	3	6	5	13	10	3	13	4	10	3	0	9	4	5	5	1	3	6	4	9	16	1	10	1	6	5	4	5	6	6	5	10	8	4	16	5	2	7	4	3	5	7	6	6	11	2	2	4	4	6963	5	1	5	10	3	6	3	0	2	3	7	56	10	3	0	1	18	8	13	7	9	11	3	9	4	1	275	5	5	4	1
A[Del(T):R(1,4)]A	11	18	4	25	8	189	8	7	23	5	3	2	4	6	8	7	7	18	9	5	8	6	4	7	6	13	4	6	3	14	16	8	12	6	13	2	4	9	17	17	8	7	11	7	2	6	6	8	17	5	6	6	5	21	13	12	4	22	8	6	7	7	8	8	4	8	7	5	4	9	7	6	18	3	8	3	15	3	5	12	7	5	8	11	2	9	15	10	7	10	9	7	13	10	3	9	6	3	28	2	11	6	8	6	13	7	7	3	4	10	7	18	2	5	9	11	2	4	7	8	3	5	8	10	3	5	5	10	11	8	7	12	18	8	5	2	7	10	4	7	15	10	0	8	18	9	8	19	8	8	10	8	3	16	4	3	7	6	9	5	4	1	3	12	8	4	14	6	2	3	71	4	9	11	8	2	4	8	19	29	7	10	7	11	8	6	3	12	14	5	8	10	4	9	8	11	4	8	3	11	7	3	25	14	3	8	4	2	4	9	10	13	7	2	4	5	5	9	8	5	8	3	1	6	9	6	6	7	1	8	3	8	6	3	18	15	4	4	10	14	4	8	0	4	0	2	0	5	3	1	2	4	0	5	5	0	3	2	3	0	4	3	0	5	2	1	5	0	5	4	3	7	0	3	5	2	4	2	3	6	1	0	0	1	15	0	8	2	1	1	0	2	1	3	0	3	4	5	5	3	5	7	0	4	3	2	1	2	0	9	0	4	2	1	17	4	5	2	5	2	3	8	0	0	4	0	5	6	14	5	29	9	10	5	12	14	22	7	5	9	11	21	2	3	3	9	4	8	9	14	1	5	7	9	8	11	0	10	23	4	8	6	7	8	11	2	14	11	14	18	4	12	9	7	14	3	4	12	810	9	6	16	10	8	11	8	7	10	6	6	40	46	7	3	8	29	17	10	11	4	18	5	10	4	6	49	4	11	3	7
A[Del(T):R(1,4)]C	5	6	4	32	3	68	3	3	10	4	0	5	6	2	5	6	3	8	1	1	6	3	1	4	3	5	4	2	2	3	12	7	3	3	7	2	4	8	10	7	2	2	5	1	7	7	2	7	9	2	6	6	0	8	3	5	1	9	4	4	2	2	2	2	2	2	4	2	3	1	3	1	9	4	4	7	13	3	1	3	5	3	7	8	3	1	5	4	3	3	1	4	10	1	1	2	3	2	18	4	1	5	3	2	3	5	5	5	2	1	1	9	5	4	6	5	0	2	1	6	4	1	3	8	1	4	3	6	8	4	6	1	5	3	3	2	0	6	4	5	1	3	0	2	8	5	1	7	4	8	9	2	2	9	1	3	2	6	6	1	1	7	3	12	3	3	6	6	1	3	53	2	2	3	1	1	3	4	8	21	4	5	0	3	3	2	2	3	3	2	4	2	5	4	5	7	2	4	3	4	5	2	8	3	1	0	5	1	3	5	2	1	2	2	0	3	3	2	4	0	2	3	6	2	14	3	3	3	6	1	1	6	3	3	8	4	2	1	7	2	2	1	0	0	2	0	2	2	0	0	0	2	1	3	5	0	0	0	0	0	2	1	0	2	2	0	2	2	0	1	1	2	1	0	2	0	3	2	0	3	1	1	0	2	8	0	5	0	1	3	4	1	0	1	0	2	5	2	4	2	2	3	1	4	0	0	2	2	1	4	0	2	0	2	9	2	0	0	1	0	1	6	5	0	2	0	1	5	6	3	9	2	5	2	5	4	15	4	2	3	5	7	2	1	4	10	1	5	7	2	0	4	3	2	2	3	2	5	4	2	2	3	3	4	5	2	2	3	4	7	2	8	2	5	3	2	3	3	292	2	4	4	7	1	5	2	2	6	3	4	21	9	1	1	3	13	7	4	4	10	2	3	2	3	3	19	1	1	0	3
A[Del(T):R(1,4)]G	4	5	4	30	3	74	2	4	9	1	2	2	4	10	17	9	4	8	3	2	3	2	2	9	4	7	4	1	4	4	8	3	5	1	3	3	4	5	6	6	3	6	4	6	1	5	0	4	7	3	6	2	2	12	2	6	3	10	2	5	2	3	3	6	3	1	2	2	4	4	3	3	8	1	3	6	10	0	2	0	1	2	4	3	5	1	3	3	5	3	2	3	14	3	2	4	6	0	16	3	6	4	3	3	4	4	6	5	1	3	0	8	7	0	5	5	0	3	4	4	5	6	4	4	2	9	7	6	4	2	5	6	3	4	7	1	3	5	4	5	3	3	0	2	6	5	5	10	2	7	7	4	1	9	5	3	3	3	4	0	5	3	2	4	3	4	11	6	4	4	26	1	6	7	4	3	3	4	9	14	2	6	3	7	5	1	3	6	4	2	4	2	2	2	3	7	2	1	5	2	3	3	13	5	2	3	2	1	8	3	5	7	7	3	4	6	3	4	2	7	7	5	3	1	4	5	0	2	3	6	5	7	5	2	10	3	3	1	2	8	5	3	0	0	0	1	5	2	2	0	0	5	0	3	0	1	2	3	1	0	2	0	0	0	1	2	3	0	4	9	2	5	0	3	4	1	4	2	5	1	0	0	0	3	5	1	4	0	3	0	3	0	2	0	0	2	1	3	2	1	1	4	4	0	1	2	0	1	0	6	2	3	1	0	10	3	7	2	4	5	3	6	2	0	3	1	2	6	3	5	10	2	4	2	2	8	12	5	4	3	3	2	2	5	6	2	5	3	8	2	1	3	5	4	5	2	0	3	10	1	6	6	7	9	8	0	3	2	3	4	3	9	2	6	7	3	5	2	276	0	2	10	5	3	5	4	1	4	3	2	12	10	2	0	6	9	4	3	2	1	6	5	3	3	3	16	2	1	0	5
C[Del(T):R(1,4)]A	11	7	4	31	7	81	5	5	12	8	4	3	10	6	14	7	1	8	3	5	7	2	2	4	5	6	3	3	2	8	10	3	2	3	5	4	6	4	12	5	5	2	8	7	7	2	5	3	5	0	3	4	3	5	10	4	4	10	8	2	6	6	1	5	2	8	7	10	4	3	5	7	13	3	5	5	6	3	0	6	4	5	8	2	6	5	6	6	3	7	3	4	8	4	1	1	7	1	21	2	11	6	8	4	6	4	8	5	2	2	7	9	5	8	4	2	1	5	4	6	1	2	5	13	2	5	7	10	3	4	4	13	6	4	10	1	4	8	6	2	10	1	0	6	7	4	11	7	3	5	3	1	0	8	4	7	5	9	5	4	3	2	5	13	4	4	12	4	6	4	41	3	4	16	6	1	1	6	15	21	2	4	3	4	4	1	6	3	5	3	6	8	4	7	5	8	1	8	4	4	3	5	26	3	2	2	1	0	4	5	4	11	4	2	4	5	2	3	1	2	1	3	5	3	9	6	2	3	3	2	5	8	5	6	6	2	1	0	2	4	6	5	0	1	1	1	1	6	0	0	1	2	1	4	2	2	5	1	1	0	4	0	0	0	2	0	1	1	3	5	0	2	2	0	4	0	1	1	1	4	4	0	1	1	10	0	1	3	2	4	1	2	2	0	0	1	4	3	4	2	1	3	0	4	2	0	1	3	0	11	1	0	1	3	11	2	4	2	2	0	0	5	3	2	1	2	3	5	1	2	12	4	3	2	5	6	11	3	3	0	4	12	5	2	4	5	1	4	9	8	5	5	5	5	2	2	2	6	11	1	5	5	3	6	1	3	4	4	4	12	3	9	5	9	6	2	7	5	312	2	2	5	3	1	2	2	3	6	5	6	21	33	0	0	2	14	9	3	6	4	0	6	9	3	4	12	2	5	0	0
C[Del(T):R(1,4)]C	2	4	3	49	1	96	3	4	5	0	1	3	5	5	4	5	2	8	1	3	5	1	0	0	5	2	3	2	3	3	9	2	8	2	3	4	6	8	4	4	4	1	2	4	3	4	1	4	8	3	2	3	3	16	1	5	2	12	4	5	4	1	1	1	3	3	1	4	3	4	3	3	8	4	3	4	7	5	3	5	5	3	6	0	2	2	6	4	5	1	2	7	7	2	6	3	2	1	11	1	3	6	6	4	5	3	2	4	2	8	5	5	3	0	3	1	0	3	10	3	0	3	3	7	1	5	6	15	5	3	2	5	3	5	3	0	2	6	3	2	11	5	0	4	3	7	8	8	2	7	7	3	2	4	3	1	2	4	6	0	3	1	6	10	3	3	9	3	0	1	63	1	2	8	4	3	1	7	8	18	3	4	3	3	5	0	3	4	7	7	3	2	4	5	8	7	3	2	4	0	5	4	12	3	2	2	3	0	4	0	5	6	3	1	7	5	2	7	1	2	2	3	4	5	14	5	0	3	1	8	2	2	3	2	8	3	5	2	3	3	1	1	0	0	0	1	2	2	1	0	2	2	0	1	3	0	2	0	4	0	1	3	0	0	2	0	1	1	1	0	2	1	0	0	4	0	3	3	0	1	4	0	0	2	13	4	1	2	0	1	2	0	1	3	0	3	1	5	4	1	3	3	0	4	1	2	0	2	0	5	0	0	1	2	7	1	3	1	3	2	1	3	3	0	2	2	1	4	3	1	10	3	3	7	8	8	6	4	4	3	5	9	6	2	5	6	6	2	4	7	2	2	3	2	3	2	2	6	10	4	8	6	2	5	4	2	6	6	7	9	3	10	6	3	5	3	3	2	399	2	1	10	9	3	7	4	2	3	4	0	10	16	2	3	5	8	9	4	5	6	4	5	5	3	0	19	5	5	0	5
C[Del(T):R(1,4)]G	11	3	3	23	7	72	4	10	16	1	1	4	7	6	13	9	5	7	2	4	3	2	2	5	6	2	4	2	2	5	6	3	3	4	3	2	2	9	12	3	4	2	8	14	6	8	1	5	3	5	6	9	0	7	4	5	1	8	6	1	2	3	4	0	4	3	4	7	2	3	4	1	8	4	6	4	4	6	2	2	2	7	7	6	5	4	4	5	5	5	1	9	6	3	2	7	4	1	22	4	4	5	2	6	7	3	5	4	4	4	2	10	3	1	3	1	0	2	5	3	4	6	2	4	4	2	3	15	5	6	2	7	6	3	9	1	2	6	7	4	7	4	0	3	7	7	4	12	7	9	11	3	1	14	4	3	3	0	2	1	4	3	4	6	4	4	17	2	2	6	43	3	2	8	3	2	3	5	9	15	6	5	3	3	3	3	4	4	4	6	7	5	5	6	11	6	8	4	2	5	6	5	13	2	3	2	3	2	4	4	7	8	7	2	6	3	3	7	3	1	5	6	6	4	8	4	3	1	6	3	4	5	8	4	9	5	4	1	4	2	3	2	0	2	2	2	2	2	1	0	3	3	0	5	3	2	5	0	1	0	2	0	0	2	0	0	2	1	3	4	5	0	2	5	2	0	4	3	5	0	4	0	2	2	10	2	3	2	2	0	4	1	1	2	1	2	4	2	8	3	3	2	0	9	3	2	0	2	1	13	1	4	3	4	8	0	2	2	2	2	4	2	1	3	5	3	1	3	1	7	12	2	8	3	3	3	7	3	3	0	1	7	2	4	1	8	1	5	5	6	3	1	5	4	4	3	2	4	13	6	3	3	3	8	10	1	4	2	3	8	5	9	3	5	5	1	6	5	249	3	5	5	5	5	1	4	0	5	8	6	10	16	1	3	0	10	8	3	3	2	4	8	3	4	4	16	3	5	1	3
G[Del(T):R(1,4)]A	6	2	4	17	2	67	3	1	9	3	1	1	6	4	3	4	5	7	1	6	1	2	2	1	2	9	3	3	0	3	10	2	1	0	4	2	2	12	4	3	3	5	8	5	2	3	2	3	3	4	1	5	3	5	2	4	1	9	2	3	1	0	4	2	1	2	6	6	3	1	3	5	13	1	3	0	6	0	0	7	3	2	1	6	1	2	4	2	2	3	5	1	6	4	2	6	2	1	16	3	3	10	4	2	9	1	2	6	1	3	2	5	3	1	2	6	0	3	3	1	3	3	0	11	0	1	4	7	2	2	5	6	6	4	3	2	3	4	1	3	6	1	0	4	11	6	2	11	1	8	10	2	0	8	3	3	2	0	2	1	3	2	3	5	1	4	9	2	2	2	31	1	3	9	1	1	2	4	6	14	1	1	4	3	4	1	2	5	5	3	0	4	1	3	1	6	1	5	0	2	0	1	8	4	1	2	3	0	3	0	3	6	2	1	0	1	4	2	3	2	1	2	3	4	4	3	1	1	2	1	1	1	5	2	7	4	2	3	2	2	3	0	0	1	1	3	1	3	1	1	0	2	1	1	2	1	3	4	0	0	3	0	0	0	0	0	4	1	1	1	0	3	0	1	2	0	2	2	2	1	1	0	2	4	8	0	3	4	3	1	0	2	2	0	0	0	1	0	5	4	1	7	0	2	2	0	0	1	2	11	0	1	0	2	8	1	1	0	0	2	0	0	0	0	3	3	3	5	3	0	7	3	6	1	8	1	16	5	2	2	4	6	1	1	3	2	2	1	4	6	1	1	3	5	5	3	2	8	5	5	4	4	4	4	3	1	1	1	4	5	0	3	1	7	9	3	5	6	356	3	2	6	7	2	3	3	0	5	5	2	17	15	1	1	3	8	6	5	1	2	3	4	7	1	2	14	6	2	2	4
G[Del(T):R(1,4)]C	4	4	2	37	4	59	1	5	10	2	2	2	1	4	8	4	3	7	3	0	7	1	1	3	4	3	0	1	1	3	14	2	2	3	0	2	0	6	4	9	3	2	1	1	2	4	1	3	5	1	5	4	1	8	3	4	3	9	2	1	1	2	4	2	3	0	3	2	3	2	2	1	6	2	1	2	9	0	0	4	5	0	1	7	0	7	4	3	4	1	1	3	4	1	1	1	2	1	18	0	0	5	1	0	4	1	3	2	3	3	2	4	0	2	4	2	0	0	0	2	4	4	0	5	1	5	3	10	4	0	1	2	4	2	3	0	1	3	3	0	1	1	0	4	7	2	2	7	1	7	4	1	4	8	3	4	0	3	3	0	3	1	2	4	2	3	4	2	1	4	34	0	4	7	5	2	1	1	5	10	4	2	2	3	0	0	1	0	5	4	1	2	1	1	5	5	1	2	5	2	0	4	8	0	1	0	1	0	1	1	2	3	5	1	0	3	4	1	4	3	1	2	2	0	4	1	3	4	0	2	5	2	1	2	2	0	3	0	2	0	2	0	0	1	0	0	1	0	0	1	0	2	0	2	3	1	0	1	0	1	0	1	0	2	0	0	0	0	2	0	4	4	0	0	1	0	1	1	0	3	0	0	0	1	4	1	3	0	0	0	0	0	0	1	0	0	1	3	6	2	0	1	2	0	1	0	0	0	0	1	2	0	0	0	5	0	5	0	1	1	1	1	1	1	0	2	2	5	0	0	4	1	3	1	0	5	10	3	3	1	2	3	1	1	3	0	1	1	4	1	0	1	0	3	4	0	0	0	8	2	4	6	3	5	2	1	3	3	2	5	2	10	0	2	4	2	2	3	331	2	0	1	6	0	3	2	0	1	6	3	15	14	0	0	2	5	5	3	2	0	3	0	2	3	1	6	2	2	1	1
G[Del(T):R(1,4)]G	8	2	2	24	3	61	4	5	15	5	5	3	1	4	8	8	1	8	3	6	5	2	2	4	3	2	2	3	0	2	8	1	2	1	3	3	3	5	8	4	0	3	1	2	4	3	3	2	6	3	5	5	4	8	2	5	1	8	2	2	3	4	4	3	1	3	1	3	2	3	2	1	4	2	1	2	3	4	1	5	7	4	1	4	3	4	2	1	1	2	1	3	2	1	5	6	1	3	16	0	4	2	4	2	11	5	1	3	1	1	2	6	1	1	7	3	0	2	3	4	2	4	3	5	1	4	2	6	2	3	3	3	3	0	5	1	2	4	2	2	8	5	0	2	6	2	3	13	5	9	18	2	1	3	1	2	3	1	6	2	1	2	4	4	5	2	6	3	4	2	38	1	5	10	2	1	3	0	5	18	4	3	1	5	2	1	4	1	6	2	2	2	2	2	7	8	1	3	1	4	4	1	8	4	1	2	5	2	2	4	5	4	4	2	3	2	3	3	2	0	2	3	2	1	14	3	0	0	2	5	1	2	2	2	3	2	0	0	1	2	0	2	0	0	0	0	3	5	0	0	3	4	1	0	1	1	7	1	1	0	1	0	0	2	1	0	3	1	2	1	1	0	0	3	3	1	5	1	1	2	1	1	0	0	5	0	2	4	1	0	1	1	2	0	0	2	4	4	3	1	1	1	1	1	2	1	0	1	0	10	2	2	0	3	4	1	4	2	1	1	2	1	0	1	0	2	5	3	5	3	12	3	2	2	6	2	7	2	2	1	0	6	1	5	6	0	2	1	4	2	0	0	1	3	7	2	2	2	10	5	4	1	1	6	4	4	4	5	5	7	4	10	0	4	5	2	2	3	372	2	3	4	8	3	5	3	2	3	2	3	15	13	1	1	5	10	4	6	3	2	1	1	2	0	3	14	2	5	2	1
A[Del(T):R(5,7)]A	7	17	11	598	13	2465	24	3	29	5	15	2	13	10	9	18	12	43	2	4	5	10	3	28	3	21	3	10	5	15	20	12	6	4	18	2	10	12	32	20	10	5	7	6	19	2	8	21	8	4	5	14	7	72	12	17	10	16	8	9	9	15	8	8	1	9	15	10	11	6	7	12	29	4	9	2	36	5	1	40	7	7	5	22	3	12	15	19	21	8	0	11	22	6	8	6	6	5	30	2	16	12	13	20	60	3	4	7	12	18	7	48	7	12	7	6	1	16	5	3	15	4	16	7	2	15	9	24	15	3	12	7	19	10	9	2	12	8	6	16	22	13	0	7	12	6	12	20	6	8	12	3	4	15	9	12	9	10	37	4	9	7	6	56	10	24	32	8	11	7	743	11	11	18	8	3	3	6	19	26	10	10	6	10	2	0	9	12	23	5	2	23	8	5	51	13	2	8	7	10	8	3	8	7	7	4	4	6	17	23	8	14	2	4	5	8	9	4	8	3	13	5	15	8	6	12	3	13	8	17	4	20	15	5	18	7	25	0	5	11	6	1	0	0	0	2	0	4	1	0	1	4	1	1	1	1	2	1	0	0	1	1	0	2	0	0	4	1	1	0	4	3	2	2	3	1	4	0	0	5	0	1	2	0	9	1	41	0	0	0	3	2	3	1	0	0	0	4	1	1	2	2	0	6	0	2	0	1	0	16	0	1	0	4	9	1	5	0	2	0	0	7	2	0	1	1	3	11	7	6	14	10	14	13	4	26	14	7	6	2	26	20	5	10	10	11	5	10	36	21	0	30	1	8	8	8	20	7	10	11	9	10	13	30	16	3	21	6	7	10	2	6	7	18	5	5	7	13	9203	11	0	3	13	5	11	7	12	13	4	17	170	22	1	2	4	38	16	20	11	7	15	9	18	11	8	313	10	8	8	2
A[Del(T):R(5,7)]C	9	11	4	327	10	890	7	6	26	2	10	3	6	9	9	9	7	27	2	4	2	0	1	17	3	12	5	4	5	8	9	7	8	4	6	1	5	3	22	11	2	4	4	2	15	2	3	13	2	4	6	6	0	31	5	7	4	9	6	6	9	7	5	4	1	10	9	8	8	2	3	5	26	1	1	2	17	0	2	18	3	2	8	13	5	10	7	5	16	4	6	8	14	2	7	7	3	2	22	1	14	10	11	8	26	2	2	6	4	6	0	27	3	9	6	9	1	18	5	4	6	4	11	4	1	9	8	12	8	0	3	4	10	2	8	1	4	13	7	10	12	5	1	6	21	7	11	12	3	2	8	3	1	9	2	5	2	5	24	4	3	2	2	24	5	14	21	3	4	5	427	7	7	5	6	0	5	5	14	14	8	3	3	2	5	2	8	5	21	1	3	13	3	3	24	10	1	5	9	10	4	2	15	3	3	8	6	3	8	8	3	9	2	2	10	4	6	6	7	7	5	11	5	6	9	14	4	6	1	7	7	12	11	8	4	11	10	0	7	5	2	1	0	0	0	2	1	3	0	0	0	3	2	2	1	0	1	1	1	0	1	0	0	0	0	0	0	0	0	1	3	1	0	0	1	0	0	0	2	1	0	0	0	1	9	2	29	3	2	0	1	0	0	0	1	0	1	0	2	2	1	1	1	4	0	1	0	0	0	6	1	1	0	1	5	0	3	0	0	0	0	1	0	0	4	2	5	3	2	6	8	3	13	11	1	17	6	2	6	1	16	5	2	8	6	8	7	5	25	11	2	16	2	8	3	5	7	4	13	8	10	6	1	24	11	6	8	0	14	2	4	8	2	9	3	3	6	3	4443	13	3	4	9	2	12	5	9	10	3	10	103	10	1	0	4	14	11	8	4	4	10	4	8	2	2	148	6	5	1	5
A[Del(T):R(5,7)]G	5	6	5	411	6	1618	15	4	27	5	8	1	11	7	4	9	6	30	2	6	3	0	5	15	1	11	11	3	4	5	8	3	7	4	4	4	2	4	20	11	2	1	9	1	5	0	3	11	5	2	4	8	1	21	7	9	2	9	4	1	5	8	7	6	1	0	3	7	4	1	9	5	15	1	2	0	22	4	1	15	6	4	5	7	1	10	11	6	11	3	7	7	5	2	4	8	7	1	32	0	14	7	6	7	13	0	2	5	4	12	5	24	3	4	6	4	0	8	3	1	7	4	9	9	0	10	4	9	5	2	3	3	13	5	5	0	6	9	7	11	9	6	0	3	11	2	7	18	3	3	6	4	0	11	0	4	1	5	17	1	0	2	10	25	3	10	16	1	1	5	363	6	7	10	8	2	0	6	17	15	3	2	1	4	6	1	6	4	14	5	3	11	3	3	34	17	0	6	6	7	6	2	9	5	4	2	5	3	11	7	6	6	1	3	6	6	8	2	13	4	4	6	5	5	4	5	5	4	3	3	7	6	8	4	12	3	16	0	3	7	6	0	0	1	0	2	3	1	0	1	2	2	0	3	2	0	0	1	0	0	1	1	0	0	1	0	1	0	1	1	1	3	0	2	1	2	2	1	0	0	0	0	0	1	9	2	31	0	1	2	1	0	1	0	0	0	0	0	3	1	0	0	0	1	1	0	1	0	0	6	1	1	1	2	6	1	4	0	1	1	0	2	1	0	0	0	2	6	7	2	14	7	9	14	1	9	6	7	2	1	9	5	3	9	8	4	7	3	16	7	0	14	1	5	2	4	6	2	4	11	2	8	1	17	3	2	6	2	12	6	3	10	7	10	5	3	4	9	6371	4	5	5	11	2	7	7	5	9	4	9	60	12	2	2	6	12	5	7	6	2	7	3	8	5	3	246	5	1	5	2
C[Del(T):R(5,7)]A	7	9	5	283	4	1377	13	3	11	4	7	1	8	2	6	2	5	17	1	4	4	1	0	10	3	7	1	1	6	7	9	4	4	1	10	4	6	4	13	3	5	3	3	0	5	1	2	7	2	2	2	7	3	17	5	8	2	9	3	4	3	5	3	8	1	6	8	4	6	3	7	5	19	2	2	0	13	3	0	14	3	6	3	6	3	5	5	3	9	5	2	2	3	2	3	3	6	3	23	6	13	9	6	9	18	1	4	3	5	9	3	20	2	10	6	9	0	4	8	0	4	2	12	2	1	6	2	9	7	1	2	6	10	5	2	1	4	4	4	8	3	4	0	2	14	7	7	5	5	2	5	2	1	4	3	8	1	4	9	4	3	2	2	14	3	7	12	4	1	3	276	6	6	2	7	1	2	4	7	6	5	5	8	9	2	2	3	2	9	2	3	5	4	2	37	8	1	1	3	2	2	4	6	5	3	5	3	0	8	4	3	5	1	1	3	7	5	0	5	0	5	3	8	3	8	13	5	6	4	8	0	8	4	3	13	4	10	0	2	7	2	2	0	0	0	0	0	5	0	0	0	0	0	1	1	0	0	1	1	0	1	1	0	0	0	0	0	1	0	1	2	1	0	1	0	0	3	1	1	0	1	0	1	0	5	0	22	1	1	0	1	1	0	1	0	0	0	1	1	0	1	2	0	0	0	0	0	2	0	4	0	2	1	4	4	1	1	2	1	1	4	2	0	0	2	0	3	5	4	4	5	6	15	5	2	10	7	3	5	1	7	7	1	7	2	3	4	6	9	9	0	8	3	3	0	6	4	3	3	4	6	4	1	12	2	2	7	4	7	3	0	4	3	8	1	1	2	5	5447	2	1	4	9	1	7	5	3	6	5	5	80	14	1	0	0	13	9	12	6	5	6	5	9	4	6	158	7	2	5	4
C[Del(T):R(5,7)]C	2	3	5	313	2	949	3	2	10	3	2	0	4	3	4	5	6	8	2	3	3	3	0	10	1	7	2	4	3	3	8	5	0	2	4	0	2	4	13	4	6	4	7	2	5	1	0	9	2	2	2	9	2	25	3	7	5	4	2	0	5	3	2	1	1	4	7	4	2	3	8	5	20	0	5	2	11	4	0	8	7	4	3	2	2	7	9	5	8	3	1	6	7	5	0	3	2	0	17	3	3	6	7	10	14	1	4	6	5	8	2	25	6	2	4	3	0	9	3	1	8	3	6	3	2	3	10	6	4	1	4	5	10	3	4	2	0	9	4	5	4	4	0	1	10	2	7	13	4	1	11	1	1	6	1	4	6	1	15	1	1	2	2	7	1	4	9	2	1	4	319	2	2	2	2	0	0	4	3	9	4	5	3	3	3	0	1	2	6	3	4	4	7	2	14	5	2	3	2	6	4	1	7	6	5	3	1	1	4	9	8	5	2	1	1	4	2	3	6	0	4	5	1	5	5	2	2	2	5	1	1	6	10	1	6	4	14	1	4	6	3	0	0	0	0	2	1	3	0	0	2	1	0	1	0	0	1	0	2	0	0	0	0	2	1	0	2	0	0	0	2	1	0	0	2	0	0	0	1	0	0	0	0	1	10	0	15	0	1	0	1	0	0	0	0	0	0	0	1	1	0	1	0	0	1	1	0	2	1	3	0	0	0	0	2	0	3	1	0	1	0	0	0	0	0	1	2	5	2	0	5	2	6	5	1	6	4	3	1	1	7	10	2	7	5	2	1	4	18	7	1	8	1	3	3	1	6	9	5	3	6	4	1	12	4	4	4	1	4	2	0	10	2	5	1	1	1	2	4871	5	3	3	4	0	6	2	6	4	2	0	49	7	2	2	2	10	4	8	4	2	8	3	6	2	3	142	5	3	5	3
C[Del(T):R(5,7)]G	3	8	6	290	3	1325	5	1	13	1	1	0	3	5	6	2	2	12	0	3	0	1	0	6	2	10	1	2	2	6	8	1	2	0	4	2	2	6	13	4	1	1	2	2	3	1	2	6	0	0	1	5	1	10	6	5	3	4	3	2	0	1	3	4	3	2	7	2	5	0	3	6	14	2	3	0	5	3	2	10	2	5	7	4	1	4	8	4	8	3	1	7	5	3	1	4	2	0	14	1	5	3	5	4	16	1	1	2	0	3	2	17	2	4	4	10	1	4	2	1	3	4	4	5	1	4	9	11	3	0	2	3	4	3	4	0	8	6	1	8	4	2	0	1	14	0	3	1	2	3	3	0	0	5	4	2	1	4	14	4	3	1	1	15	1	8	13	4	1	2	253	0	1	7	2	0	1	0	3	6	1	4	4	1	5	1	1	4	8	3	1	3	4	2	24	3	4	5	7	2	1	1	6	3	4	3	2	0	3	5	4	7	3	3	5	5	0	3	3	1	2	3	6	2	4	6	2	6	4	2	3	6	2	3	10	3	4	0	2	9	0	2	0	0	0	0	0	1	1	1	1	1	0	1	3	1	1	0	0	0	1	1	0	0	0	1	0	0	1	1	3	1	0	1	1	0	0	0	0	1	1	0	0	0	7	1	39	1	0	0	0	1	0	0	0	0	0	0	2	0	1	0	0	0	1	0	0	2	0	9	0	0	0	1	4	0	0	2	0	0	0	1	1	0	1	1	3	4	1	3	4	5	6	6	1	7	7	1	5	0	10	4	4	4	3	3	6	2	13	6	0	4	1	0	3	1	5	3	6	2	4	3	1	13	1	1	2	0	5	3	2	3	1	3	3	2	7	8	4846	5	1	1	5	4	5	4	3	7	2	5	40	8	0	1	3	2	4	7	3	4	6	7	7	3	0	179	2	1	0	3
G[Del(T):R(5,7)]A	5	6	3	254	1	860	6	0	8	3	3	1	4	7	7	4	1	10	2	1	3	1	2	7	3	6	3	1	2	0	6	4	2	1	4	5	0	6	7	11	1	2	2	2	3	1	2	2	4	3	0	9	0	27	0	6	0	4	2	2	3	3	4	3	1	4	6	3	1	1	5	3	14	1	1	0	7	0	2	8	1	2	3	6	2	3	0	2	1	1	2	7	3	0	2	1	2	0	14	2	3	5	9	4	10	0	2	3	4	9	2	14	5	3	1	4	0	5	2	1	4	3	5	0	1	4	1	6	4	0	5	3	6	3	2	0	4	4	2	9	9	2	0	0	11	5	6	13	1	4	3	5	2	5	1	2	0	6	8	1	3	1	4	11	3	6	11	1	4	0	215	3	1	3	2	1	0	3	5	11	0	3	3	3	2	1	1	1	3	1	2	1	0	1	12	5	1	3	2	1	2	0	7	5	2	4	3	1	3	0	4	5	2	0	5	4	3	2	0	2	3	1	5	0	6	3	1	5	3	1	0	6	3	0	4	1	1	1	5	5	1	1	0	0	0	0	0	5	0	0	0	1	0	0	2	0	2	1	0	0	1	1	0	0	0	0	2	0	2	0	2	1	0	1	1	0	5	2	1	0	0	0	0	0	5	0	6	0	0	0	1	1	2	0	0	0	0	1	0	0	1	1	0	1	0	0	0	1	0	3	0	2	0	0	3	0	0	0	1	0	0	4	2	1	2	0	2	3	6	1	6	1	5	1	1	5	2	1	1	0	2	8	0	3	1	2	0	1	7	5	0	8	1	4	2	4	2	2	2	0	2	4	1	6	3	1	8	1	9	4	1	4	0	6	3	1	3	4	4187	1	2	0	5	4	1	5	7	5	2	2	44	11	0	0	2	4	4	5	4	1	3	1	5	2	4	108	6	2	0	2
G[Del(T):R(5,7)]C	3	0	1	229	3	571	4	2	10	1	6	0	2	9	5	3	2	17	0	5	5	0	0	7	1	9	1	0	1	2	4	0	0	1	3	0	3	2	8	2	7	4	0	1	1	1	1	6	4	1	1	4	0	24	2	4	0	5	1	1	4	2	3	1	2	2	5	6	2	1	1	2	19	2	3	0	5	0	0	6	0	4	1	5	1	4	1	8	3	0	1	3	1	1	3	4	3	2	4	1	5	2	8	6	8	1	2	1	3	3	1	6	2	0	3	3	0	8	4	2	5	5	7	6	0	6	3	4	5	2	1	2	8	4	2	1	0	3	1	3	8	1	0	6	2	4	1	3	3	3	3	3	0	4	1	3	1	4	10	1	2	2	4	11	0	3	7	1	0	2	184	2	6	6	1	1	3	2	5	7	2	0	1	1	0	0	1	5	3	1	0	2	0	0	7	2	1	3	6	3	0	0	5	1	2	3	1	0	3	2	4	4	1	0	1	4	3	3	4	0	2	3	2	4	4	5	4	7	1	3	1	3	0	4	6	3	2	0	0	2	1	1	0	0	1	1	0	2	0	0	2	2	1	0	3	0	0	0	0	0	0	0	0	0	0	0	1	0	0	0	0	2	0	0	1	0	0	2	0	0	0	1	1	0	3	0	17	1	0	0	0	1	1	0	0	0	1	1	1	0	0	2	0	0	0	0	1	0	0	4	0	1	0	0	1	0	2	0	0	0	0	1	0	0	0	2	0	5	0	1	4	1	6	3	0	11	5	2	1	1	7	1	3	3	1	1	4	2	4	6	1	4	1	4	0	3	1	1	3	4	1	1	1	7	1	2	2	4	3	0	4	3	3	2	1	1	2	5	2796	2	3	1	1	0	4	5	1	5	0	5	38	11	0	1	1	6	7	5	1	0	2	1	10	2	3	108	4	1	3	3
G[Del(T):R(5,7)]G	4	1	2	209	4	747	5	4	6	2	1	1	7	8	10	6	2	13	3	1	4	2	1	10	2	4	2	1	2	3	3	3	4	2	10	5	3	4	12	4	1	2	1	2	5	1	5	1	2	0	2	5	2	17	2	3	0	4	0	1	3	4	2	2	0	3	2	1	4	2	4	3	16	1	2	1	9	1	1	5	2	5	4	4	0	5	4	3	4	0	1	5	5	2	1	4	4	2	24	0	4	4	6	3	9	2	0	3	4	4	3	14	3	5	4	2	1	1	1	3	1	1	3	5	1	3	5	8	2	1	1	3	5	6	2	0	2	4	3	3	4	4	0	4	5	1	5	3	0	0	7	2	0	0	1	0	2	0	3	1	1	2	5	10	0	8	15	0	2	3	173	4	4	5	4	1	1	1	7	5	1	2	2	1	1	2	1	0	4	2	1	0	5	1	10	7	1	1	2	6	1	1	5	1	0	1	3	1	4	5	6	2	1	0	1	2	4	4	4	1	3	3	0	4	5	5	0	5	1	0	2	8	4	2	9	3	2	0	2	1	2	0	0	0	0	0	1	1	0	0	0	0	0	1	0	0	0	0	1	0	0	1	1	0	1	0	1	2	0	1	1	2	0	0	1	0	2	2	2	0	1	0	0	0	7	0	8	2	0	0	0	0	0	1	1	0	1	0	0	1	0	1	1	0	0	0	1	0	1	5	0	2	1	1	3	0	0	1	1	1	2	0	0	0	2	0	1	4	1	2	4	5	3	6	4	8	3	2	1	0	5	5	2	4	4	2	5	3	8	9	0	4	3	3	2	6	2	3	2	1	6	1	2	8	0	0	4	4	2	7	1	2	1	6	4	1	1	0	2997	3	2	3	3	0	6	9	1	3	3	3	38	12	0	0	3	12	2	5	1	1	5	6	4	1	3	124	3	1	4	1
A[Del(T):R(8,)]A	7	17	19	420	13	3576	34	10	35	6	21	0	5	9	4	8	21	40	5	6	3	1	2	34	1	16	12	6	3	11	17	15	11	10	17	5	13	17	40	19	11	5	16	3	12	2	9	31	15	6	3	10	3	103	5	24	2	26	4	8	12	13	7	5	4	18	13	8	12	9	17	10	69	4	9	1	44	1	5	45	3	5	7	12	3	21	15	15	20	10	2	17	18	6	9	7	7	2	11	5	10	9	14	11	80	1	1	2	11	24	4	48	4	18	6	13	0	31	13	1	18	8	19	3	2	13	1	20	18	0	12	8	17	4	1	1	15	11	8	10	13	15	0	11	18	7	11	27	7	1	6	0	2	18	6	7	13	10	31	4	6	5	7	39	18	21	26	5	3	4	801	6	14	7	23	1	1	8	13	17	3	13	4	7	11	2	9	4	26	11	3	29	6	1	23	21	0	5	17	14	5	2	5	7	4	5	8	1	21	20	4	13	2	0	10	3	7	5	16	4	6	5	20	5	6	9	6	22	6	12	3	25	19	5	21	11	15	0	8	9	7	1	0	0	1	0	0	1	0	0	2	0	0	0	1	0	0	0	1	0	1	0	0	0	0	0	0	0	0	0	1	0	0	0	0	0	0	1	0	0	0	0	1	0	2	0	42	1	1	0	0	0	0	1	0	0	0	0	2	0	2	1	0	2	0	0	0	0	1	4	0	2	1	1	2	1	0	0	1	0	0	1	0	0	0	0	7	23	14	6	12	17	30	36	5	55	4	12	13	2	38	10	7	26	6	19	11	6	50	27	1	41	7	17	4	18	28	11	9	23	19	23	8	53	24	6	23	9	23	9	6	15	13	25	3	1	9	13	16175	14	2	5	20	7	18	23	14	24	8	25	318	15	5	4	7	54	35	35	11	22	17	14	24	14	7	739	19	11	14	4
A[Del(T):R(8,)]C	4	10	10	386	5	1870	19	7	30	10	10	1	6	6	8	9	10	33	5	5	6	1	2	23	2	15	4	4	7	7	16	9	3	4	12	6	10	14	33	16	14	4	7	1	12	4	9	18	11	8	4	15	5	78	7	14	4	24	4	5	13	12	9	13	3	10	11	15	13	8	9	8	63	0	10	1	23	2	7	27	5	5	13	20	4	15	10	12	18	12	3	11	11	5	5	10	7	3	14	0	14	10	15	18	35	0	2	4	6	13	1	20	7	15	7	14	0	18	7	0	8	3	14	5	0	16	7	21	18	1	9	2	8	10	4	0	9	14	3	20	15	10	0	3	18	7	8	14	11	0	7	5	0	11	5	3	4	9	42	5	7	5	8	22	10	28	26	3	2	4	569	8	14	7	8	1	6	9	11	20	5	4	4	3	9	0	7	3	24	7	1	22	4	1	8	15	2	5	12	12	8	4	3	8	4	1	4	1	9	13	10	5	1	1	10	4	2	8	8	3	3	6	11	5	6	6	3	14	2	6	3	19	7	1	21	18	11	0	8	15	2	0	0	1	0	0	2	0	0	0	1	0	1	1	0	0	1	0	0	0	1	0	0	0	0	0	0	0	0	0	0	0	0	0	0	0	0	0	0	0	0	0	0	0	8	0	37	0	0	0	0	0	0	0	0	0	0	1	2	0	2	1	0	0	0	0	0	0	0	4	0	0	0	0	5	0	1	0	0	0	0	0	0	1	1	0	3	13	9	4	5	6	25	28	4	23	9	7	6	0	25	6	12	20	11	10	9	8	47	22	1	38	2	8	6	11	22	6	7	19	20	9	5	53	18	9	25	5	16	4	8	14	7	32	4	1	5	7	11174	15	0	2	16	7	9	12	9	18	5	17	230	11	2	0	8	36	17	30	15	8	22	8	16	8	6	494	12	4	8	6
A[Del(T):R(8,)]G	2	6	5	254	8	2180	11	7	16	2	10	1	4	2	1	6	14	23	4	7	2	0	2	21	1	12	2	2	3	7	8	4	2	1	14	3	5	4	21	13	4	1	6	1	9	3	5	9	6	3	3	7	2	48	4	11	1	16	3	3	8	5	5	6	4	4	4	3	4	3	10	9	32	1	4	0	31	2	1	15	2	2	7	7	2	11	2	10	13	8	3	5	9	2	2	2	5	1	4	0	2	7	5	2	28	2	0	1	6	8	1	27	0	6	4	11	0	11	3	2	6	4	10	1	0	5	1	6	6	0	5	1	5	5	2	0	4	3	0	13	12	5	0	3	12	4	7	11	3	0	3	2	0	9	3	3	3	2	6	2	3	4	3	15	4	8	12	1	1	3	378	4	4	5	5	0	2	2	10	7	3	2	3	2	2	2	5	2	16	6	1	11	4	0	10	5	2	4	8	8	3	4	2	4	1	2	8	0	8	8	3	2	0	1	3	6	1	2	6	1	2	7	9	2	2	6	2	9	2	5	1	11	11	1	6	4	7	0	3	4	2	0	0	0	0	0	0	2	0	0	1	0	0	0	0	0	1	0	0	0	0	1	0	0	0	0	0	0	0	1	0	0	0	0	0	0	0	0	0	1	0	0	0	0	4	0	25	0	0	0	0	1	1	0	0	0	0	0	0	0	0	0	0	0	0	1	0	1	0	1	0	0	0	0	3	0	2	1	1	1	1	0	0	0	1	0	1	4	5	6	3	8	18	29	1	28	3	4	11	1	17	6	10	11	6	6	7	3	23	12	1	18	5	7	1	10	11	8	8	15	9	6	1	32	4	2	16	6	6	4	1	7	7	15	1	4	8	9	10132	7	0	4	10	4	12	6	11	13	4	8	164	6	2	0	1	25	6	15	8	3	6	9	8	10	4	529	13	3	5	3
C[Del(T):R(8,)]A	6	8	16	249	4	3022	25	3	21	4	17	0	6	4	2	10	14	27	2	3	2	1	4	17	5	14	5	7	3	7	13	7	3	3	10	5	7	12	15	16	11	5	8	3	13	4	8	10	9	3	1	12	2	50	4	14	2	11	6	7	7	17	9	8	2	17	10	8	5	9	16	9	34	3	4	0	16	3	1	31	0	3	8	8	2	14	3	13	17	5	0	13	17	7	4	2	8	2	4	0	8	4	9	12	39	0	3	2	0	9	3	36	7	9	4	8	0	24	4	2	16	4	10	0	1	10	5	10	8	0	8	4	16	5	3	0	6	17	6	12	10	13	0	4	16	3	5	10	7	3	6	6	0	8	4	4	6	7	16	4	6	6	6	23	10	19	14	2	2	4	395	3	10	6	12	0	0	1	10	14	2	6	3	6	2	1	10	2	13	4	2	25	6	1	11	12	1	3	12	8	8	6	2	8	5	4	5	3	10	7	4	8	1	0	2	7	4	2	14	1	8	9	13	5	2	13	0	9	2	4	4	19	6	2	12	9	8	0	8	6	4	0	0	0	0	0	0	1	0	0	0	0	0	0	3	0	0	1	1	0	0	0	0	0	0	0	1	0	0	1	0	0	0	0	0	0	0	0	1	0	0	0	0	0	7	0	36	0	0	0	1	0	0	0	0	0	0	0	0	0	0	0	0	0	0	0	0	0	1	1	0	1	0	2	2	0	2	0	0	0	0	1	0	0	0	0	2	18	7	3	2	7	21	17	3	23	7	7	10	0	18	7	4	17	2	11	17	8	36	15	1	27	1	13	4	13	21	5	3	14	12	12	5	26	7	8	19	7	11	2	5	8	4	17	2	4	6	11	12062	12	1	6	13	1	13	10	8	16	4	15	189	4	7	1	5	39	7	22	7	7	26	13	15	13	5	472	5	5	8	4
C[Del(T):R(8,)]C	2	9	14	371	6	2708	14	3	18	3	8	2	5	1	3	13	13	21	1	5	1	0	4	23	0	18	8	4	0	10	9	6	4	6	13	3	7	7	20	13	16	2	6	0	17	2	5	14	11	1	2	11	3	65	5	13	3	13	3	6	6	15	7	6	1	11	11	13	9	2	9	10	74	1	6	0	13	3	2	26	2	2	8	8	4	8	11	12	10	5	2	3	15	2	2	3	3	1	5	1	8	6	6	16	45	0	3	2	5	13	2	23	3	15	8	10	0	26	6	0	11	8	11	0	2	14	4	7	7	2	10	5	9	6	3	0	7	8	1	20	11	8	0	7	14	5	19	23	1	2	4	1	0	3	1	7	6	10	19	3	1	1	8	33	7	26	26	3	0	3	487	4	11	9	14	0	4	4	9	12	4	5	4	7	7	2	9	1	18	3	1	12	8	1	12	9	0	6	8	14	12	3	1	7	2	3	6	1	5	10	4	3	0	0	6	4	1	4	7	3	6	8	12	1	1	8	5	10	5	10	4	12	9	0	9	11	7	0	6	13	3	0	0	0	0	0	0	1	0	0	1	0	1	0	1	0	0	1	0	0	0	0	0	0	0	0	0	0	1	0	0	0	0	0	0	0	0	0	0	0	0	0	0	0	5	0	31	0	0	1	0	0	0	0	0	0	0	0	2	0	2	1	0	0	0	0	0	0	0	2	0	2	0	0	2	2	1	0	0	0	0	1	0	0	0	0	6	11	12	3	5	12	17	24	3	19	6	2	8	0	15	6	9	16	10	10	3	3	23	15	0	25	4	6	5	8	18	8	6	15	21	12	1	42	12	4	24	7	11	7	3	6	9	20	3	3	8	5	14696	11	0	5	17	3	9	8	8	11	4	10	205	6	2	1	4	27	16	23	15	6	15	17	21	6	4	460	7	5	16	6
C[Del(T):R(8,)]G	0	6	6	377	7	3369	10	2	16	1	10	1	3	1	3	3	9	12	4	3	1	0	2	20	3	11	8	2	0	13	4	3	1	2	8	3	6	4	18	11	0	3	3	0	9	2	4	9	4	3	1	13	0	29	5	7	4	11	5	1	5	9	9	7	2	8	4	10	6	2	10	3	25	0	1	0	14	1	3	16	5	1	6	5	4	5	7	7	13	2	3	7	9	1	0	1	3	1	5	1	2	4	5	8	36	0	2	0	1	15	0	20	6	9	6	13	0	16	4	0	4	2	8	1	0	6	1	7	11	0	1	5	10	7	1	0	10	13	1	9	9	7	0	4	7	5	4	12	1	1	1	4	0	10	2	3	2	4	16	1	2	3	3	19	5	13	14	1	1	2	422	1	2	5	5	0	0	4	8	4	2	8	2	3	3	0	6	2	21	5	1	13	10	0	15	9	1	7	5	2	5	3	1	5	2	4	6	0	4	8	5	8	2	0	0	1	1	6	2	1	2	7	7	1	2	3	2	6	1	3	1	14	4	0	4	1	3	0	3	7	3	0	0	0	0	0	0	0	0	0	0	0	0	0	0	0	0	0	0	0	0	0	0	0	0	0	1	0	0	0	1	1	0	0	0	0	0	1	0	0	0	0	0	0	4	0	46	0	0	0	1	0	0	0	0	0	0	0	0	0	1	0	0	0	0	0	0	0	0	0	0	1	0	0	0	0	0	0	0	0	0	0	0	0	0	0	4	5	2	3	0	5	17	24	4	15	6	6	8	0	14	7	2	7	1	5	4	2	33	11	1	30	0	6	4	13	16	8	7	15	9	10	1	17	2	9	8	6	7	5	1	8	3	14	4	2	12	4	12729	9	0	1	17	3	11	8	5	16	3	13	171	4	2	1	2	15	8	13	6	10	5	13	3	5	5	610	7	6	4	4
G[Del(T):R(8,)]A	0	0	4	209	5	1500	10	1	11	4	4	0	4	0	3	3	7	19	0	2	2	0	1	11	2	6	5	1	1	7	5	2	2	2	4	1	1	1	16	4	4	0	2	2	7	0	3	9	2	0	0	5	1	28	2	10	1	4	2	5	0	5	4	0	0	2	5	3	2	1	8	3	22	0	3	0	7	2	1	12	2	1	3	6	4	4	7	6	6	2	1	7	7	2	3	1	1	2	6	0	5	5	7	2	16	0	0	0	2	6	0	14	2	7	2	5	0	12	1	0	4	2	9	0	0	5	3	9	7	0	1	3	6	4	2	1	7	3	3	6	3	6	0	6	9	1	1	4	1	2	1	0	1	4	2	2	0	0	14	2	3	1	7	7	3	10	5	2	0	5	250	6	5	2	5	0	1	2	2	2	0	2	0	1	1	0	3	2	2	2	0	9	1	0	3	7	1	3	5	4	6	1	3	3	3	2	2	1	3	3	4	5	1	1	2	3	1	1	1	3	3	3	8	0	0	3	0	4	3	5	2	11	5	1	10	5	3	1	4	3	0	0	0	0	0	0	0	0	0	0	0	0	0	0	0	0	0	0	0	0	0	0	0	0	0	0	0	0	0	0	1	0	0	0	0	0	1	0	0	2	0	0	0	0	9	0	24	0	0	0	0	0	0	0	0	0	0	0	0	1	1	1	0	1	1	0	0	0	0	0	0	1	0	0	2	0	0	0	0	0	0	0	0	0	0	0	0	6	8	2	3	4	13	9	0	7	2	7	9	2	13	2	3	8	4	7	9	3	16	9	1	9	4	7	0	8	9	8	0	4	10	7	0	16	3	3	5	3	10	2	4	6	3	8	1	1	8	0	7723	8	0	2	9	2	3	4	6	4	2	6	105	3	1	0	0	21	4	14	7	6	11	10	8	6	2	298	5	3	6	0
G[Del(T):R(8,)]C	0	6	6	216	3	993	13	2	4	1	4	0	4	3	0	2	5	15	1	3	0	0	1	4	0	3	7	1	1	3	3	2	0	1	6	2	1	2	12	7	4	5	1	1	2	1	2	4	5	4	0	1	2	29	2	9	1	2	1	1	2	6	4	2	1	6	1	5	3	2	7	5	27	1	0	1	11	0	0	10	0	0	4	1	0	3	3	1	5	5	2	2	3	0	3	1	5	0	1	1	3	4	7	3	15	1	1	1	2	6	1	19	5	6	4	5	0	14	0	1	0	3	8	0	1	5	1	7	2	0	3	1	6	2	2	0	2	10	1	8	4	6	0	1	2	2	3	7	3	1	3	1	0	5	1	3	0	4	18	1	2	2	4	9	3	6	7	1	0	1	256	3	5	2	9	0	0	3	3	5	1	2	3	2	5	1	2	2	8	2	2	8	2	0	6	4	0	0	6	2	4	1	2	2	1	0	0	1	4	5	0	3	0	1	3	2	0	3	0	2	1	3	8	2	3	7	2	4	4	3	3	6	5	0	4	4	4	0	1	4	0	0	0	0	0	0	1	2	0	0	0	0	0	0	0	0	0	1	0	0	1	1	0	0	0	0	0	0	0	0	0	0	0	0	0	0	0	0	0	0	0	0	0	0	0	0	15	0	0	0	0	0	0	0	0	0	0	0	0	0	0	0	0	0	0	0	0	0	0	0	0	0	0	0	1	1	0	0	0	0	0	1	0	0	0	0	0	8	5	1	4	5	9	10	1	9	4	5	3	0	9	3	3	9	3	4	5	4	16	10	0	16	1	7	2	3	9	2	4	5	6	1	3	11	5	3	6	2	9	2	0	6	4	8	1	1	3	2	5832	2	0	3	7	2	8	4	7	8	1	10	103	5	1	0	3	17	6	10	7	2	6	3	9	6	4	280	6	3	3	0
G[Del(T):R(8,)]G	0	5	1	132	2	1154	6	6	7	2	7	1	0	1	1	4	3	7	2	2	2	0	1	4	1	4	3	2	1	2	3	2	2	2	3	2	1	1	12	6	1	2	2	0	4	2	3	5	6	0	1	3	1	17	2	3	1	5	2	1	1	4	1	2	0	0	2	2	4	0	4	4	14	0	5	0	13	0	0	4	0	0	2	0	3	4	0	6	5	1	1	3	7	0	2	3	2	0	2	1	5	1	4	2	9	0	1	0	2	4	0	10	2	6	0	4	0	8	2	0	1	2	5	0	0	2	0	5	4	0	0	1	3	1	2	0	0	3	2	2	7	4	0	1	5	0	1	4	0	0	2	1	1	3	0	3	0	1	12	0	0	3	2	4	2	7	12	0	1	2	171	2	5	2	3	0	0	1	4	4	2	0	1	0	2	0	5	3	8	1	0	3	3	0	6	1	4	0	3	2	0	1	1	5	1	1	5	1	0	2	0	2	0	0	3	1	2	2	4	5	1	3	5	1	0	1	0	1	2	2	2	6	0	0	5	1	3	0	0	2	0	0	0	0	0	1	0	0	0	0	0	0	0	0	0	0	1	0	0	0	0	0	0	0	0	0	0	0	0	0	0	0	0	0	0	0	0	0	0	0	1	0	0	0	2	0	13	0	0	0	0	0	0	1	0	0	0	1	0	0	0	0	0	0	0	0	0	0	0	2	0	0	0	0	0	0	0	0	0	0	1	1	0	0	0	1	1	4	2	3	3	2	7	11	3	10	2	2	3	0	8	8	1	5	3	2	6	2	12	5	0	4	3	3	4	2	8	4	3	5	6	1	1	20	3	3	6	1	2	0	1	4	4	6	3	1	6	3	5916	5	0	1	6	0	2	2	4	1	0	5	68	5	1	0	2	15	3	10	2	5	5	3	7	2	4	287	4	5	2	0
A[Ins(C):R0]A	1	0	1	3	2	9	2	1	0	1	3	2	4	4	22	1	5	6	0	1	2	0	0	1	0	3	3	1	1	1	1	1	1	0	1	0	0	4	9	2	1	1	0	0	2	0	0	0	3	1	5	1	0	7	0	4	1	6	4	0	1	2	3	2	0	1	6	1	2	0	0	4	39	1	1	1	3	2	0	1	1	7	2	1	2	3	2	3	0	0	1	4	1	2	1	0	0	0	4	1	1	2	7	2	39	1	1	5	1	1	0	2	1	0	1	1	0	0	1	0	0	1	2	2	0	1	1	5	2	0	6	1	2	0	0	1	1	1	2	2	3	1	0	1	15	0	1	2	0	0	9	1	0	5	1	0	0	1	2	0	1	0	1	3	0	0	5	3	0	0	4	1	5	8	0	0	2	1	2	4	0	0	4	1	2	1	1	3	1	0	2	0	0	1	3	3	1	0	1	0	2	0	7	1	0	1	2	0	1	0	0	3	1	1	1	0	1	1	3	0	2	3	0	2	4	0	2	0	2	0	2	1	2	0	3	10	1	0	1	2	1	0	0	0	0	1	1	0	0	0	0	0	0	0	0	1	0	0	1	0	0	0	0	0	0	0	0	0	1	0	0	1	0	0	1	0	0	0	0	1	0	0	0	0	1	0	1	0	0	0	0	0	0	1	0	0	0	0	0	0	0	0	0	0	0	0	0	0	0	0	0	1	1	0	0	0	1	0	0	0	0	0	0	0	0	1	1	10	1	1	3	4	1	3	2	3	1	1	1	0	2	2	1	0	2	0	2	0	5	2	1	1	1	1	2	4	2	2	6	1	1	0	0	3	1	1	0	2	1	3	0	7	1	22	3	2	4	1	89	11	0	4	6	1	1	0	1	5	3	0	31	3	0	0	1	36	9	3	2	2	2	0	3	1	1	7	1	0	2	0
A[Ins(C):R0]T	0	0	0	0	0	0	0	0	0	0	0	0	1	2	8	0	0	1	1	0	0	0	0	2	0	2	0	1	0	0	0	0	0	0	0	0	0	0	5	0	0	0	2	0	2	0	0	1	1	0	0	2	0	2	0	0	0	1	10	1	0	0	0	1	0	1	7	0	0	0	0	0	7	1	0	0	0	3	0	0	0	0	3	0	0	1	0	0	0	0	1	0	0	0	0	0	0	0	3	0	1	0	3	0	17	0	0	1	0	0	0	0	0	0	1	1	0	1	0	0	1	0	0	1	0	0	0	0	0	0	11	0	2	0	0	2	0	0	0	0	0	0	0	0	6	0	0	0	0	0	6	0	0	2	1	0	0	0	0	0	1	0	0	2	1	0	0	1	0	0	5	0	0	2	0	0	0	0	1	2	0	0	0	2	0	0	0	2	0	0	0	0	0	0	1	0	0	0	0	0	0	0	3	0	0	0	0	0	0	0	0	1	0	0	0	1	0	0	0	0	2	0	0	0	0	0	0	0	2	0	0	0	0	1	1	8	0	0	0	0	0	0	0	0	0	0	0	0	0	0	0	0	1	0	0	1	0	1	0	0	1	0	0	0	0	0	0	0	0	0	0	0	0	1	0	0	0	0	1	0	0	0	0	0	1	0	0	0	0	0	0	0	0	0	0	0	0	0	1	0	0	0	0	0	0	1	0	0	1	0	0	0	0	0	2	0	1	0	1	0	0	0	0	0	0	0	1	2	4	1	0	1	0	1	0	2	3	0	0	0	0	0	0	0	0	1	0	1	2	0	0	0	0	0	0	1	0	0	4	1	1	0	0	2	0	0	0	1	2	3	0	3	1	17	0	0	2	1	14	4	0	1	0	0	0	1	0	2	0	1	7	2	0	0	0	14	3	0	3	0	1	1	0	0	2	0	1	1	1	0
Ins(C):R(0,3)	7	3	7	17	7	100	4	3	3	1	7	6	13	3	12	5	4	6	2	4	2	4	2	8	4	12	4	1	5	3	7	3	5	0	12	5	6	5	17	6	9	4	10	4	3	6	5	7	18	2	5	8	3	13	2	6	1	10	7	4	2	4	2	3	2	6	8	2	6	4	9	9	14	5	3	6	9	3	1	6	4	3	4	9	4	6	10	5	4	3	0	7	10	3	3	5	3	6	10	2	4	7	5	4	16	8	3	8	7	8	6	6	2	7	5	8	0	2	8	7	1	2	6	11	2	6	5	6	5	1	7	4	8	3	7	1	7	4	4	4	5	4	0	8	8	2	2	8	0	9	18	6	1	11	3	8	2	5	3	2	3	13	2	6	8	6	16	2	5	4	94	2082	2	8	5	0	8	9	10	10	4	3	2	5	7	5	1	7	6	4	3	8	5	3	7	6	2	0	9	4	4	1	14	7	5	3	2	1	5	3	7	5	5	2	4	3	4	10	5	2	2	9	5	2	5	7	1	4	7	4	5	4	6	2	7	4	3	1	3	16	4	3	0	1	1	2	3	3	2	0	1	5	1	2	1	2	3	1	5	0	0	0	0	3	0	2	4	1	2	2	3	4	1	0	5	0	3	2	1	3	0	0	0	2	12	1	3	2	2	1	3	2	0	3	1	2	3	1	4	2	8	4	0	2	0	0	0	3	4	10	2	2	1	5	8	1	2	0	2	0	3	1	0	3	4	1	5	6	12	4	13	5	11	9	6	19	23	7	7	5	5	6	6	6	8	10	6	6	10	10	3	2	3	6	10	12	0	7	17	7	4	6	3	9	10	2	6	10	10	12	7	12	14	19	7	4	8	6	277	8	6	2	12	7	8	4	3	8	4	6	19	15	6	3	6	17	16	9	10	13	16	11	7	4	1	34	7	5	4	12
Ins(C):R(4,6)	0	8	3	113	4	415	4	8	14	3	5	4	7	5	3	5	6	18	15	4	5	1	4	6	3	3	2	1	6	0	5	6	2	6	8	6	0	5	12	4	5	8	4	1	8	0	9	8	5	4	6	9	4	7	6	5	0	4	92	0	6	2	1	3	0	3	2	6	7	0	5	7	26	1	2	3	7	1	3	7	2	4	9	10	4	10	7	10	4	7	3	5	7	2	2	2	10	3	18	4	3	44	7	6	15	3	3	7	4	5	5	15	6	17	3	3	7	10	3	3	1	4	8	3	6	2	5	7	2	1	8	5	16	7	2	0	2	8	1	13	5	3	0	5	3	4	7	9	2	2	8	3	0	9	2	9	5	4	10	2	4	5	4	5	4	4	21	1	7	5	712	104	3	2	0	2	2	8	9	10	7	7	6	1	3	2	2	6	6	2	0	5	21	6	23	6	1	4	8	4	3	2	12	4	3	6	3	2	8	4	2	1	2	2	3	5	3	5	10	4	3	13	2	2	8	5	3	3	2	4	2	5	5	3	7	4	7	1	3	16	0	1	0	0	1	1	0	1	0	0	1	3	0	1	0	0	0	0	2	0	1	0	0	0	0	0	1	0	0	0	1	2	0	1	1	0	1	1	1	0	1	0	1	1	3	0	10	1	1	0	0	0	2	0	0	0	1	1	1	0	2	0	1	1	0	0	0	1	0	1	0	0	1	2	5	1	1	0	1	1	0	1	0	0	1	1	4	4	4	7	4	3	15	3	2	18	10	5	6	2	8	4	4	4	9	8	5	5	10	4	3	8	6	3	5	7	4	6	7	3	11	7	2	15	4	5	6	5	2	1	5	8	9	8	2	4	6	1	1129	3	3	3	4	4	9	2	2	7	5	4	30	3	1	2	3	13	16	13	2	25	16	4	10	5	3	41	4	2	7	2
Ins(C):R(7,)	7	6	1	59	6	397	5	10	11	0	7	6	3	0	2	5	5	7	14	1	3	1	0	10	5	6	3	3	4	2	11	4	2	1	7	2	1	6	20	4	10	3	1	1	8	1	7	10	8	2	8	9	8	17	6	8	0	3	7	6	5	5	4	5	3	2	6	3	5	7	5	12	31	5	6	2	9	4	2	16	4	4	5	20	2	11	4	4	4	3	2	7	16	5	1	5	3	0	13	0	10	8	9	6	14	7	0	6	4	22	3	25	2	10	8	6	1	17	1	8	5	4	12	2	2	5	3	3	8	0	2	3	19	7	2	0	11	8	1	11	4	6	0	4	3	8	16	9	3	4	3	3	0	15	9	7	5	6	8	3	10	7	6	11	5	9	17	0	1	3	504	0	2	5	5	0	1	8	17	3	7	5	5	4	3	1	3	5	2	4	3	16	5	2	16	3	2	1	8	4	7	2	3	3	0	8	5	2	11	8	6	3	2	4	3	3	2	4	11	2	4	17	4	2	6	4	3	7	5	4	2	10	6	2	3	5	5	0	2	9	2	1	0	0	1	1	0	0	0	0	0	0	3	0	3	0	1	0	0	0	2	1	0	0	0	0	2	0	0	1	0	0	0	0	0	0	1	0	2	0	0	0	0	1	6	0	6	3	1	0	0	0	0	1	0	0	0	1	2	0	0	3	0	0	0	0	0	0	0	1	0	2	1	2	5	0	2	0	0	1	1	0	0	0	0	0	1	8	5	5	7	9	15	14	0	15	10	8	6	1	9	1	5	10	7	11	9	4	9	12	2	6	4	6	8	4	5	10	18	11	10	15	5	22	8	2	7	9	3	8	8	8	11	11	3	5	3	5	1307	6	3	5	17	5	15	1	3	10	4	15	46	2	1	1	13	16	9	9	13	13	20	5	12	5	0	110	9	3	5	4
A[Ins(T):R(0,4)]A	4	3	6	21	7	76	5	6	8	2	8	6	3	7	5	2	6	12	3	1	5	3	3	6	5	14	4	5	6	3	7	5	6	1	5	4	3	5	6	7	2	4	14	5	5	1	4	4	6	3	7	6	3	6	9	2	1	8	4	4	3	8	8	4	1	4	5	7	6	5	8	7	23	10	2	3	21	2	1	12	4	2	5	16	4	9	3	7	7	7	4	4	10	6	5	0	4	1	10	4	12	4	4	5	17	3	2	7	3	4	7	14	4	3	3	6	1	6	1	3	3	4	6	5	2	9	0	4	6	0	5	5	13	8	6	0	5	6	5	6	6	2	0	4	10	5	4	8	5	6	11	3	1	12	1	3	1	3	8	3	2	4	4	10	4	0	9	5	2	4	120	378	7	4	0	1	5	4	8	7	5	5	3	4	5	2	6	3	9	4	3	7	3	1	7	7	3	4	4	8	6	3	14	5	0	5	4	1	6	3	5	6	3	6	7	5	3	7	11	2	5	16	2	6	3	8	2	6	2	5	3	4	10	2	2	5	2	0	5	14	1	2	0	0	1	1	6	1	0	0	1	8	1	1	0	0	0	0	1	0	1	0	0	0	0	0	3	0	0	3	2	2	1	3	3	0	2	0	2	1	2	1	0	1	8	4	3	4	0	1	1	0	1	2	0	2	4	1	3	0	2	2	0	3	1	0	0	2	2	10	1	0	2	2	8	1	11	2	4	2	1	1	0	1	1	2	4	8	10	8	12	6	14	8	2	14	10	11	5	2	5	4	4	6	7	7	4	9	9	15	3	7	7	9	14	4	2	4	8	8	15	12	8	8	5	6	18	0	7	14	17	9	15	11	5	4	12	7	411	7	9	7	19	5	9	6	2	6	4	13	27	8	3	3	10	30	17	10	9	4	15	6	15	8	6	40	11	13	2	4
A[Ins(T):R(0,4)]C	2	1	2	13	2	45	1	1	4	2	3	1	1	1	0	4	4	4	3	2	4	1	1	1	4	4	1	0	1	1	4	5	3	2	2	3	0	1	5	4	2	1	2	3	2	1	4	2	1	1	1	1	0	5	2	3	0	2	3	0	3	6	0	2	0	2	5	1	1	0	5	2	5	1	2	1	5	1	2	4	2	2	3	5	4	3	3	2	4	1	1	4	9	1	0	5	2	2	9	0	4	3	3	2	6	0	2	6	1	3	3	6	1	1	4	0	0	4	1	1	2	3	2	3	1	0	1	6	1	0	2	4	5	3	3	4	5	1	1	0	2	2	0	3	4	0	3	3	2	0	0	1	0	6	5	2	2	1	2	0	5	3	3	9	6	1	5	3	2	5	78	394	0	7	0	0	3	2	3	5	2	1	3	0	0	2	3	0	4	0	2	3	0	0	3	4	1	2	3	2	2	0	4	3	1	5	0	1	4	0	2	3	0	5	3	2	3	0	3	0	1	6	2	0	5	0	1	0	0	1	3	0	2	4	3	2	2	1	1	5	2	2	0	0	0	0	0	1	2	0	0	0	0	0	1	1	1	1	0	1	0	0	0	0	0	0	2	0	0	2	0	0	0	0	0	0	3	0	1	0	0	0	1	0	7	0	4	0	0	0	1	0	0	0	0	0	0	1	2	1	1	2	1	0	0	0	0	1	0	2	0	1	1	0	4	0	1	0	2	0	0	1	1	0	0	0	2	3	2	0	2	2	6	4	1	2	3	2	3	1	0	2	3	3	2	4	1	2	3	2	0	4	1	7	3	2	4	1	6	1	2	4	1	3	2	0	2	1	2	1	2	5	6	1	8	1	1	5	100	6	2	0	2	0	2	1	0	4	0	1	11	5	1	0	2	11	5	4	2	4	7	1	4	1	0	7	4	3	3	0
A[Ins(T):R(0,4)]G	3	7	3	23	3	106	4	1	6	0	1	3	1	3	6	3	5	4	2	1	3	1	1	6	5	5	3	5	1	2	6	2	2	2	0	2	0	1	8	6	5	1	5	6	3	0	8	3	7	5	4	7	0	3	3	5	2	4	3	3	3	5	1	4	2	5	8	0	3	0	5	8	9	2	1	2	3	0	1	5	0	4	6	13	3	6	5	1	1	4	3	3	8	1	3	1	3	2	10	1	3	3	3	7	8	2	3	0	3	3	2	6	4	4	1	2	0	6	2	3	4	1	6	3	2	2	0	5	6	0	5	2	7	0	1	2	3	4	4	4	4	1	0	8	2	2	5	6	1	1	13	2	0	11	2	2	1	3	3	3	2	4	5	12	2	2	7	3	1	0	173	446	3	4	3	1	4	5	8	5	1	4	4	3	1	2	1	3	6	1	7	1	3	2	5	3	2	6	2	1	6	1	4	5	2	2	3	0	3	8	3	3	1	1	1	2	1	3	5	4	0	3	2	1	6	3	2	5	2	7	0	5	6	2	5	5	3	1	2	8	1	0	0	1	0	0	1	0	0	0	0	3	0	5	0	0	0	1	1	0	2	1	1	0	0	1	1	0	0	0	0	2	0	0	2	0	2	1	1	3	0	0	0	0	2	0	6	2	0	0	0	0	2	0	0	1	0	1	1	0	3	1	0	1	2	0	2	0	1	2	0	0	0	1	2	1	1	1	1	1	0	0	0	1	1	0	2	8	4	2	5	2	7	3	1	7	4	1	3	1	3	5	3	1	3	3	4	4	2	8	0	3	4	1	8	1	3	6	6	0	9	7	2	8	5	0	2	2	1	6	5	7	5	6	0	0	3	6	203	8	3	2	1	2	11	4	1	3	2	3	22	5	0	0	5	9	18	5	3	3	5	2	2	0	2	18	6	1	2	2
C[Ins(T):R(0,4)]A	1	2	0	9	5	50	2	2	1	2	5	3	4	0	1	2	4	3	3	1	1	1	2	3	4	4	1	0	1	6	1	5	3	3	2	3	2	3	5	4	4	1	8	3	4	3	0	3	1	2	2	2	2	1	3	0	0	3	3	5	1	0	1	1	1	1	4	2	2	2	1	5	7	4	1	1	2	1	0	3	1	6	1	3	1	3	2	3	2	2	2	1	4	0	2	0	2	1	11	0	2	2	2	2	5	0	1	1	4	2	1	7	0	0	4	3	0	2	2	0	0	0	3	4	0	3	1	5	3	2	4	3	5	2	1	2	5	5	3	4	7	0	0	3	3	0	1	1	2	0	6	3	2	7	3	0	2	1	1	1	3	4	0	4	1	0	6	2	3	2	37	177	2	2	2	0	3	3	1	6	1	3	2	3	2	3	1	0	4	4	2	5	1	5	6	3	1	4	3	3	9	2	7	2	1	1	3	0	1	2	3	2	2	1	2	0	1	5	2	0	7	3	0	2	3	0	2	3	0	3	2	3	3	0	0	3	0	1	3	4	1	3	1	1	0	3	1	0	0	0	4	2	1	5	1	4	0	2	0	0	2	2	0	0	1	0	4	0	1	4	0	3	0	1	3	0	2	0	3	2	0	0	0	1	2	0	0	0	1	0	0	0	2	1	0	1	2	5	4	0	0	0	0	0	2	0	1	1	0	0	0	0	0	0	3	1	1	1	1	4	0	1	1	0	1	3	1	2	4	3	1	2	1	1	2	1	6	4	1	2	4	3	3	1	0	5	1	1	2	3	1	1	3	3	4	4	1	5	8	1	5	1	3	5	2	1	3	3	4	6	2	4	2	5	6	1	1	1	83	3	0	1	6	4	0	4	0	2	1	2	7	3	1	1	4	4	4	3	2	6	4	2	5	1	1	5	5	2	4	1
C[Ins(T):R(0,4)]C	2	3	1	4	4	61	4	0	4	1	1	4	2	1	4	0	1	6	0	1	1	0	0	1	2	5	4	0	0	5	2	2	1	1	3	1	1	0	2	1	4	2	2	0	3	1	1	0	3	0	4	4	1	6	6	4	0	2	3	2	1	2	2	1	0	1	4	4	0	3	4	2	3	0	3	1	4	3	0	3	3	3	0	2	2	4	5	1	2	0	1	3	2	0	4	1	1	0	13	1	6	1	3	0	1	3	1	2	1	1	2	6	1	1	2	2	1	1	2	5	1	2	2	0	1	1	0	1	0	1	1	0	2	1	1	0	3	2	1	0	0	2	0	3	2	3	0	4	1	1	4	1	0	3	2	1	2	0	1	1	3	1	2	5	2	2	5	1	2	3	56	312	0	3	3	0	2	1	3	1	2	2	3	1	1	1	2	3	0	1	4	1	4	3	2	1	1	1	6	1	4	0	6	2	2	3	0	1	4	3	0	4	2	3	1	2	0	1	3	0	3	3	1	1	4	0	1	0	2	0	2	0	3	1	2	3	2	1	2	10	1	0	0	0	1	0	0	3	0	0	1	0	1	0	2	1	1	1	1	0	1	0	0	0	0	1	3	0	1	1	1	0	0	0	2	0	0	0	0	2	0	0	0	1	3	0	0	2	1	2	0	0	0	0	0	0	1	2	2	0	0	0	0	1	1	0	0	1	0	1	0	0	2	0	3	1	2	1	0	3	1	1	0	0	2	0	2	2	3	5	6	1	2	3	5	4	6	2	5	0	3	4	4	0	0	0	1	1	1	8	1	1	1	1	5	5	3	3	7	7	4	6	1	5	4	1	4	1	5	6	3	2	5	9	2	0	2	4	158	2	7	0	3	1	7	1	2	4	0	7	18	5	1	1	3	6	7	2	4	2	5	1	7	1	0	10	3	1	2	1
C[Ins(T):R(0,4)]G	4	5	5	14	4	135	3	2	4	0	3	4	4	3	5	5	2	5	1	2	3	2	2	9	4	3	0	2	1	1	2	1	1	1	3	2	1	1	2	3	2	3	4	2	5	4	2	1	4	0	2	4	1	4	1	3	1	6	0	0	3	2	2	3	1	2	0	0	5	5	2	6	7	0	1	1	6	1	0	4	5	1	3	9	0	0	4	2	2	2	2	1	3	3	3	2	3	2	9	2	4	2	0	3	3	3	1	1	1	3	4	5	2	2	4	3	1	2	3	3	2	2	3	1	2	3	3	4	2	4	2	3	3	2	4	2	3	4	4	1	3	4	1	1	2	2	2	7	2	1	9	1	0	0	3	1	1	2	3	1	4	4	2	8	4	1	7	1	1	1	105	341	1	4	2	1	2	1	5	2	2	1	5	3	3	0	0	6	6	3	1	1	2	4	4	7	0	2	4	2	5	0	5	5	1	3	3	1	2	5	2	3	0	1	1	1	1	3	4	1	4	6	0	0	6	1	1	2	2	2	4	1	4	1	2	3	4	0	2	4	0	1	0	0	1	0	0	3	0	0	1	2	1	1	1	0	1	2	2	0	1	0	0	0	2	0	1	1	0	2	0	2	1	0	3	1	3	1	1	0	0	1	0	1	2	1	4	5	0	0	1	0	2	1	0	0	0	1	2	0	2	1	1	3	1	0	0	0	0	2	0	1	0	0	2	0	1	1	1	1	3	1	0	0	1	0	1	4	3	3	4	0	4	4	0	6	4	3	3	3	5	5	2	2	2	1	2	5	1	2	1	3	1	2	6	1	2	5	8	1	1	5	0	1	1	0	5	1	5	2	3	3	2	4	0	1	3	2	205	2	3	1	2	5	5	1	0	4	1	4	13	8	1	0	1	6	10	3	2	3	3	1	6	1	0	18	3	0	2	0
G[Ins(T):R(0,4)]A	4	0	2	9	4	21	3	2	4	5	3	2	2	4	4	4	1	1	1	1	2	1	1	1	5	6	4	1	4	1	7	1	2	1	3	0	1	5	4	1	2	1	8	6	3	1	2	8	3	1	3	3	4	4	5	1	1	5	2	6	5	3	2	6	1	1	3	2	3	6	3	1	7	2	2	1	5	1	2	2	2	2	6	3	3	4	3	3	3	3	8	1	2	2	5	2	4	2	4	0	3	2	7	2	6	6	0	7	2	2	3	7	2	5	1	1	0	6	2	8	2	2	6	5	0	5	4	6	4	0	4	6	2	1	6	0	1	1	5	1	6	1	0	3	2	8	2	2	3	2	4	2	1	11	1	1	1	5	3	0	1	5	7	5	8	2	5	1	4	3	16	207	3	2	2	1	0	2	3	3	0	7	1	4	2	2	2	5	3	2	3	5	3	2	6	9	3	3	4	0	4	2	4	2	0	3	4	0	9	2	2	2	1	2	0	8	5	5	2	3	1	4	3	6	1	2	2	2	1	1	6	1	2	4	2	1	6	2	5	0	2	1	0	2	0	1	1	1	0	0	2	3	2	5	2	0	1	1	2	1	0	1	1	0	0	1	0	1	3	4	0	2	0	1	3	0	0	0	3	1	2	0	1	1	6	2	2	3	3	0	1	1	1	5	0	1	3	1	3	0	3	2	1	1	2	0	0	4	1	1	0	2	1	0	3	1	2	0	1	2	3	3	1	1	1	2	3	2	2	2	5	2	3	5	2	8	4	2	2	4	3	2	3	2	1	6	0	0	2	6	1	1	1	2	2	7	0	5	8	3	4	3	1	4	4	4	4	2	1	7	1	5	3	1	3	2	4	5	43	2	1	2	2	4	4	1	4	6	1	4	1	4	4	1	4	5	3	2	4	4	5	2	7	3	1	9	5	2	5	0
G[Ins(T):R(0,4)]C	0	0	0	3	1	20	3	0	0	2	0	2	2	0	5	0	2	1	0	1	1	0	0	2	0	0	1	0	0	0	2	0	0	1	1	0	0	0	0	1	1	0	0	0	2	1	0	0	1	0	1	1	2	0	2	0	0	2	0	0	0	0	2	1	0	0	2	0	0	0	1	2	1	0	0	0	2	1	0	1	1	0	1	3	1	1	1	1	3	1	2	0	1	0	0	0	0	3	5	0	2	1	0	1	2	0	0	2	1	3	1	2	0	1	0	1	0	0	1	0	0	0	1	1	1	0	0	2	0	0	2	0	1	0	3	0	0	2	0	1	1	0	0	2	1	1	2	2	0	0	1	2	0	2	0	1	1	0	0	2	0	0	1	1	0	0	3	0	1	1	16	275	0	2	0	0	1	1	3	3	1	0	0	2	1	0	1	0	3	1	2	2	2	0	3	1	0	2	4	0	3	1	4	3	0	1	0	0	0	2	0	0	0	0	0	1	0	2	1	0	0	0	0	1	2	0	0	0	0	0	0	4	1	0	1	1	0	0	0	1	0	1	0	0	0	1	0	1	0	0	0	2	0	1	0	0	0	1	0	0	1	1	1	1	1	0	0	0	1	0	0	0	1	2	1	0	1	0	0	0	0	0	0	0	1	0	0	1	0	0	0	0	0	1	0	0	0	0	2	0	0	0	0	0	0	0	0	1	0	0	0	2	0	1	0	0	2	0	1	0	0	2	0	0	0	1	0	1	2	1	3	0	0	1	1	2	3	0	0	0	1	1	0	0	1	2	2	1	1	2	2	0	0	0	4	0	0	0	7	0	0	3	0	3	0	2	0	1	1	3	2	1	2	2	1	2	1	1	35	0	2	2	1	0	0	1	1	2	0	0	3	4	0	0	1	2	0	2	1	1	1	1	7	1	0	4	1	2	0	0
G[Ins(T):R(0,4)]G	1	1	5	12	2	69	2	0	2	1	4	0	0	2	2	2	2	1	2	2	3	1	1	2	0	2	1	1	3	4	3	2	1	2	3	4	1	4	8	3	7	0	1	2	1	4	0	3	1	3	2	0	0	1	3	3	2	8	2	2	1	1	1	1	1	4	6	1	2	1	1	2	6	1	0	1	3	0	0	3	0	3	1	1	3	0	1	1	4	0	3	3	2	0	3	2	2	0	6	0	0	2	2	2	6	0	2	3	4	2	3	6	3	3	0	2	0	7	1	1	2	4	3	4	0	3	1	3	3	0	0	3	2	1	1	3	5	5	1	4	4	0	0	0	2	2	4	5	2	2	6	2	0	5	1	3	0	1	6	2	1	1	2	3	1	1	6	1	1	0	76	264	0	2	1	2	1	1	5	7	5	2	0	2	3	1	1	3	2	0	3	1	2	1	5	3	0	2	4	4	6	0	1	1	1	2	1	0	2	0	1	2	1	2	0	1	1	1	2	1	1	3	2	0	5	1	0	0	2	3	2	1	1	3	3	0	3	0	0	4	1	1	0	0	0	0	0	0	0	0	1	2	0	2	1	0	2	2	1	0	0	0	0	0	0	0	1	0	1	1	0	0	0	1	0	0	0	1	0	0	0	0	0	0	2	0	1	1	1	0	0	1	1	0	0	2	1	0	1	0	1	1	0	0	1	0	0	2	0	4	0	0	1	1	2	1	3	0	0	0	0	0	1	0	3	2	2	1	2	3	6	3	2	3	1	12	4	3	4	0	1	6	3	2	2	2	3	3	4	6	1	0	1	1	2	5	0	1	8	0	2	3	1	5	7	0	4	3	2	5	0	0	3	3	6	0	2	2	185	2	4	2	5	3	6	0	2	2	3	0	9	7	1	1	3	5	7	2	4	2	5	4	3	2	3	16	5	0	0	2
A[Ins(T):R(5,7)]A	27	20	26	137	24	620	22	20	37	10	22	37	14	15	15	21	28	52	30	9	13	7	5	27	11	22	12	7	11	11	41	24	6	18	20	20	7	17	46	22	17	26	18	14	20	6	18	28	20	7	24	47	9	23	30	18	7	29	10	15	17	18	14	16	2	20	20	9	19	10	22	38	59	7	25	3	29	7	7	59	10	13	20	55	18	37	25	11	15	17	13	11	31	6	7	21	34	9	60	6	41	21	19	35	49	7	15	32	12	21	6	52	20	12	16	21	3	40	16	10	26	12	33	10	7	17	12	25	36	6	22	20	45	16	7	4	36	19	17	33	30	19	0	20	14	15	25	45	14	17	22	12	2	41	13	25	9	15	43	7	13	19	25	76	14	19	61	16	9	21	832	50	16	29	19	4	6	16	26	13	21	28	18	18	17	4	8	18	21	4	8	23	19	9	56	17	3	11	22	17	17	7	15	29	16	17	8	6	25	21	12	20	4	11	16	21	17	16	40	9	20	32	8	11	21	27	14	13	18	27	7	19	15	13	15	26	21	2	13	64	3	2	0	1	1	4	2	0	0	0	1	5	2	2	2	0	4	2	3	0	1	0	0	0	0	0	4	0	2	1	1	0	0	0	3	0	4	0	2	1	0	0	2	0	11	0	38	4	2	1	3	0	0	2	2	0	3	1	3	0	0	5	1	0	1	0	0	2	0	13	0	3	1	3	25	1	1	2	4	1	2	6	0	0	4	1	12	11	16	23	13	24	34	20	8	35	24	19	21	1	13	15	12	19	13	21	19	14	20	38	5	24	12	16	30	10	12	23	26	19	26	36	15	35	8	12	36	13	17	15	20	22	32	24	13	3	13	22	1792	12	2	10	46	10	22	17	10	16	11	26	93	10	8	6	25	43	44	19	35	28	56	13	19	16	8	105	37	8	15	4
A[Ins(T):R(5,7)]C	26	24	16	99	30	484	24	28	36	13	16	27	32	13	21	23	28	50	25	6	14	8	6	35	16	28	11	14	13	11	38	29	18	20	19	26	13	7	44	35	21	18	25	13	24	7	22	34	23	12	21	46	10	30	25	11	9	25	9	15	22	15	20	21	11	23	34	12	27	11	35	41	43	10	27	11	34	9	10	49	10	16	17	74	20	33	44	16	23	23	14	9	37	6	17	19	24	11	60	6	49	20	17	34	36	8	15	30	20	22	5	76	21	19	21	19	1	55	12	19	26	13	36	12	8	14	11	28	36	7	15	22	58	19	14	6	22	22	13	16	35	9	0	30	10	22	32	52	12	18	38	12	3	47	15	19	20	19	43	10	14	31	36	84	17	26	44	15	13	17	801	37	14	32	15	3	7	28	28	23	15	45	22	23	18	3	27	23	27	10	13	35	19	8	64	27	3	21	21	21	22	17	18	35	16	30	13	9	29	26	14	23	5	15	17	19	10	10	41	4	15	45	14	20	23	27	5	17	17	22	8	31	17	13	22	30	26	4	13	80	9	4	0	0	2	2	0	0	1	0	0	8	4	1	3	0	0	4	2	0	2	1	0	0	1	0	8	0	1	2	1	2	0	0	6	0	1	0	2	1	1	0	1	5	19	1	14	6	2	2	0	3	0	0	0	0	4	4	2	2	2	2	2	1	1	0	0	0	1	14	0	2	0	1	28	3	9	2	6	2	0	5	0	0	6	4	11	14	30	26	12	33	39	14	7	35	19	26	16	3	19	9	18	13	16	13	26	19	24	39	8	45	15	5	25	14	18	18	23	25	34	32	16	33	9	13	27	11	13	14	14	31	40	25	16	7	8	24	974	21	4	8	35	10	39	13	10	15	8	37	140	5	4	5	15	38	49	25	23	31	67	19	25	13	12	73	33	11	16	8
A[Ins(T):R(5,7)]G	27	31	20	148	30	774	25	21	29	8	24	39	25	22	16	16	29	48	39	6	23	4	4	39	13	34	10	9	16	15	39	28	6	16	28	26	8	8	58	28	19	16	31	13	24	9	15	35	18	16	26	27	10	38	21	27	6	35	14	17	26	23	18	20	7	26	24	10	24	11	31	37	57	11	24	9	34	5	6	48	16	16	17	64	20	40	30	18	26	11	18	15	35	14	9	11	26	7	81	11	45	22	17	40	35	13	12	35	22	23	10	59	33	33	19	19	4	43	13	16	21	23	41	10	17	18	10	32	39	7	18	18	68	20	20	9	52	28	25	26	45	14	0	33	11	11	22	34	12	16	28	9	0	44	17	33	16	19	36	7	18	18	31	78	13	17	48	17	9	17	1050	40	11	25	10	2	10	19	32	23	11	41	24	18	13	0	17	19	28	13	14	32	33	8	67	21	5	17	35	18	8	8	23	40	16	34	10	4	34	29	12	22	3	13	22	8	14	11	50	7	13	47	19	17	24	40	11	17	32	10	15	20	21	10	15	26	17	8	18	77	10	2	0	0	0	6	4	2	1	0	0	5	2	2	6	0	1	4	4	0	0	1	1	1	0	0	6	0	0	1	0	5	1	0	1	0	2	0	1	5	4	0	1	5	17	1	18	4	0	0	1	2	0	4	0	0	1	2	2	1	5	4	0	2	1	1	0	0	1	13	0	3	3	3	33	4	5	4	4	1	3	4	0	1	1	2	8	11	24	30	21	27	23	25	15	33	19	21	18	4	27	19	14	20	17	25	33	19	26	44	8	37	10	11	20	11	22	16	39	25	26	29	15	25	5	11	26	16	13	20	17	28	49	30	16	8	19	21	1559	19	9	12	29	11	40	19	6	16	7	27	124	8	9	4	9	51	50	19	28	33	60	11	27	12	12	126	30	12	12	5
C[Ins(T):R(5,7)]A	14	15	14	72	15	245	12	13	18	8	8	8	16	6	7	5	8	32	7	2	4	1	2	15	6	8	5	3	3	8	10	12	7	7	11	8	7	4	17	10	3	7	7	8	14	3	10	17	8	6	10	22	3	14	9	7	4	12	3	5	6	12	10	6	3	10	6	6	14	3	13	27	27	7	7	4	9	2	4	24	7	4	1	34	4	11	18	7	4	12	5	4	20	0	4	7	17	5	27	2	23	8	7	17	10	8	3	20	4	9	1	24	10	5	3	16	2	14	5	17	10	7	15	4	5	6	5	13	12	0	12	2	16	10	3	4	13	11	4	6	7	3	0	15	9	3	11	15	3	5	12	2	3	15	7	7	9	5	13	6	7	1	12	19	8	10	18	7	7	17	369	23	2	15	5	1	4	11	11	3	6	18	7	13	9	2	8	11	13	3	2	18	10	6	28	12	4	12	10	8	10	3	8	13	2	8	11	3	11	9	8	11	0	3	7	11	5	6	18	3	9	19	6	9	10	11	7	6	10	13	3	12	7	3	5	13	5	2	6	22	2	2	1	1	0	1	1	0	0	0	0	1	1	0	2	1	1	0	2	0	1	0	1	0	0	0	0	0	1	0	0	0	0	0	1	0	0	0	0	2	0	0	1	1	3	0	4	4	1	0	1	0	0	2	0	0	3	0	1	1	1	4	0	0	0	0	0	1	0	2	0	1	0	0	16	0	2	0	1	0	0	3	0	0	2	0	5	8	7	14	7	10	12	13	2	15	7	11	8	0	9	3	7	4	6	9	17	7	14	19	0	13	5	8	13	3	11	12	12	8	16	12	3	15	2	6	5	6	7	4	12	13	15	19	5	1	7	9	776	6	6	1	20	3	16	13	7	7	7	22	34	2	5	0	5	19	13	9	10	8	31	2	10	6	8	63	12	2	6	3
C[Ins(T):R(5,7)]C	14	24	13	51	19	287	16	13	16	7	10	17	12	11	10	13	17	38	18	5	12	4	4	15	9	16	9	8	6	4	15	18	7	8	5	13	9	3	26	20	10	8	13	8	21	4	5	22	11	5	13	17	6	20	12	9	3	18	3	7	15	13	8	13	5	12	15	18	8	5	16	32	23	4	13	4	12	5	9	39	13	12	9	42	14	15	19	6	13	12	6	4	13	10	6	4	13	6	33	8	30	12	12	27	22	10	7	9	9	21	1	26	13	12	12	12	2	35	8	12	12	9	19	3	5	9	7	24	20	2	8	6	35	15	11	0	25	27	9	18	13	8	0	11	6	7	22	19	9	6	16	1	1	32	12	15	12	10	14	7	13	15	23	38	9	4	21	8	3	6	440	28	4	13	6	2	7	18	7	9	6	17	11	10	13	3	10	10	7	8	9	22	9	3	32	15	6	14	7	6	9	4	6	21	3	24	7	0	8	12	7	18	2	9	12	9	7	7	25	7	7	18	8	11	17	20	3	13	14	16	9	13	6	6	9	30	14	2	2	39	4	2	0	0	0	2	1	1	0	0	1	2	2	1	4	0	1	3	0	0	2	1	0	1	2	0	3	0	1	0	1	1	0	1	1	0	0	0	1	3	0	0	1	0	6	0	10	4	1	0	0	1	1	3	0	1	2	3	4	1	2	4	0	0	0	0	0	1	0	4	0	5	0	2	13	0	2	0	2	1	2	0	0	0	0	1	7	7	14	13	6	14	16	6	4	19	13	8	13	1	14	5	14	11	6	10	22	5	17	24	2	14	7	6	19	11	9	8	14	10	20	22	5	17	7	5	15	11	8	15	11	10	16	20	8	6	6	8	563	11	4	2	24	4	22	7	8	8	4	20	50	3	7	4	12	24	21	12	13	17	41	8	7	14	8	47	24	4	9	5
C[Ins(T):R(5,7)]G	8	17	10	70	19	368	9	16	20	4	10	29	8	12	16	8	16	34	19	4	6	1	3	14	14	15	3	4	5	4	21	9	6	5	11	12	9	8	21	20	18	11	18	6	13	3	11	21	15	8	8	15	9	18	9	8	11	14	4	8	14	8	6	12	8	6	14	7	11	10	15	23	24	6	15	0	13	3	5	28	8	5	8	36	8	24	19	6	7	10	4	11	26	6	11	11	15	5	23	10	29	13	14	17	23	14	6	16	12	20	7	23	9	15	9	8	1	21	6	12	12	9	23	8	9	16	6	11	31	3	17	4	38	10	5	5	24	19	14	11	9	5	0	13	4	11	14	21	4	8	11	9	4	25	10	8	5	11	15	5	12	11	18	44	12	8	16	5	8	6	535	24	11	12	9	3	8	11	9	12	6	27	6	12	7	0	8	10	12	4	7	21	12	6	30	9	1	9	10	13	12	3	13	11	1	8	4	0	22	13	6	10	3	9	15	13	3	10	29	9	12	29	7	6	17	15	4	5	11	12	8	16	8	6	15	12	14	1	7	41	7	3	1	3	0	0	2	1	0	1	1	6	7	2	2	0	1	3	1	0	2	0	0	1	0	0	0	0	1	1	0	1	0	0	2	1	0	1	1	1	1	0	0	2	10	0	7	0	1	0	2	0	1	0	0	0	2	0	2	0	1	3	0	3	2	0	0	0	2	5	0	1	1	2	15	1	2	2	1	1	1	1	2	0	3	0	1	5	23	10	12	13	23	10	5	20	5	6	8	3	8	6	10	8	7	11	15	10	17	18	1	17	4	5	14	3	5	10	20	13	11	18	8	15	4	6	16	3	10	5	15	9	25	15	7	2	7	20	737	15	7	7	12	9	14	12	7	13	5	18	63	6	8	0	6	20	23	16	11	15	34	4	14	10	1	50	22	3	9	11
G[Ins(T):R(5,7)]A	16	13	6	89	21	354	6	6	14	5	5	9	12	5	5	3	6	15	7	4	5	3	2	14	8	12	6	3	4	10	15	10	2	4	7	11	6	5	21	13	6	7	16	7	9	3	7	18	10	9	5	17	9	19	8	4	4	10	2	5	15	5	6	12	1	15	11	7	10	6	6	16	17	7	8	4	13	3	4	18	4	9	8	23	6	16	4	4	4	3	7	6	20	3	7	9	11	8	27	1	18	9	13	20	16	4	1	16	10	12	3	27	7	8	6	16	0	14	6	8	4	9	15	1	5	6	7	18	12	5	8	7	23	4	4	2	15	16	5	16	13	5	0	9	5	3	10	9	4	7	6	5	1	16	10	5	4	6	12	2	10	12	15	23	5	9	22	4	3	5	440	20	7	14	10	2	4	13	6	6	7	10	8	7	3	3	7	10	6	5	5	16	9	2	29	7	2	7	7	8	7	5	10	15	3	9	7	1	14	11	6	8	2	6	10	7	7	5	13	4	8	18	8	11	5	10	2	10	5	7	7	11	2	4	5	12	2	1	11	19	4	2	0	1	0	3	1	0	0	0	0	4	2	1	3	0	2	1	1	0	0	0	1	0	0	0	1	1	2	0	0	0	0	0	2	0	1	0	1	2	0	0	0	1	10	0	7	0	0	0	0	0	1	0	0	0	0	2	0	0	1	0	0	0	1	0	0	0	1	2	0	3	0	0	13	2	3	0	1	0	1	2	1	0	0	0	3	5	6	9	4	11	18	19	5	19	10	8	9	1	6	3	7	10	10	6	13	8	5	14	2	10	6	6	13	1	7	9	7	2	13	14	3	13	6	2	7	5	6	3	5	5	14	11	6	4	5	7	804	9	3	4	14	3	18	4	4	4	5	10	27	6	4	1	5	16	15	10	6	10	26	10	14	3	4	42	13	4	4	4
G[Ins(T):R(5,7)]C	13	15	7	61	12	421	17	11	16	3	10	14	16	12	6	13	20	39	14	0	8	1	1	15	3	21	6	12	2	11	18	24	5	5	9	12	4	3	22	13	9	9	7	5	17	4	10	12	14	10	10	25	3	25	11	9	9	12	4	9	8	11	6	5	4	6	11	9	11	5	5	20	32	8	8	1	13	4	6	24	12	9	9	38	8	17	10	6	13	4	9	6	16	8	4	7	16	4	27	5	15	5	6	22	15	3	7	18	11	16	3	35	4	8	9	12	0	27	5	9	4	10	25	5	5	7	7	16	11	2	11	5	29	11	7	3	19	12	9	10	16	10	0	17	4	14	18	19	10	6	18	11	0	20	9	12	6	6	15	5	9	7	12	44	11	11	11	10	7	4	540	14	3	13	7	4	5	7	15	6	8	15	11	9	16	1	10	9	5	11	9	9	11	3	32	4	4	5	15	5	6	1	9	17	6	23	5	7	14	18	2	18	0	5	12	8	10	8	25	7	9	22	3	11	10	20	7	8	8	13	3	11	10	4	11	18	10	3	8	48	4	1	0	1	0	3	2	0	2	0	1	3	3	1	2	0	0	2	0	0	1	2	0	0	0	0	5	0	2	2	1	0	0	0	2	0	0	0	0	3	1	0	0	2	11	0	11	2	2	0	2	0	0	2	0	1	1	0	1	2	0	5	0	1	0	0	0	0	0	2	1	0	1	1	11	1	4	0	2	0	3	1	2	0	0	1	4	6	14	20	6	7	17	11	9	15	12	10	9	0	12	3	11	6	6	15	16	14	13	10	2	25	5	6	17	9	12	10	14	8	17	17	11	16	3	4	24	4	5	8	10	15	17	13	12	5	7	10	627	8	3	6	13	3	15	11	5	5	7	7	53	4	6	2	8	23	16	6	13	11	36	9	9	6	2	45	13	6	5	1
G[Ins(T):R(5,7)]G	17	15	12	114	21	770	13	11	33	9	8	20	16	15	10	12	19	35	12	8	11	6	2	14	8	20	5	2	7	12	27	19	8	9	13	12	5	3	33	18	11	15	18	8	21	4	10	20	10	7	16	24	1	13	15	15	4	18	3	5	8	8	11	11	9	13	12	4	16	12	17	20	22	9	13	11	27	7	4	30	10	4	14	48	7	26	22	13	11	9	2	11	24	11	10	9	19	4	34	5	30	13	17	21	24	15	4	20	11	21	2	39	14	13	11	12	2	35	5	18	9	7	33	5	12	20	6	18	18	6	4	6	39	12	4	3	20	30	12	11	20	9	0	15	6	11	16	29	11	8	20	7	4	22	10	19	13	9	13	6	11	16	14	45	16	10	33	9	6	4	897	19	13	17	9	4	5	17	24	5	10	21	15	13	15	3	13	12	16	6	8	22	13	0	41	20	6	11	29	18	6	5	6	21	10	28	7	4	17	14	6	25	5	8	9	11	10	9	28	10	11	27	10	12	12	18	4	10	6	10	12	21	6	7	9	19	7	3	5	40	4	0	0	0	0	2	5	0	0	0	1	2	3	4	2	0	0	6	0	0	1	1	0	0	0	0	2	0	0	3	2	1	0	0	1	0	1	0	1	2	1	0	2	2	12	0	24	4	2	0	3	1	0	1	0	0	0	1	3	0	0	3	0	2	1	0	0	0	1	9	0	1	0	1	14	0	2	0	1	1	2	1	1	0	3	0	3	10	12	15	4	14	21	11	7	18	20	13	9	5	8	6	3	12	9	9	13	16	21	25	2	16	6	3	16	8	5	10	20	18	13	21	8	20	4	5	24	6	8	9	13	17	17	17	11	2	17	12	1228	9	11	7	20	8	23	15	1	13	7	19	64	4	6	2	14	31	14	14	14	23	42	6	19	6	5	114	20	5	7	5
A[Ins(T):R(8,)]A	20	19	17	52	17	601	19	17	21	5	18	15	15	22	10	26	19	29	18	2	9	4	8	33	8	23	14	5	15	13	33	14	8	12	13	9	8	12	58	22	12	8	19	11	18	8	14	29	24	7	15	21	9	27	18	9	4	21	10	10	13	23	16	9	7	13	16	9	23	12	12	17	43	14	9	5	20	4	11	36	10	13	13	41	8	34	9	13	25	20	8	12	23	7	5	15	14	6	25	5	26	13	20	36	37	5	2	13	15	24	7	40	14	20	12	22	1	57	9	9	27	16	18	5	9	20	6	15	33	0	7	11	35	20	8	1	32	15	14	13	17	20	0	25	6	13	26	37	11	9	18	13	0	32	21	19	17	15	17	8	20	15	16	43	15	16	39	3	5	11	574	6	10	18	14	0	15	18	29	10	6	28	3	14	10	1	24	18	4	14	10	46	18	0	27	11	7	8	24	9	16	8	5	12	8	16	8	0	23	13	10	25	2	7	13	14	8	13	34	6	15	25	11	9	15	19	2	7	20	18	11	34	15	8	12	7	5	0	5	44	6	1	0	0	0	5	2	0	0	0	0	5	6	2	6	1	1	2	2	0	4	0	0	0	0	0	4	0	2	4	1	2	1	1	2	0	2	0	0	4	0	0	0	2	13	0	8	4	1	0	2	0	1	2	0	1	0	1	3	0	1	3	0	0	1	0	1	0	3	11	0	6	0	1	26	2	3	4	3	2	3	2	0	0	2	1	10	9	28	15	17	24	23	17	9	44	24	20	27	1	16	7	13	25	19	21	28	23	38	35	7	40	19	12	25	11	18	18	24	18	32	40	11	37	17	20	25	15	18	19	19	20	28	32	18	6	20	23	1462	21	7	10	35	8	30	16	13	24	7	32	87	8	3	5	21	48	36	25	30	25	50	12	27	13	5	110	26	10	12	7
A[Ins(T):R(8,)]C	28	25	14	34	14	446	11	18	21	9	12	25	17	10	8	20	11	31	23	6	13	3	4	16	8	21	6	2	9	11	28	15	11	10	25	20	10	10	60	25	18	8	12	5	20	2	12	39	21	14	12	33	10	23	16	16	5	18	7	8	9	15	10	9	9	12	17	12	10	13	26	27	42	5	16	3	25	6	9	46	6	12	15	62	12	29	11	13	21	19	13	10	34	14	8	16	21	7	16	6	24	16	17	32	32	10	4	15	6	29	8	44	14	14	12	19	0	45	3	17	12	12	20	5	8	8	8	15	26	0	11	5	35	12	14	3	33	24	7	14	14	10	0	16	11	9	22	32	8	13	15	8	2	25	15	15	18	11	18	6	18	18	15	31	11	8	41	2	0	7	529	12	5	15	17	0	13	14	19	14	11	29	6	16	13	2	36	31	12	12	9	31	15	3	27	6	1	13	21	11	15	4	12	17	5	9	9	1	19	16	9	22	2	9	9	10	1	7	21	5	13	34	11	10	15	21	4	16	12	17	4	17	8	4	14	13	9	0	13	67	6	2	0	1	0	2	2	0	0	0	1	9	7	1	4	0	4	0	1	0	1	1	0	0	0	0	4	0	2	1	3	1	0	0	4	0	1	0	2	2	2	0	1	3	13	0	5	4	3	1	3	2	0	1	0	0	1	1	0	2	1	1	1	1	0	2	0	2	2	8	0	7	1	1	36	2	1	0	5	3	0	4	0	0	1	3	10	9	25	21	13	26	29	28	14	41	22	31	20	2	15	8	17	16	23	30	26	14	44	38	4	19	11	18	28	16	16	19	26	22	26	28	14	32	8	12	32	10	11	21	23	18	50	30	23	4	11	17	1151	26	9	8	33	13	37	18	8	16	12	25	110	11	14	9	7	46	37	28	26	24	46	16	19	10	5	117	22	13	9	9
A[Ins(T):R(8,)]G	30	12	19	39	26	488	10	19	21	11	17	25	10	9	10	15	17	22	13	5	10	4	7	13	8	22	8	6	11	6	22	14	4	10	18	8	6	11	50	27	10	15	16	7	21	3	10	24	24	5	13	17	9	27	11	9	4	21	5	4	14	14	10	10	3	11	16	12	18	12	11	19	44	10	12	2	23	5	9	34	3	6	11	66	8	30	12	15	7	6	6	14	32	8	8	11	17	3	16	3	22	17	10	26	30	9	4	11	5	24	4	28	11	13	10	18	0	36	3	13	12	10	24	5	10	11	5	13	32	0	12	11	28	10	11	2	36	18	12	13	16	9	0	25	8	11	25	29	12	10	19	10	2	27	16	12	17	19	12	4	14	12	13	34	13	14	38	2	4	12	548	8	11	14	15	0	7	11	13	8	11	28	8	9	11	1	18	16	10	8	11	23	10	2	23	7	2	10	26	5	13	9	8	14	5	12	10	1	21	29	9	22	2	8	13	9	7	10	18	5	16	32	8	6	9	21	2	13	15	3	6	12	14	4	13	12	4	0	6	54	4	4	0	1	0	4	2	0	0	0	0	4	5	0	2	0	1	4	1	0	1	0	0	0	0	0	1	0	0	4	0	2	0	0	3	0	1	0	0	1	0	0	1	5	14	0	7	2	2	0	4	1	0	0	0	0	1	1	3	1	1	4	1	0	0	0	0	0	0	6	0	3	1	2	32	3	2	3	0	1	2	3	1	0	3	1	7	9	23	17	17	21	27	22	8	37	18	19	14	3	8	10	10	8	12	23	23	10	24	36	6	17	12	10	12	13	9	18	24	29	19	27	15	33	11	12	23	13	16	12	16	26	42	29	11	0	10	16	1197	23	8	10	30	8	24	20	10	15	8	24	74	8	6	5	11	41	26	27	24	17	42	9	14	6	10	103	21	8	8	2
C[Ins(T):R(8,)]A	12	8	7	14	8	310	13	10	10	10	13	13	8	7	3	9	10	16	14	1	6	0	3	13	4	25	6	6	5	8	16	11	3	4	11	7	5	4	20	15	12	6	9	3	10	3	7	15	18	7	8	11	6	16	11	10	1	8	3	7	3	14	4	1	4	7	5	10	9	6	15	10	34	4	12	3	10	1	2	26	6	4	7	35	6	17	5	9	9	9	7	6	10	5	7	7	14	5	11	3	17	7	9	7	19	3	5	10	8	9	4	20	11	2	11	14	0	23	3	6	10	5	23	3	7	4	3	8	14	0	5	1	24	7	6	0	14	10	3	7	9	3	0	15	9	5	10	21	7	7	15	3	0	14	7	4	6	10	9	4	7	12	9	23	4	5	16	4	2	2	328	0	3	11	5	1	2	8	12	11	6	16	2	7	9	3	12	17	1	3	4	20	5	0	23	6	3	11	6	7	11	5	6	14	3	15	4	0	15	10	7	18	1	3	5	10	1	4	18	2	8	16	3	5	4	17	3	4	10	0	1	14	7	0	7	4	4	0	10	32	2	0	0	0	0	3	2	0	0	0	0	4	2	1	4	0	2	0	0	0	2	0	0	0	0	0	2	0	0	2	0	0	0	1	1	0	1	0	0	0	1	0	2	1	5	0	2	3	0	0	3	0	1	2	0	0	0	2	2	0	0	3	0	0	0	0	0	0	0	3	0	1	0	2	12	2	1	0	1	0	1	2	0	0	0	1	4	6	17	8	6	14	13	10	7	28	11	6	9	0	6	10	9	8	6	8	11	9	14	19	3	9	6	13	11	12	9	6	26	17	10	22	10	23	5	3	18	7	11	8	6	10	25	12	6	4	8	9	792	3	6	3	20	3	15	7	5	10	11	12	48	4	4	2	7	25	19	13	14	12	35	5	17	5	4	83	15	7	7	3
C[Ins(T):R(8,)]C	12	14	12	21	13	328	12	19	14	10	5	10	15	11	10	8	14	12	10	1	13	3	4	18	8	19	4	5	9	4	26	13	5	9	17	13	7	3	45	23	7	12	15	9	11	5	5	15	11	10	12	19	6	22	11	8	2	17	7	5	6	8	11	8	4	16	11	4	12	4	12	14	35	4	14	3	20	3	5	26	0	5	3	43	11	24	4	4	10	7	5	4	19	4	5	12	11	2	11	10	24	7	12	14	21	6	1	3	5	19	2	33	12	7	3	13	0	22	6	11	7	10	17	5	2	5	2	6	22	0	9	3	22	5	2	2	21	13	5	5	7	5	0	16	3	15	15	14	7	2	13	9	1	17	9	7	6	7	12	4	9	7	10	22	4	8	24	4	2	9	395	3	6	7	7	1	4	13	5	11	10	22	1	9	5	1	10	8	7	8	9	13	8	1	20	10	1	3	15	3	14	1	8	9	5	15	7	3	13	14	10	16	1	4	11	5	2	4	19	4	8	21	8	5	8	15	1	9	9	5	6	6	10	5	8	14	4	0	4	37	5	1	0	0	0	3	2	1	1	0	0	6	2	1	3	0	2	2	0	0	1	0	0	0	0	0	2	1	0	2	1	1	0	0	2	0	0	1	1	1	0	0	0	2	5	0	3	2	0	0	2	1	0	1	0	0	0	0	0	1	2	3	0	0	1	0	1	4	0	5	0	5	1	1	24	1	2	1	1	1	2	3	0	0	2	0	5	13	14	8	9	14	14	20	3	26	9	13	9	4	6	7	12	13	8	14	21	5	15	25	1	7	5	11	20	9	10	17	14	15	12	22	13	24	8	8	23	9	9	11	16	14	25	23	4	1	6	9	746	9	4	2	26	3	22	10	8	11	7	18	58	7	1	3	11	26	15	10	11	12	30	6	14	4	2	88	15	6	11	2
C[Ins(T):R(8,)]G	21	15	11	29	12	486	9	14	20	5	8	20	4	13	6	12	20	21	23	2	6	2	4	13	11	25	9	4	10	7	19	15	11	10	15	15	6	4	47	14	12	8	10	7	17	3	7	12	19	2	14	21	5	19	6	10	5	13	2	6	13	12	10	11	8	16	11	11	12	3	17	7	31	1	11	5	18	4	8	28	5	8	11	36	15	18	9	4	7	12	2	5	15	6	8	14	7	10	8	2	22	7	9	19	22	11	4	10	6	21	6	23	12	6	2	13	0	32	4	18	13	7	17	2	3	7	6	13	27	0	6	5	36	10	6	0	27	15	6	10	16	7	0	13	10	7	13	15	8	9	12	5	1	19	17	9	10	14	7	4	22	6	8	35	13	5	23	5	1	5	568	8	5	7	10	1	11	14	9	1	6	22	3	7	7	1	13	12	6	8	5	18	10	0	28	7	1	3	17	12	8	4	5	11	1	10	12	0	13	12	7	12	4	5	9	11	5	5	24	4	10	24	9	3	5	22	0	10	8	11	4	16	12	4	9	9	4	0	8	33	6	1	0	0	0	0	1	0	0	0	0	3	4	0	0	0	0	2	0	0	0	1	0	0	0	0	1	0	0	0	0	0	0	0	1	0	0	0	0	3	0	0	0	6	13	1	8	1	1	0	2	0	2	0	0	0	3	0	1	2	0	5	1	1	1	1	0	1	2	8	1	6	0	0	20	0	2	0	0	1	1	1	0	0	1	1	6	9	12	21	14	11	25	14	9	37	14	13	6	0	9	9	9	6	16	9	21	6	25	18	5	10	8	7	13	15	7	8	13	12	11	21	10	17	14	4	21	9	5	12	19	8	38	17	13	3	7	11	899	12	4	5	25	8	21	15	2	16	5	23	63	4	5	2	10	22	16	11	15	11	32	7	15	7	5	112	13	9	10	4
G[Ins(T):R(8,)]A	14	12	4	23	11	328	7	7	11	3	6	9	5	4	6	7	16	13	13	4	6	1	5	6	9	8	3	1	11	6	18	10	5	3	12	6	4	5	23	20	4	9	8	5	12	2	7	15	15	3	8	12	9	19	7	13	4	8	4	6	6	8	4	3	1	9	7	5	11	4	2	11	23	2	11	3	10	1	8	20	1	6	4	37	1	19	4	2	4	6	4	11	10	7	4	8	7	6	10	2	9	4	8	10	12	2	3	5	3	10	3	21	2	11	8	9	0	22	6	4	7	5	11	0	2	6	5	9	13	1	6	4	16	7	3	1	15	9	4	9	10	7	0	8	2	10	13	13	13	3	10	5	0	17	13	3	4	8	7	3	16	10	13	12	3	4	19	2	2	3	301	4	3	7	5	0	4	6	9	4	4	15	2	1	2	0	12	7	6	6	5	10	7	0	12	5	1	3	11	10	4	2	6	7	0	7	7	0	12	8	6	10	4	4	12	3	6	3	13	2	6	16	5	6	1	12	1	3	4	5	2	6	7	2	7	8	2	0	8	31	1	0	0	0	0	4	0	0	0	0	0	3	3	1	2	0	1	2	0	0	0	0	0	0	0	0	1	0	1	1	0	3	0	0	1	0	1	0	0	1	0	0	1	2	4	0	3	0	0	0	0	0	1	2	0	0	0	2	2	0	0	4	0	0	0	0	0	0	2	7	0	2	0	0	16	1	2	1	3	1	0	1	0	0	3	2	6	7	13	10	10	12	21	14	2	22	12	12	12	2	10	5	12	6	16	12	15	13	14	16	1	11	5	7	18	10	12	8	22	11	13	18	8	18	6	6	14	4	7	6	14	11	20	13	7	4	4	14	731	10	5	5	15	3	18	10	4	9	9	18	55	0	6	0	12	27	19	11	16	12	18	3	11	4	3	73	10	5	10	4
G[Ins(T):R(8,)]C	19	9	9	10	5	308	10	12	17	3	8	7	5	5	6	6	11	11	13	2	6	1	2	9	2	16	4	3	4	5	19	5	0	5	8	11	2	8	16	17	7	5	12	7	10	2	4	14	15	1	6	13	6	13	9	8	6	11	2	5	7	3	9	10	4	8	9	10	7	6	7	8	15	7	14	1	8	6	3	31	4	9	7	29	4	14	5	0	11	13	3	4	14	3	5	9	16	4	1	3	12	3	5	12	17	9	1	7	3	8	5	13	6	3	6	13	0	24	4	12	6	6	18	0	6	4	1	4	15	2	2	2	9	4	6	1	17	12	5	8	8	4	0	6	4	11	7	19	4	0	9	3	1	15	8	5	1	3	5	0	8	7	6	25	6	5	16	1	2	4	293	1	4	10	3	1	1	2	8	6	7	11	1	6	9	1	9	9	4	7	2	16	6	2	16	3	1	4	6	4	5	3	10	7	3	7	5	2	15	10	6	17	1	2	5	3	0	5	13	0	4	16	5	8	2	9	4	4	2	8	3	6	8	2	4	4	5	0	2	36	4	0	1	1	0	4	1	0	1	0	0	5	2	0	4	0	2	1	3	0	1	0	0	0	0	0	1	0	1	0	1	3	0	0	3	0	0	0	0	1	1	0	2	1	5	0	3	1	0	0	3	1	1	1	0	0	0	0	1	0	0	2	0	1	1	0	0	0	1	6	0	2	0	0	20	1	3	1	0	0	1	4	0	0	2	0	3	9	14	6	7	10	14	16	3	24	9	14	6	3	6	10	7	9	7	12	17	11	18	18	2	10	8	10	8	7	8	13	21	9	14	21	8	22	10	3	14	7	6	5	12	15	16	20	1	3	9	8	719	7	4	6	15	4	27	9	7	12	2	23	53	3	5	2	8	30	18	16	16	7	28	6	14	8	5	62	16	5	7	0
G[Ins(T):R(8,)]G	19	11	10	23	11	432	8	16	8	4	8	9	8	6	7	10	9	13	10	7	5	1	3	10	11	20	6	4	6	2	15	7	2	7	13	10	5	3	40	16	9	8	5	8	20	2	7	14	14	7	4	18	6	18	3	13	4	13	3	6	8	9	9	8	3	13	11	5	8	10	13	7	30	12	15	9	8	2	6	29	4	7	5	37	4	22	2	10	7	9	6	2	21	8	9	9	7	4	4	3	13	2	10	10	13	7	0	4	4	9	3	24	7	10	7	11	0	23	5	9	8	5	9	1	3	7	4	6	13	0	2	4	23	5	3	0	19	12	6	6	7	3	0	16	4	9	13	13	4	2	10	4	0	19	3	8	9	9	2	2	7	15	7	14	13	5	15	0	3	2	406	2	4	15	6	0	1	12	12	5	2	11	3	7	5	1	5	9	3	6	2	21	9	0	18	7	2	7	17	7	10	3	10	10	1	8	5	0	11	9	3	16	3	4	15	6	5	5	18	0	10	8	5	5	2	15	2	2	4	6	2	6	10	1	10	7	3	0	2	40	5	2	0	0	0	3	2	0	0	0	0	4	0	0	1	0	0	0	1	0	1	0	1	0	0	0	1	0	0	2	0	1	0	1	1	0	0	0	1	2	0	0	0	3	7	0	9	2	1	0	2	0	1	1	0	0	0	0	0	1	0	3	0	0	0	0	0	0	2	11	1	2	0	1	19	1	4	0	0	0	0	4	0	0	1	0	4	11	17	9	20	11	16	11	6	34	7	18	13	4	5	4	8	14	8	10	24	8	21	20	1	9	6	10	22	12	4	8	28	16	19	24	13	18	6	3	13	17	10	9	12	7	22	31	15	4	11	11	931	12	8	8	22	4	25	12	8	12	5	20	46	4	3	2	6	35	8	14	24	14	30	10	15	7	2	113	16	7	5	2
Del(2,4):R1	2	9	6	12	3	97	3	11	16	8	8	3	9	10	18	16	5	12	4	5	13	11	6	6	8	13	4	4	4	7	15	4	6	8	3	6	4	6	17	9	5	9	22	9	5	16	5	9	8	0	5	4	3	36	8	18	11	21	9	4	5	7	3	7	6	10	6	8	9	8	2	7	14	5	12	12	13	6	1	10	7	1	7	5	7	6	9	6	7	7	1	8	20	11	1	4	6	3	21	3	9	6	15	2	10	3	8	7	5	7	6	16	7	6	2	6	2	11	4	3	4	11	5	18	2	6	5	10	6	4	8	10	9	6	4	3	12	11	10	9	8	5	0	8	22	11	5	21	14	31	23	7	3	20	7	8	2	8	14	5	7	9	6	10	12	9	12	4	10	5	48	1	3	22	9	3	10	7	23	27	5	9	3	5	8	6	10	8	18	9	7	3	6	2	10	7	4	10	1	4	4	2	48	7	2	5	9	1	12	2	14	15	10	1	11	6	7	7	7	3	9	4	9	1	27	7	3	6	6	5	2	6	6	4	20	5	9	1	6	10	2	2	1	1	2	2	7	3	2	0	4	7	2	1	2	1	1	3	3	0	2	2	1	1	5	1	8	2	5	7	4	3	0	1	8	1	5	5	5	7	1	1	1	5	12	2	7	2	11	0	2	1	2	6	0	2	10	2	7	4	4	4	0	6	4	0	2	3	0	25	1	1	2	4	7	3	5	2	3	3	2	3	1	0	3	0	5	8	11	5	31	10	14	15	17	11	30	9	5	9	8	17	5	9	11	9	9	9	11	15	6	3	7	7	15	9	5	12	42	4	12	9	5	12	19	6	12	7	9	17	5	19	9	15	14	12	14	4	1072	2	5	21	9	8	8	10	5	19	15	8	29	48	0	4	13	25	31	14	6	9	8	7	14	1	7	19	6	8	3	10
Del(5,):R1	17	6	2	7	19	16	4	9	48	11	4	8	9	10	53	3	6	16	9	8	56	10	6	9	12	14	9	3	7	8	51	5	11	11	4	5	2	11	82	9	8	6	7	8	8	29	10	4	18	9	8	8	6	94	14	7	5	44	23	9	12	9	14	10	6	14	9	4	10	9	6	9	18	6	13	38	16	1	2	7	9	1	10	9	11	4	12	4	8	7	13	5	41	6	5	6	5	14	53	9	7	17	15	15	12	10	7	8	7	13	13	11	9	7	6	9	0	5	2	8	11	7	6	19	5	6	7	9	5	8	6	11	22	7	41	1	10	8	7	2	8	7	0	8	70	9	7	83	10	49	134	9	8	17	11	9	4	9	9	3	11	8	7	6	7	9	21	4	12	8	128	6	6	79	5	7	9	13	100	104	8	12	9	1	3	5	12	22	13	9	4	12	8	18	18	13	4	9	12	12	3	3	180	9	5	16	9	4	9	11	11	56	15	7	13	6	6	9	11	4	9	11	12	4	95	11	9	4	6	4	9	7	9	6	68	3	3	2	6	8	5	7	0	2	5	3	5	2	2	3	5	6	6	9	8	4	8	4	4	1	4	2	0	3	6	2	5	3	4	5	1	3	0	8	5	0	3	2	5	8	3	3	5	5	17	0	4	9	5	4	2	1	3	4	1	2	3	10	9	3	4	6	1	3	7	2	2	4	3	61	0	3	1	5	13	2	11	3	6	4	3	5	3	4	7	3	10	11	14	15	96	11	20	24	49	12	87	9	17	3	16	74	15	46	25	12	16	27	28	10	7	31	15	19	14	17	28	36	170	15	23	31	10	10	21	8	15	27	15	76	17	96	32	26	93	23	29	21	122	3	19	19	12	6	8	20	9	30	36	28	15	117	8	5	10	77	112	14	16	46	54	13	38	20	4	9	7	9	4	8
Del(2,8):U(1,2):R(2,4)	14	11	14	69	13	407	17	11	17	11	11	14	14	12	8	15	5	12	9	16	17	10	8	12	14	13	10	6	8	7	11	10	17	6	8	9	5	12	16	20	2	5	15	13	11	10	7	10	14	4	6	12	5	21	10	11	11	25	4	8	15	6	14	13	7	6	7	12	14	4	5	15	19	6	8	9	31	6	3	30	12	6	13	15	9	10	18	14	11	10	5	9	23	10	9	7	16	5	36	9	13	5	10	11	19	7	5	9	6	9	3	21	10	6	6	9	0	17	6	9	5	10	12	17	1	16	9	23	11	3	16	15	20	10	14	3	17	12	8	8	15	8	1	11	22	13	6	26	8	21	13	7	3	26	5	5	9	8	18	10	5	9	15	20	19	10	22	12	14	7	69	10	10	18	15	2	8	6	17	28	9	11	5	10	4	4	5	11	29	11	8	5	10	6	15	19	8	13	10	14	19	8	32	14	1	12	11	5	14	6	11	15	9	6	9	16	8	17	13	12	6	8	43	9	16	10	4	7	6	13	9	15	14	7	8	18	8	2	3	10	6	7	0	1	1	4	4	2	1	0	5	7	4	4	3	1	3	4	5	1	1	1	1	3	3	0	2	1	9	11	1	4	0	1	6	0	2	0	3	10	3	3	2	3	13	1	45	9	14	0	1	2	4	9	0	0	12	11	3	3	0	6	1	6	1	3	0	3	1	18	0	8	5	8	9	7	6	3	8	1	5	6	1	2	5	1	12	16	10	7	21	12	25	13	11	25	30	12	9	7	11	14	9	11	13	6	10	7	27	15	1	15	5	9	18	21	10	13	42	12	15	11	10	8	21	17	18	18	16	20	6	17	16	14	12	13	14	14	1535	6	8	13	17	10	17	14	5	23	8	18	26	50	2	2	14	26	28	15	18	8	19	12	26	8	9	79	16	10	7	10
Del(2,):U(1,2):R(5,)	2	2	2	23	17	798	13	5	7	0	1	1	3	1	3	4	2	6	0	2	4	1	3	1	1	1	2	1	1	2	2	2	3	2	1	3	4	1	5	2	2	1	1	2	1	2	0	0	1	1	1	2	2	14	4	2	1	8	2	2	1	3	3	0	4	2	0	1	3	2	4	1	1	1	2	3	4	1	1	4	1	3	3	6	3	4	4	2	5	0	2	1	2	2	3	1	4	1	10	0	7	10	12	2	8	2	7	4	1	3	1	3	13	10	6	2	3	2	2	10	2	0	1	6	4	2	4	11	2	0	8	4	10	7	3	0	3	0	5	4	7	5	3	6	12	3	11	5	2	13	15	7	4	6	3	2	2	2	10	1	1	7	6	13	5	2	11	1	0	10	81	1	11	6	4	3	1	5	8	23	6	2	6	3	5	0	4	8	5	0	4	4	6	10	14	6	1	1	1	5	3	9	17	2	3	7	10	1	2	2	3	4	3	5	15	22	6	9	4	5	3	7	13	7	8	5	4	3	6	6	5	6	3	1	6	4	0	0	1	1	6	1	0	0	1	1	0	0	0	0	3	1	0	1	1	0	1	0	1	0	0	0	0	0	0	0	1	1	1	2	1	1	1	1	2	0	1	1	2	2	0	0	1	1	8	0	5	0	2	1	0	0	1	1	1	2	4	1	2	0	1	1	0	1	2	0	0	2	0	6	0	0	0	1	3	1	0	2	0	2	2	2	0	0	2	0	2	4	10	5	16	4	8	5	7	21	16	5	2	1	1	4	3	6	7	3	3	2	6	6	1	9	8	3	5	7	5	5	24	6	8	11	0	8	16	6	7	2	7	7	2	8	6	8	2	5	5	2	7876	5	8	4	13	6	2	3	1	11	6	9	37	22	5	1	11	8	14	5	8	5	4	6	9	1	4	66	7	1	6	5
Del(3,):U(3,):R2	6	18	8	24	18	245	12	9	18	14	10	5	8	9	15	10	10	15	9	9	11	9	10	11	15	8	5	9	7	11	21	11	12	7	5	8	11	8	18	9	7	12	8	16	10	7	6	14	10	5	6	8	13	20	11	8	7	12	6	9	16	3	16	10	5	11	17	7	19	9	11	6	16	6	9	4	22	7	4	22	7	6	18	19	9	12	16	6	11	7	4	9	11	6	7	5	14	5	30	6	17	11	15	14	21	8	7	15	5	16	6	19	6	12	5	5	1	7	5	11	11	5	12	19	9	9	7	29	7	2	12	17	25	8	9	3	12	8	19	9	19	7	0	8	16	13	12	28	10	11	17	11	6	17	10	9	3	8	13	10	10	8	7	26	6	24	16	6	8	12	51	8	13	18	7	2	5	10	23	34	7	9	6	4	5	3	12	12	29	9	10	14	14	12	14	20	3	5	14	13	16	2	21	16	5	13	10	5	10	14	18	16	2	9	8	19	8	24	10	3	10	15	43	10	39	15	16	6	11	8	5	5	17	6	14	10	10	2	5	8	6	5	0	1	3	4	11	5	2	0	3	4	2	8	4	1	5	11	5	1	3	5	1	2	3	3	6	5	9	9	2	3	2	1	17	2	0	2	4	6	7	0	5	5	11	4	16	4	31	3	6	4	3	7	2	3	12	8	7	2	8	8	3	3	9	1	3	1	5	12	0	10	4	4	17	4	7	4	12	12	4	3	2	6	6	6	8	18	10	9	37	14	11	18	18	18	24	4	9	4	8	7	10	3	9	11	9	12	19	18	4	9	7	7	5	15	6	8	34	5	11	13	10	16	24	6	16	9	17	16	6	23	12	12	14	11	13	12	664	9	7	8	18	7	12	7	6	12	15	8	15	53	3	2	8	27	44	8	11	14	12	9	19	6	6	20	13	12	15	11
Del(3,):U(3,):R(3,)	4	1	3	5	31	183	22	3	5	3	5	2	3	5	3	9	2	7	2	2	3	1	3	6	3	8	3	7	4	4	7	6	3	0	4	2	6	7	5	4	1	2	2	2	7	2	6	9	6	1	4	5	3	10	3	1	2	4	1	4	7	3	6	2	1	2	5	5	4	4	2	4	5	3	1	0	4	3	1	10	2	6	0	4	2	7	5	2	11	2	4	3	5	2	1	4	3	0	11	2	12	12	14	6	12	1	7	10	7	6	1	6	20	8	9	2	6	5	7	13	5	1	6	14	2	9	16	25	3	0	18	9	25	9	4	3	2	4	13	7	12	17	5	11	24	3	11	2	2	12	18	11	1	12	4	17	1	2	15	4	3	20	8	32	5	5	35	2	3	15	46	2	10	14	2	8	2	7	12	22	5	4	25	6	17	0	6	9	9	4	14	3	17	19	27	12	0	7	2	6	5	13	14	3	3	15	17	0	1	2	4	8	4	11	15	31	16	11	12	8	10	11	27	16	14	4	9	15	7	15	11	8	2	1	16	12	4	1	4	8	13	3	0	2	1	0	3	0	0	0	1	2	1	2	0	0	3	4	1	0	4	2	0	0	0	1	1	0	4	2	1	0	0	1	3	1	0	0	1	4	2	0	0	4	1	0	8	2	19	0	1	0	2	0	0	3	6	6	8	2	0	3	0	2	4	1	0	0	2	5	2	4	1	3	6	5	2	2	4	4	4	3	0	1	3	3	3	6	2	0	17	4	10	5	2	19	6	5	1	1	2	6	2	9	8	3	2	1	17	11	1	6	4	4	4	7	6	7	15	4	7	3	3	10	18	7	5	3	2	3	5	10	6	5	7	1	5	4	844	7	4	2	10	0	5	2	3	4	5	6	13	33	1	1	5	13	7	6	4	4	8	4	9	6	3	16	10	6	4	7
Ins(2,4):R0	8	1	0	5	6	33	4	2	1	0	5	3	8	2	6	5	1	5	3	2	3	5	0	1	0	4	0	4	1	2	4	3	1	0	3	1	1	4	9	2	4	1	3	1	2	1	2	1	6	1	1	6	2	5	0	5	0	9	2	1	3	2	0	0	0	0	7	1	1	3	2	4	8	4	4	0	4	2	1	4	1	7	2	6	1	4	1	2	3	3	2	4	3	4	1	2	0	4	7	2	6	3	9	1	14	3	1	4	0	0	0	2	0	3	0	6	0	5	0	3	7	2	2	0	4	3	1	7	1	1	4	3	6	0	2	1	2	3	2	0	4	4	1	6	13	8	3	9	2	4	8	0	0	6	3	2	0	3	2	2	5	2	5	2	0	0	8	1	1	2	39	2	0	7	1	0	3	4	8	6	2	1	1	3	1	0	2	2	1	3	2	8	3	4	2	2	1	2	3	2	3	2	32	0	0	4	1	0	0	2	2	4	1	3	4	5	3	2	2	2	2	5	4	2	9	1	0	3	2	1	4	0	2	1	5	6	0	0	1	7	1	1	0	3	0	1	0	1	0	0	1	2	0	1	1	0	2	0	1	0	2	1	0	0	0	1	2	1	0	0	0	1	0	1	1	0	2	0	1	3	1	1	1	1	4	0	2	0	2	0	2	2	1	3	1	1	3	2	2	2	4	2	0	4	0	0	2	1	0	8	0	2	0	1	3	0	0	0	1	2	2	4	1	1	0	0	10	10	17	7	33	19	13	20	12	17	24	15	6	4	19	12	10	6	11	10	11	3	22	17	3	16	8	6	18	9	6	19	59	9	13	15	10	24	7	9	18	13	10	12	10	20	14	23	7	10	19	6	870	9	12	9	17	15	11	7	7	12	5	21	36	21	3	4	12	49	29	11	17	14	12	6	15	4	8	113	15	12	4	9
Ins(5,):R0	5	2	0	0	20	18	6	1	1	2	1	0	1	2	1	0	1	1	0	0	7	0	1	2	3	1	2	0	0	1	4	2	0	3	2	1	0	1	8	1	3	0	0	2	1	1	3	0	3	0	1	0	1	2	1	1	0	2	4	3	1	3	2	2	2	2	3	4	0	4	0	1	5	2	0	0	1	2	0	4	0	1	0	4	0	0	1	0	1	4	3	4	2	0	3	1	1	0	4	0	2	2	3	1	3	1	1	2	0	1	0	2	2	2	2	1	0	1	0	4	1	3	0	3	0	0	1	2	1	0	1	1	12	0	0	0	0	1	0	0	1	9	4	3	11	2	2	9	1	2	8	1	2	1	1	5	0	1	0	0	1	2	1	4	1	0	7	1	1	0	18	4	3	14	0	0	0	3	4	5	2	0	3	1	3	0	0	6	2	1	0	3	2	16	2	6	0	0	0	1	2	0	22	1	0	2	0	1	1	1	0	2	0	2	1	17	2	0	3	0	0	1	2	2	13	0	1	0	2	1	0	0	4	1	4	3	1	0	2	5	0	0	0	2	0	0	1	2	0	0	0	3	0	2	2	0	1	0	4	2	2	2	0	1	1	1	1	0	0	0	0	2	0	3	0	0	0	0	3	0	3	2	1	0	2	0	1	0	1	2	2	0	1	2	0	0	0	2	1	1	2	0	1	1	1	1	0	1	0	2	1	0	0	0	3	1	4	1	0	0	1	2	0	0	0	0	15	29	30	26	61	28	27	25	23	19	29	26	20	12	34	36	22	62	45	17	37	49	60	18	8	61	13	41	45	22	48	77	138	27	22	51	39	26	33	21	44	61	27	44	34	53	71	55	77	46	44	30	604	16	29	16	17	19	18	49	20	41	41	55	42	34	8	4	29	49	93	24	8	77	96	16	34	41	10	119	8	10	5	14
Ins(2,4):R1	5	2	3	4	4	13	6	6	6	2	1	3	17	3	6	1	1	5	3	4	5	3	1	5	3	1	1	3	6	3	3	8	4	1	3	5	5	6	11	7	6	1	5	1	2	6	4	11	1	2	10	1	3	5	6	2	2	10	2	1	3	1	2	5	1	1	2	5	3	3	2	7	15	8	2	4	11	2	3	11	6	5	6	8	4	3	9	3	3	1	11	1	7	5	6	3	7	0	12	3	4	5	2	7	7	5	4	5	0	4	4	8	1	3	3	1	0	4	1	3	0	2	5	6	0	2	1	4	2	3	6	7	12	3	3	2	3	8	5	3	0	2	1	4	8	5	5	6	4	2	7	2	1	18	3	5	10	5	2	1	3	2	6	3	2	0	25	2	3	2	13	3	2	4	4	2	1	8	4	5	1	5	1	3	3	2	0	4	9	3	2	11	4	0	11	6	0	4	13	2	5	3	5	4	1	3	5	0	2	3	3	3	1	2	2	5	2	7	1	2	6	5	3	4	3	2	2	1	3	3	2	3	7	4	2	5	6	1	9	5	3	2	0	1	2	0	1	1	1	1	0	2	1	4	1	0	1	0	3	0	0	5	0	0	0	0	3	0	1	2	1	2	0	1	2	1	0	0	0	1	0	0	1	1	3	1	3	3	1	0	1	1	1	1	1	1	3	1	2	0	2	1	2	1	0	1	0	1	0	5	0	1	1	1	12	2	2	0	3	1	3	2	0	0	4	0	4	9	7	4	9	12	11	6	6	10	9	6	4	8	12	1	7	2	3	4	5	6	5	3	1	5	7	2	10	5	6	5	14	5	4	9	7	8	9	1	7	3	8	4	4	7	3	9	1	5	5	2	116	2	9	5	12	2	5	3	0	9	7	5	12	8	1	2	5	20	8	1	2	11	10	5	8	3	2	24	4	8	3	5
Ins(5,):R1	13	5	12	2	7	4	4	11	5	3	3	7	16	12	6	6	5	9	10	3	7	3	1	10	7	3	4	3	2	4	6	8	4	1	3	3	9	6	11	2	11	3	12	7	9	1	3	6	7	1	16	8	0	7	3	6	3	6	6	7	6	3	2	5	6	1	6	4	4	8	5	7	18	6	8	4	9	2	3	12	1	7	4	17	6	5	8	5	3	0	8	6	5	8	3	2	8	2	29	5	8	3	5	11	7	3	1	5	2	7	3	7	1	6	4	7	0	5	3	8	3	5	6	12	3	7	7	4	5	2	5	7	8	1	4	2	4	6	4	6	3	3	3	7	12	4	5	18	1	2	20	2	1	11	2	5	8	6	3	3	2	1	5	5	6	7	28	5	0	6	9	7	3	14	5	3	3	11	14	23	4	2	2	2	4	2	4	12	6	6	4	16	8	3	7	11	0	9	12	2	4	4	14	11	1	11	3	4	5	4	2	6	5	7	7	9	1	8	6	8	3	8	3	4	4	17	4	10	2	8	4	2	6	0	5	7	4	0	3	7	2	1	1	1	1	3	1	3	1	0	4	7	2	4	2	0	4	4	2	2	4	3	1	0	2	2	6	4	3	3	2	3	1	3	3	2	4	2	1	3	5	0	5	4	4	0	0	4	0	1	7	1	1	5	0	0	3	5	2	3	4	4	2	5	2	0	1	4	1	10	0	8	2	3	13	1	3	1	2	2	2	7	2	0	5	3	0	5	7	4	18	7	0	2	7	8	11	9	5	2	1	7	5	7	1	7	5	2	7	8	3	7	1	4	11	3	4	3	22	4	4	5	5	6	6	4	2	5	5	7	8	15	16	7	6	2	5	3	39	3	3	1	12	3	9	6	5	12	2	3	8	8	6	3	4	11	12	5	12	23	8	5	9	2	2	7	6	4	3	1
Ins(2,):R(2,4)	6	4	6	13	13	172	3	3	6	2	3	5	14	5	3	5	4	5	3	5	5	4	2	4	2	1	1	3	5	3	5	9	4	4	5	3	4	7	10	7	10	3	4	3	5	4	7	19	7	5	8	5	4	5	4	4	2	9	7	3	4	1	2	3	2	3	4	2	4	1	2	7	17	4	2	3	5	1	3	7	2	6	6	14	5	5	5	5	6	3	4	4	5	1	5	6	7	3	17	3	3	6	8	9	15	6	2	7	3	3	1	6	2	1	3	6	0	7	1	9	2	5	7	2	2	2	3	7	5	0	4	6	8	3	3	2	9	8	1	4	4	5	0	8	6	9	2	6	6	3	10	2	0	16	1	6	4	6	9	2	1	1	6	7	5	2	19	3	5	4	153	6	0	10	7	1	2	7	6	16	1	2	4	2	5	0	5	12	5	5	3	9	4	0	10	2	3	3	13	2	1	3	8	6	2	6	4	1	4	6	4	4	3	0	3	6	4	5	5	5	4	8	5	4	8	4	3	3	4	1	5	5	8	2	7	5	3	2	3	7	3	2	0	1	0	0	1	0	1	0	0	0	1	2	3	2	0	2	0	0	1	1	0	1	1	0	1	0	1	0	1	2	1	0	2	0	0	0	1	1	1	0	0	1	5	1	0	0	1	0	0	2	2	0	1	4	3	3	1	2	2	0	0	1	1	0	0	0	1	11	1	2	2	0	5	2	2	1	2	0	0	1	0	1	3	1	7	6	11	5	15	9	3	10	2	21	8	7	3	1	4	5	7	6	4	6	9	5	8	14	2	6	7	3	10	6	6	5	13	8	10	10	3	10	5	4	9	6	9	4	5	7	11	6	3	7	9	7	805	8	8	3	10	3	7	3	4	4	7	3	26	18	3	6	3	17	9	7	8	17	14	5	10	8	4	77	6	7	1	6
Ins(2,):R(5,)	11	11	11	46	14	825	10	10	17	4	9	9	12	11	4	10	14	15	13	4	9	0	0	19	5	9	5	4	6	3	19	5	2	8	13	7	4	6	32	12	6	9	10	5	19	1	9	16	10	2	7	14	11	31	12	7	2	13	2	3	7	9	11	5	2	7	8	10	16	3	10	12	28	8	12	4	10	6	2	27	4	10	3	30	3	20	5	5	11	9	4	8	9	4	3	7	7	1	23	5	17	13	15	22	27	5	3	9	2	8	5	16	9	14	10	12	0	19	6	13	5	5	8	8	3	9	8	9	17	1	5	9	30	13	3	1	13	7	6	13	10	10	1	9	8	4	9	21	10	2	16	5	0	22	13	10	9	6	17	6	12	8	6	25	6	9	34	3	1	10	705	9	9	11	10	1	4	10	20	20	4	11	9	5	12	0	8	10	4	2	3	12	16	7	25	3	2	9	4	9	5	2	14	7	4	4	4	0	7	9	4	9	3	3	6	15	3	10	15	3	7	7	4	2	7	12	6	12	6	13	10	6	11	1	11	9	3	0	1	14	2	2	0	1	1	3	2	1	0	0	1	4	1	1	1	1	0	0	0	0	3	0	1	0	0	1	2	0	2	1	1	2	1	2	4	0	0	0	0	4	0	0	1	2	6	0	6	0	1	1	2	0	1	0	0	0	1	2	2	0	1	1	0	1	2	0	2	1	2	6	1	2	1	4	15	0	3	1	3	1	2	1	0	0	2	0	7	12	15	14	34	14	26	11	11	43	14	15	14	1	14	13	9	13	18	18	16	11	27	29	5	15	7	9	13	12	15	16	20	17	18	22	8	23	13	8	32	13	8	17	6	25	16	23	9	4	14	10	3826	13	7	4	34	11	23	16	8	19	5	17	96	6	3	6	6	36	21	17	23	20	28	4	18	13	6	130	16	15	8	10
Del(2,5):M1	5	5	10	15	7	132	8	8	13	7	3	7	9	9	13	4	4	11	7	7	8	7	3	7	6	13	8	3	4	5	17	10	7	8	6	5	10	4	18	14	8	6	14	9	11	19	7	5	12	5	7	11	2	18	11	6	6	43	11	4	8	5	10	2	7	5	4	6	10	4	11	7	9	0	6	20	22	12	3	19	8	5	11	14	7	5	12	8	6	8	5	8	23	3	6	5	5	3	24	1	13	9	14	10	13	7	6	11	4	8	10	17	5	4	2	8	0	7	3	10	7	7	3	14	4	6	7	17	8	8	7	5	10	7	6	3	7	7	8	7	16	7	0	5	16	4	6	24	5	24	14	7	1	17	7	8	7	8	9	6	7	6	18	8	8	14	17	6	3	5	33	3	9	27	10	6	7	5	19	38	6	4	5	1	3	2	10	8	18	7	2	9	5	11	11	19	4	2	9	12	6	4	35	6	4	10	6	2	8	5	13	16	14	2	1	7	11	14	9	6	8	4	14	4	19	7	5	1	7	4	5	4	7	6	15	4	4	1	7	7	5	5	0	2	4	2	6	4	0	1	1	6	4	5	4	1	4	5	5	0	3	2	1	0	5	0	1	2	10	6	1	5	0	3	5	2	2	1	9	11	2	1	2	4	15	2	21	1	11	0	2	0	3	4	1	2	9	7	8	4	5	6	2	3	4	0	2	6	0	20	1	1	5	6	14	1	6	6	5	3	5	9	2	0	9	3	5	6	9	6	16	6	7	9	9	16	23	9	8	4	12	16	10	8	8	8	5	9	14	15	1	6	5	8	11	6	10	14	45	13	13	19	2	10	14	3	8	11	21	13	7	24	13	14	12	5	9	13	875	12	9	12	11	3	13	11	3	12	21	12	17	41	2	4	6	26	48	10	16	10	14	9	13	11	5	39	7	13	5	8
Del(3,5):M2	11	6	5	6	5	127	8	6	20	8	5	1	5	6	20	10	3	16	6	3	13	2	3	7	1	15	4	3	4	11	7	10	10	6	8	11	9	7	24	11	2	6	8	7	6	9	3	6	7	4	5	8	6	33	7	7	5	15	9	6	6	4	8	7	6	5	8	6	6	7	7	6	12	3	4	7	16	4	1	17	3	1	11	13	3	4	11	6	7	4	9	8	14	4	6	8	6	3	43	5	3	6	14	7	16	4	2	5	6	9	7	12	9	5	3	4	0	10	2	3	5	4	7	17	1	5	9	16	3	1	8	16	8	4	2	6	8	8	7	5	10	4	1	5	15	4	9	27	5	12	11	10	1	13	11	10	1	6	9	4	11	4	5	13	8	13	11	6	3	7	46	4	10	15	6	2	9	3	37	34	6	4	4	6	5	5	9	6	15	8	4	5	8	13	13	16	2	4	6	7	9	5	42	14	2	3	8	3	7	10	10	10	6	2	7	12	7	11	2	2	8	3	20	5	33	3	6	2	5	9	4	6	6	5	27	6	12	2	9	5	6	4	0	1	1	3	8	4	1	0	5	7	0	3	0	0	7	0	4	0	2	0	2	3	0	0	7	2	3	5	1	2	0	1	10	0	4	4	1	4	2	0	3	2	9	4	15	6	16	2	4	1	1	5	0	3	12	5	4	1	2	1	0	3	4	0	0	5	2	12	1	9	5	5	10	5	6	3	6	4	1	4	2	1	2	1	4	4	5	5	20	8	13	4	28	14	42	5	2	4	8	8	4	9	9	6	5	5	19	12	1	6	6	1	4	5	5	11	78	6	13	14	5	8	20	7	10	1	8	13	7	24	8	4	9	3	10	6	503	3	11	7	13	4	5	7	4	13	15	8	14	46	3	1	6	23	57	5	11	7	7	6	14	4	1	15	10	7	4	2
Del(4,5):M(3,4)	5	3	1	2	4	76	5	1	9	4	2	5	6	1	11	2	3	4	4	2	3	2	3	4	7	6	3	3	4	9	11	4	4	1	2	4	6	4	12	5	2	3	6	1	3	3	1	6	7	2	3	1	3	19	2	3	1	7	5	5	4	3	2	3	2	2	5	2	1	1	0	3	2	3	2	1	2	1	0	7	0	3	1	2	2	3	2	1	8	0	3	6	14	2	2	1	5	1	26	3	8	2	7	4	9	5	3	3	3	5	5	6	4	1	6	2	1	3	0	7	2	2	7	10	1	3	2	7	3	0	10	7	5	3	4	4	8	8	3	1	9	1	0	1	4	3	5	20	2	6	4	6	1	6	3	7	2	3	4	0	3	3	7	10	2	4	3	3	3	3	24	4	6	9	4	1	0	1	22	22	3	3	2	1	2	2	5	8	13	2	4	3	2	6	6	12	3	1	2	7	7	1	29	4	1	2	3	0	6	3	10	10	2	0	4	4	4	10	4	1	3	1	11	2	19	5	2	3	4	1	1	2	3	1	20	1	1	2	3	4	3	4	0	0	3	2	6	1	2	0	2	3	0	1	0	1	5	4	2	0	4	0	0	1	2	1	6	2	5	6	0	2	0	0	9	2	2	2	3	2	1	0	0	4	3	0	15	7	12	1	2	0	1	4	0	1	6	4	1	0	4	2	1	0	5	0	2	2	0	11	0	4	3	1	4	3	8	1	3	3	2	5	1	0	4	3	2	12	3	2	14	3	4	3	9	16	28	5	5	3	6	3	3	1	2	2	2	2	7	6	3	1	3	5	4	6	1	4	40	2	8	6	4	6	7	2	7	3	5	10	8	16	1	4	6	3	8	1	187	3	1	5	8	4	5	4	0	3	5	6	5	36	1	0	2	15	22	4	1	6	4	4	5	3	2	12	3	5	6	9
Del(6,):M1	14	3	8	2	8	14	5	8	50	6	4	5	4	8	66	6	5	15	5	10	48	5	5	3	4	8	5	4	5	6	45	3	7	6	7	5	8	3	96	7	7	5	12	9	4	34	3	7	13	4	6	11	7	112	10	14	5	47	36	4	6	5	9	5	5	8	8	5	5	8	3	6	23	1	10	20	10	4	1	8	4	3	8	10	2	8	12	3	7	11	10	7	32	3	7	4	7	9	94	5	4	7	12	6	6	13	5	8	3	6	6	14	7	4	8	11	0	5	4	8	3	5	7	21	3	5	8	13	5	5	4	13	7	6	27	5	10	8	4	7	6	3	0	4	106	9	12	98	4	35	162	6	2	21	8	7	6	4	9	5	9	6	6	8	3	5	12	5	6	6	143	2	8	90	3	4	4	7	122	126	9	8	6	9	4	2	4	11	18	6	7	7	11	43	10	9	6	7	2	4	6	5	199	8	3	4	6	0	7	3	15	52	16	8	10	5	5	5	12	7	13	8	3	7	108	8	11	1	5	4	6	10	10	1	74	8	5	0	3	10	5	3	0	3	3	3	3	3	0	0	5	8	3	9	2	1	5	5	0	0	1	5	0	2	1	1	3	1	5	6	1	7	0	2	2	0	4	3	6	8	3	0	3	2	14	4	4	3	4	6	5	1	1	2	0	1	3	5	4	2	2	5	0	3	3	1	3	2	4	61	1	3	2	1	19	2	7	1	4	3	1	4	1	2	5	1	8	12	13	5	74	8	7	15	58	13	105	8	8	5	9	71	6	13	11	6	14	6	21	16	8	10	9	8	16	8	10	18	196	6	9	12	12	10	10	3	9	11	14	49	6	83	10	12	67	5	21	8	369	7	10	20	3	8	6	4	5	12	22	14	12	114	3	3	15	82	127	5	5	22	23	8	17	6	5	24	7	1	9	11
Del(6,):M2	15	8	1	3	10	3	5	5	103	2	3	8	5	9	151	8	3	3	3	5	106	6	0	9	5	8	5	2	14	3	119	4	6	9	5	7	4	13	202	12	6	4	8	5	8	10	2	5	8	5	2	9	3	253	9	3	4	19	62	6	10	6	6	2	2	7	10	9	14	5	4	3	9	1	9	11	12	2	0	8	3	0	6	6	2	6	15	1	7	0	9	4	26	3	4	4	7	6	301	3	6	4	11	5	7	6	4	4	7	4	4	12	8	2	3	2	1	4	6	9	3	6	5	16	1	6	9	9	4	7	0	14	11	4	51	0	3	9	4	4	6	4	0	2	127	3	6	213	3	23	166	7	1	21	4	8	1	4	5	3	5	6	9	10	3	6	19	4	9	5	282	3	13	165	4	1	4	9	232	248	3	8	5	7	6	2	4	8	15	5	6	8	3	86	8	5	3	5	6	4	2	3	351	1	2	7	3	0	2	4	2	89	5	10	6	3	6	7	2	3	4	7	6	3	183	7	14	5	5	2	6	10	7	2	135	7	5	0	5	8	2	2	0	1	2	2	3	2	0	0	3	4	0	3	5	2	3	3	1	0	0	2	0	4	1	1	6	1	1	3	0	6	0	5	2	1	2	5	3	1	0	3	1	2	11	5	2	7	0	1	0	1	2	4	1	0	7	5	3	0	1	4	1	2	3	3	1	1	2	117	0	0	1	0	13	2	4	1	1	2	4	4	1	0	4	1	5	7	8	5	233	9	6	5	108	3	181	5	7	3	6	109	3	2	8	5	9	5	14	8	0	6	5	4	8	8	3	15	309	3	7	12	10	12	11	2	6	5	14	72	8	157	4	6	121	4	36	7	40	5	7	8	11	1	5	5	2	6	42	3	10	297	0	1	2	206	256	4	5	7	10	4	9	5	3	6	6	5	3	5
Del(6,):M3	6	4	2	2	7	5	2	6	85	2	3	3	6	6	123	7	3	2	1	3	78	1	2	1	4	7	2	1	3	4	97	4	4	7	2	3	2	4	144	3	5	3	4	4	2	7	4	0	10	2	1	2	3	184	3	1	1	9	47	5	15	5	3	6	2	3	6	2	6	5	1	3	5	1	1	5	6	1	2	5	3	3	8	4	0	3	10	3	9	1	5	6	12	1	5	4	3	2	175	3	3	7	4	8	6	3	3	1	2	6	3	3	2	5	4	2	0	1	1	6	5	1	3	14	0	3	5	8	6	1	1	5	4	5	23	1	0	10	1	1	6	4	1	2	88	2	1	183	1	10	114	6	5	8	3	5	3	2	3	0	1	2	4	5	3	1	13	3	3	0	196	2	1	134	4	0	1	5	171	181	5	3	2	3	2	1	1	5	9	4	6	2	4	48	1	7	5	3	3	5	1	4	264	4	1	1	3	0	3	1	7	66	5	1	2	3	4	5	6	1	2	3	1	0	150	2	18	3	3	4	4	3	5	2	128	3	2	0	2	5	3	1	1	0	1	3	2	2	1	0	1	0	2	1	2	0	0	3	0	0	1	4	0	3	2	1	1	1	4	2	0	2	0	2	0	1	0	1	1	2	1	0	1	1	9	2	1	5	2	3	2	0	0	2	0	0	3	1	1	1	1	1	2	1	1	0	1	1	3	99	1	1	0	0	10	1	5	0	3	2	0	2	0	1	2	1	2	6	10	1	160	3	5	3	109	4	149	1	0	3	7	66	0	3	7	2	2	3	7	4	2	1	1	5	5	4	0	4	220	3	8	5	3	8	4	1	2	6	2	68	5	145	4	2	86	5	32	3	64	2	5	5	1	0	5	0	1	3	34	6	7	265	2	2	1	151	171	3	2	2	5	4	6	2	1	8	8	1	1	2
Del(6,):M(4,)	11	7	0	4	14	10	10	3	116	3	4	4	5	2	150	3	2	8	2	4	103	2	4	2	4	8	2	1	2	2	98	5	3	2	7	3	8	7	128	7	8	1	6	5	7	7	1	6	9	2	4	10	4	193	6	4	3	18	52	4	13	4	4	5	5	2	8	2	2	6	8	3	19	3	3	9	9	2	1	8	1	4	3	7	2	2	14	2	8	2	8	6	15	2	2	3	4	7	226	3	5	6	10	6	6	4	3	5	1	6	3	6	4	7	2	1	3	2	0	4	3	4	6	25	2	5	5	10	1	2	2	7	13	2	21	0	3	6	7	4	11	2	4	2	62	2	6	179	4	10	101	9	2	15	4	4	4	2	15	2	4	5	2	13	3	2	7	1	2	4	243	5	5	143	3	2	2	3	202	202	5	6	1	1	1	2	3	2	19	8	2	1	8	68	6	6	0	6	2	2	4	2	285	7	4	6	5	1	5	3	6	69	4	5	6	10	6	5	7	6	7	2	6	6	162	5	16	6	2	4	5	4	11	2	115	2	1	0	6	7	7	3	0	2	2	2	1	0	0	0	0	2	3	2	1	0	1	2	0	1	1	4	0	0	0	0	5	1	4	6	1	3	0	3	2	1	0	1	1	1	1	2	4	3	12	0	1	1	4	0	1	1	0	3	0	1	0	1	3	2	4	3	1	4	1	0	3	0	1	95	0	2	1	2	8	3	4	1	5	1	0	1	2	0	3	2	7	9	11	10	205	6	3	2	96	10	162	7	2	3	4	64	6	6	4	7	15	3	12	12	7	2	2	3	7	8	7	10	263	7	7	8	2	16	8	4	9	1	4	54	8	159	8	10	87	4	42	5	126	6	7	9	4	2	4	7	3	10	46	6	11	257	2	0	7	193	207	11	5	13	13	2	14	1	2	10	11	4	6	4
Complex	0	0	0	0	0	0	0	0	0	0	0	0	0	0	0	0	0	0	0	0	0	0	0	0	0	0	0	0	0	0	0	0	0	0	0	0	0	0	0	0	0	0	0	0	0	0	0	0	0	0	0	0	0	0	0	0	0	0	0	0	0	0	0	0	0	0	0	0	0	0	0	0	0	0	0	0	0	0	0	0	0	0	0	0	0	0	0	0	0	0	0	0	0	0	0	0	0	0	0	0	0	0	0	0	0	0	0	0	0	0	0	0	0	0	0	0	0	0	0	0	0	0	0	0	0	0	0	0	0	0	0	0	0	0	0	0	0	0	0	0	0	0	0	0	0	0	0	0	0	0	0	0	0	0	0	0	0	0	0	0	0	0	0	0	0	0	0	0	0	0	0	0	0	0	0	0	0	0	0	0	0	0	0	0	0	0	0	0	0	0	0	0	0	0	0	0	0	0	0	0	0	0	0	0	0	0	0	0	0	0	0	0	0	0	0	0	0	0	0	0	0	0	0	0	0	0	0	0	0	0	0	0	0	0	0	0	0	0	0	0	0	0	0	0	0	0	0	0	0	0	0	0	0	0	0	0	0	0	0	0	0	0	0	0	0	0	0	0	0	0	0	0	0	0	0	0	0	0	0	0	0	0	0	0	0	0	0	0	0	0	0	0	0	0	0	0	0	0	0	0	0	0	0	0	0	0	0	0	0	0	0	0	0	0	0	0	0	0	0	0	0	0	0	0	0	0	0	0	0	0	0	0	0	0	0	0	0	0	0	0	0	0	0	0	0	0	0	0	0	0	0	0	0	0	0	0	0	0	0	0	0	0	0	0	0	0	0	0	0	0	0	0	0	0	0	0	0	0	0	0	0	0	0	0	0	0	0	0	0	0	0	0	0	0	0	0	0	0	0	0	0	0	0	0	0	0	0	0	0	0
