MutationType	CPCT02060034T	CPCT02020356T	CPCT02050063T	CPCT02030275T	CPCT02070033T	CPCT02030294T	CPCT02070038T	CPCT02080179T	CPCT02010866TII	CPCT02330133T	CPCT02050427T	DRUP01030028T	CPCT02080193T	CPCT02030556T	CPCT02120111T	CPCT02050341T	WIDE01010210T	WIDE01010208T	CPCT02290033T	CPCT02070323T	WIDE01010450T	CPCT02090049T	CPCT02010866T	CPCT02070363T	CPCT02060222T	CPCT02080251T	CPCT02070384T	CPCT02070386T	DRUP01070051T	CPCT02080137T	CPCT02080157T	CPCT02330128T	CPCT02070030T	DRUP01050009T	CPCT02070225T	CPCT02070230T	DRUP01070022T	DRUP01050010T	CPCT02050161T	CPCT02050174T	CPCT02050172T	CPCT02050186T	DRUP01070016T	CPCT02080120T	CPCT02030351T	CPCT02060119T	CPCT02080136T	DRUP01010035T	CPCT02070039T	CPCT02030302T	CPCT02070053T	CPCT02070065T	DRUP01070003T	CPCT02070099T	CPCT02020473T	DRUP01070009T	CPCT02030324T	CPCT02030330T	CPCT02050151T	CPCT02070128T	CPCT02080099T	DRUP01030004T	CPCT02070265T	CPCT02080040T	WIDE01010705T
1:Del:C:0	16	13	42	23	12	51	15	51	128	78	26	18	29	180	3	9	10	22	43	10	13	15	122	42	5	100	17	72	26	53	181	41	6	95	11	38	32	28	58	14	66	43	28	17	40	11	16	2	28	16	12	7	11	11	11	21	41	51	5	28	41	53	20	56	11
1:Del:C:1	12	13	23	35	14	42	14	13	162	87	15	10	21	61	1	11	4	5	39	10	13	9	166	23	6	56	12	53	30	45	70	25	1	44	5	30	14	17	24	6	44	31	34	10	29	11	15	2	22	8	3	6	5	3	5	12	23	37	8	34	12	47	20	30	5
1:Del:C:2	11	3	14	17	2	34	3	6	115	48	6	10	11	38	0	4	6	5	34	7	5	6	117	11	4	36	6	22	16	32	60	17	0	32	1	14	7	12	17	10	26	17	22	3	16	3	3	1	4	2	4	1	4	4	2	5	16	35	2	21	17	34	9	5	3
1:Del:C:3	4	3	5	5	2	9	4	3	43	20	5	14	4	16	2	1	3	2	20	2	3	1	44	5	1	22	4	23	10	11	102	11	3	14	2	4	3	11	5	7	14	8	15	4	10	3	2	1	3	1	3	0	3	1	2	2	16	16	0	14	8	9	7	10	1
1:Del:C:4	1	1	6	4	1	6	5	6	40	14	5	12	4	11	0	2	2	7	13	3	2	2	38	5	1	14	3	14	3	9	275	4	0	4	0	7	3	1	3	4	13	7	2	1	6	2	0	0	3	9	2	2	1	2	1	6	3	13	1	2	4	7	4	3	0
1:Del:C:5	0	6	5	3	1	9	5	1	28	9	15	16	9	9	0	1	2	13	9	1	8	4	27	6	2	8	3	19	1	15	1078	3	0	5	6	3	15	1	6	3	14	12	2	3	5	4	4	1	1	2	0	0	0	1	2	7	6	9	0	2	7	9	5	9	1
1:Del:T:0	23	5	32	31	13	32	9	17	51	67	36	12	27	56	3	10	9	9	37	9	11	16	61	28	11	76	15	53	42	32	127	29	4	36	15	46	19	23	24	14	63	32	51	14	53	15	8	5	30	6	132	4	3	7	9	11	30	44	11	55	33	33	26	22	10
1:Del:T:1	11	8	27	29	10	25	7	9	38	39	19	7	23	52	1	8	1	6	17	7	7	6	44	12	1	58	15	59	23	18	83	31	1	20	6	27	13	25	16	8	35	18	32	18	36	8	7	1	17	7	233	4	5	4	4	12	21	12	5	34	19	29	11	9	6
1:Del:T:2	6	3	23	20	6	17	13	10	49	38	13	9	17	39	0	2	2	3	22	7	11	11	51	8	2	41	12	49	30	20	119	16	2	20	6	19	9	15	10	6	35	21	31	12	30	7	10	2	17	6	179	3	6	3	3	11	17	21	7	31	18	18	19	11	6
1:Del:T:3	4	9	19	15	10	17	10	15	50	31	14	17	16	36	3	1	2	10	19	7	12	7	54	18	3	46	9	26	19	15	348	17	0	17	3	24	18	14	13	6	32	25	23	12	23	6	9	0	11	6	325	3	4	0	4	15	24	16	6	23	19	20	14	19	5
1:Del:T:4	5	5	15	16	8	10	9	14	46	24	17	11	11	27	3	5	3	16	18	6	16	5	45	16	2	35	7	30	11	21	919	18	0	16	5	14	25	3	7	7	30	24	9	9	8	4	10	1	7	10	104	1	3	2	4	10	18	21	3	9	10	10	13	9	3
1:Del:T:5	6	39	34	30	23	61	36	47	209	83	78	51	56	121	13	15	20	377	71	11	144	43	176	55	8	136	65	183	49	179	20402	25	1	81	31	22	227	10	56	15	197	267	16	33	101	21	103	4	20	30	103	12	6	7	9	73	230	79	20	16	110	66	74	97	24
1:Ins:C:0	1	3	4	7	1	9	5	20	70	8	71	4	19	17	2	4	2	3	7	2	6	0	23	2	1	10	3	77	5	19	84	11	3	7	4	1	1	1	2	3	6	12	4	4	5	2	3	0	2	4	9	0	1	0	1	4	6	7	2	5	10	11	7	13	8
1:Ins:C:1	3	2	6	4	3	4	2	4	22	6	3	3	5	11	0	1	3	2	2	2	1	5	6	2	0	10	3	11	6	6	29	3	0	4	6	3	2	0	1	2	9	5	4	1	3	1	7	1	5	1	3	2	5	1	5	3	2	5	3	2	2	4	3	5	2
1:Ins:C:2	0	2	6	3	1	4	1	2	5	5	3	0	3	7	1	0	0	1	2	0	2	4	6	3	1	3	1	6	2	1	16	3	0	7	1	2	4	2	3	3	6	3	2	2	8	2	3	0	2	1	1	0	2	1	1	1	6	4	3	3	1	4	2	1	2
1:Ins:C:3	1	2	4	0	0	2	3	2	7	1	1	3	3	7	0	1	1	1	5	0	1	1	6	1	1	4	3	3	3	3	36	4	0	5	1	1	0	1	1	1	6	7	1	1	3	1	2	2	0	2	0	4	1	1	1	1	2	9	0	1	2	2	3	0	1
1:Ins:C:4	0	1	2	1	2	1	3	1	10	5	5	2	1	6	0	1	2	2	2	0	1	3	6	2	1	7	0	7	1	1	161	1	0	2	8	0	2	1	1	0	1	9	0	0	3	0	1	0	2	0	1	1	1	2	0	4	7	3	0	0	5	1	3	1	2
1:Ins:C:5	2	12	4	6	8	11	12	1	29	13	14	8	9	36	2	3	5	11	7	4	15	17	17	4	2	16	7	15	8	16	790	22	1	16	10	3	5	1	11	3	20	31	2	4	13	4	12	3	3	4	3	5	5	3	0	16	11	17	4	3	13	13	18	10	7
1:Ins:T:0	2	7	4	9	2	9	10	5	51	31	13	11	12	16	2	4	1	4	16	6	16	9	23	7	4	19	2	25	11	10	96	4	1	22	9	12	6	1	12	5	23	17	4	2	5	3	8	0	3	6	0	6	3	4	1	10	9	12	2	3	7	9	7	11	4
1:Ins:T:1	4	13	18	16	7	60	17	5	34	131	38	12	32	36	4	8	4	11	29	3	15	7	36	10	1	69	2	25	7	18	90	13	2	73	15	6	12	2	26	7	41	59	11	46	9	9	7	3	7	16	8	4	6	2	5	10	6	62	5	13	5	65	10	12	6
1:Ins:T:2	3	9	7	14	5	25	18	3	40	85	11	8	13	24	0	3	4	3	15	6	3	6	38	10	0	33	11	19	7	8	266	10	1	72	6	9	9	2	23	4	21	33	7	15	8	2	4	0	7	16	0	2	1	1	0	8	10	25	1	7	6	27	8	7	0
1:Ins:T:3	3	3	4	6	2	20	10	1	27	33	10	5	6	17	3	0	4	3	8	3	3	8	25	8	2	23	3	15	7	13	131	7	0	31	1	2	8	2	18	4	14	20	3	11	7	0	3	0	3	6	2	0	4	1	1	8	7	22	3	3	11	22	6	10	3
1:Ins:T:4	1	6	2	4	0	12	3	4	12	25	9	7	9	16	2	1	0	5	8	0	5	6	12	3	1	13	7	15	5	7	199	2	1	16	1	4	5	0	8	5	14	13	2	2	5	4	4	1	2	3	4	0	1	0	1	9	4	13	2	2	4	14	5	5	0
1:Ins:T:5	41	111	76	179	113	110	215	46	667	245	261	156	182	322	26	119	46	184	127	97	316	213	582	142	24	391	233	383	139	120	9144	97	4	249	109	100	131	4	207	118	440	277	55	140	145	96	302	17	50	140	141	26	51	25	40	400	334	362	90	56	218	125	240	271	31
2:Del:R:0	2	3	16	13	4	11	4	12	13	22	4	92	5	28	2	3	3	19	7	6	9	28	17	9	3	39	7	19	18	19	103	21	2	23	1	16	20	9	14	4	34	8	17	1	13	5	11	1	14	4	9	4	3	4	2	4	10	13	3	16	8	12	10	14	5
2:Del:R:1	6	8	10	15	11	17	11	9	31	22	15	306	15	18	1	5	5	153	10	4	17	63	34	18	3	21	4	28	13	10	112	13	1	19	10	11	30	9	15	7	36	14	16	14	15	7	13	2	4	4	24	4	2	2	2	12	15	21	5	16	20	14	16	15	4
2:Del:R:2	0	1	1	3	2	8	0	5	12	8	2	104	4	4	2	0	1	37	6	1	8	22	9	2	0	9	3	11	2	13	52	10	0	6	0	4	11	1	6	3	12	3	3	2	5	4	3	2	2	1	2	1	2	2	1	1	5	5	1	3	4	10	8	5	2
2:Del:R:3	1	2	0	1	1	3	1	4	9	3	4	37	1	1	0	1	1	10	6	2	1	9	8	1	1	2	0	4	0	5	170	0	0	1	3	1	4	0	1	2	2	7	0	2	0	2	1	0	0	1	0	0	0	0	0	1	3	3	2	0	3	4	1	0	2
2:Del:R:4	1	2	1	0	0	2	0	0	5	0	2	11	2	0	0	0	0	5	4	0	0	5	5	1	0	2	0	0	0	4	156	0	0	0	1	0	3	1	1	1	3	2	0	1	0	2	1	0	0	1	0	0	0	0	0	1	1	3	0	0	0	3	2	0	2
2:Del:R:5	0	0	0	0	1	6	1	1	3	2	3	16	1	2	0	4	1	10	3	1	0	2	7	2	5	4	3	1	3	2	476	3	1	0	0	2	8	2	0	0	7	4	0	3	4	4	3	0	0	1	0	1	0	0	0	2	2	5	0	0	7	6	4	2	2
3:Del:R:0	1	0	14	8	2	7	2	6	8	14	1	7	1	12	1	0	2	4	9	1	5	8	16	7	2	12	5	14	11	6	51	11	1	8	2	7	2	11	7	6	24	10	14	1	11	3	2	2	7	3	4	1	3	2	2	3	4	5	2	14	6	11	4	1	3
3:Del:R:1	6	0	6	8	8	13	2	8	16	13	8	24	9	11	1	6	1	116	11	4	22	77	20	12	1	27	4	13	5	10	83	19	0	13	7	6	22	5	11	4	17	14	2	9	15	5	16	1	5	4	4	4	3	5	2	14	14	16	6	2	10	20	9	10	6
3:Del:R:2	1	3	1	0	0	3	1	3	5	3	0	1	3	3	1	0	1	35	4	2	5	11	4	6	0	4	0	1	1	3	22	0	0	2	2	1	1	0	2	0	3	1	2	1	3	0	2	0	1	1	2	1	2	1	0	4	2	3	1	2	3	3	8	2	1
3:Del:R:3	0	0	0	0	0	0	1	1	1	0	0	0	0	1	0	0	1	14	0	0	2	2	1	2	0	0	0	3	0	1	10	0	0	1	2	1	2	0	0	1	0	0	0	1	1	1	1	1	0	2	0	0	0	0	0	0	2	1	0	0	0	0	1	2	0
3:Del:R:4	0	0	0	0	0	0	0	2	0	0	0	0	0	0	0	0	0	5	0	0	1	2	1	0	0	0	1	0	0	0	16	0	0	0	0	0	2	0	0	0	0	0	0	2	0	0	1	0	0	0	0	0	0	0	0	0	0	0	0	0	1	0	0	0	0
3:Del:R:5	0	0	0	0	0	0	1	0	1	0	0	0	1	0	0	0	1	6	1	0	3	0	3	2	0	0	0	2	2	1	26	0	0	0	1	0	1	0	0	0	0	1	0	0	1	0	0	0	0	0	0	0	1	0	0	0	1	1	0	0	0	0	1	0	0
4:Del:R:0	3	2	6	6	1	7	1	8	5	12	3	2	3	7	4	3	0	7	4	2	4	6	7	8	2	13	4	10	12	3	15	9	0	9	0	13	4	8	5	1	13	4	8	1	7	2	2	0	8	1	5	2	1	0	1	2	9	2	1	8	12	8	1	2	0
4:Del:R:1	3	0	1	4	1	8	0	8	7	8	6	20	1	7	0	4	5	48	9	4	12	59	3	15	0	13	7	10	4	10	40	2	0	4	5	2	24	2	4	2	12	3	2	2	6	3	10	1	1	4	6	4	5	3	3	9	9	8	3	3	7	8	10	9	3
4:Del:R:2	1	0	0	0	2	0	1	3	0	0	3	8	0	1	0	1	2	19	1	0	2	15	0	3	1	1	4	7	1	4	23	0	0	0	4	1	6	0	0	0	1	2	0	2	1	1	1	1	0	0	1	1	1	0	1	1	1	4	0	0	2	0	0	3	0
4:Del:R:3	1	1	0	1	1	2	0	1	1	1	0	3	1	2	0	0	1	8	0	0	1	6	1	0	0	1	0	0	0	2	25	0	0	1	1	0	3	0	2	0	3	3	0	1	1	1	2	0	2	0	0	0	0	0	0	3	0	2	1	0	1	3	1	3	1
4:Del:R:4	0	0	0	0	0	0	0	0	0	2	0	1	0	0	0	0	0	3	0	0	0	1	0	0	0	0	1	0	1	1	8	0	0	0	1	0	2	0	0	0	0	0	0	0	0	0	0	0	0	1	1	0	0	0	0	1	0	0	0	1	0	0	0	1	0
4:Del:R:5	0	0	0	0	0	0	0	1	0	0	0	0	0	0	0	0	0	2	0	0	0	0	0	3	0	0	0	0	1	0	25	0	0	0	0	0	2	0	0	0	0	1	0	0	0	0	1	0	0	0	0	0	0	0	0	0	0	0	0	0	0	1	0	0	0
5:Del:R:0	18	14	42	59	15	43	12	33	37	79	14	39	37	52	24	27	5	5	24	26	5	26	71	106	18	125	39	83	88	54	92	78	12	41	48	70	23	52	22	19	93	26	50	24	117	26	27	22	49	13	27	5	13	5	5	14	45	57	10	49	49	38	22	26	7
5:Del:R:1	0	2	3	3	2	10	2	5	3	7	10	6	10	9	0	1	1	6	11	2	7	16	4	5	1	20	4	11	2	6	31	2	0	3	2	0	7	3	2	2	16	12	2	6	2	4	4	0	3	2	0	3	1	1	0	5	1	19	3	1	4	12	6	9	2
5:Del:R:2	0	1	0	3	0	2	1	0	2	2	1	1	2	2	0	0	0	0	2	2	1	0	2	2	0	1	0	3	0	1	10	1	0	0	1	0	3	0	0	1	4	2	0	0	0	0	1	0	0	0	2	0	0	0	0	1	0	1	0	0	1	2	2	0	1
5:Del:R:3	0	1	1	0	0	0	0	1	0	1	0	0	0	0	0	0	0	1	0	0	1	1	0	1	0	0	0	3	1	1	9	0	0	0	1	0	0	0	0	0	0	3	0	0	0	0	0	0	0	0	0	0	0	0	0	2	1	0	0	0	0	0	1	1	0
5:Del:R:4	0	0	0	0	0	0	0	0	0	0	0	0	0	0	0	0	0	0	0	0	0	0	0	0	0	0	1	0	1	0	7	0	0	0	1	0	1	0	0	0	1	2	0	0	0	0	0	0	0	0	0	0	0	0	0	0	0	0	0	0	0	0	1	0	1
5:Del:R:5	0	0	0	0	0	0	0	0	0	0	0	0	0	0	0	0	0	1	0	0	0	0	0	0	0	0	0	0	0	0	3	0	0	0	1	0	1	0	0	0	0	0	0	0	0	0	0	0	0	0	0	0	0	0	0	0	0	1	0	0	0	0	0	0	0
2:Ins:R:0	7	3	9	4	5	9	6	6	43	13	8	3	11	18	3	1	2	1	6	2	9	5	15	9	6	13	7	20	7	11	113	10	3	11	8	10	4	4	4	5	16	11	7	9	9	6	7	4	3	6	2	0	2	2	2	6	8	15	6	7	6	9	3	10	12
2:Ins:R:1	3	2	5	5	7	5	0	1	7	11	4	6	7	11	2	0	0	3	1	2	4	5	11	2	2	16	3	5	2	2	20	5	1	12	3	10	2	3	5	1	9	5	6	2	7	8	3	1	3	2	2	2	2	1	0	6	9	13	3	6	8	7	4	5	2
2:Ins:R:2	2	1	2	2	0	3	1	0	2	1	2	0	2	6	0	0	1	0	1	2	1	3	3	0	2	4	2	1	3	0	27	0	0	4	1	1	2	0	5	5	6	4	4	1	3	0	2	0	2	2	3	1	0	0	0	2	2	3	2	4	4	4	2	3	1
2:Ins:R:3	4	3	2	0	0	2	1	1	6	2	0	4	0	3	0	2	0	3	1	0	2	0	4	0	0	3	1	4	2	0	51	1	0	0	0	0	1	1	0	1	5	3	1	1	1	0	1	0	2	0	0	1	2	0	0	0	1	5	0	1	0	1	5	0	0
2:Ins:R:4	2	1	1	6	1	1	0	1	7	2	3	2	1	4	1	1	0	6	4	1	7	4	8	2	0	3	3	7	2	2	205	3	0	3	4	2	1	0	3	1	4	1	0	2	1	4	1	1	0	2	2	1	0	0	0	3	4	5	1	0	1	1	2	3	0
2:Ins:R:5	5	10	8	17	7	16	16	3	63	10	21	14	14	25	1	5	7	13	10	3	38	23	55	7	1	32	24	13	9	10	1084	10	2	16	10	18	13	2	12	4	37	22	7	8	20	18	20	4	3	12	12	5	1	7	2	26	37	47	4	7	20	15	12	18	4
3:Ins:R:0	2	0	1	3	0	6	3	10	12	6	5	0	6	14	2	4	3	3	5	1	1	4	5	3	2	7	3	13	1	3	21	5	4	1	1	2	2	0	1	1	5	7	1	5	3	1	2	1	2	1	0	1	3	1	0	2	5	5	1	1	1	8	2	9	4
3:Ins:R:1	3	3	5	1	1	3	1	1	5	1	4	1	4	5	0	1	1	2	2	0	5	0	5	3	1	14	4	8	4	1	3	3	1	4	1	0	4	0	4	3	4	2	4	1	3	1	1	2	4	2	1	1	1	0	1	1	5	5	0	4	5	5	2	0	1
3:Ins:R:2	1	0	0	0	0	2	0	0	1	0	1	0	2	3	0	0	0	2	0	0	1	1	1	0	0	2	0	0	0	0	4	1	0	0	1	0	0	0	0	0	0	2	1	1	1	0	1	0	1	2	1	1	0	1	0	0	1	0	0	1	0	3	2	1	0
3:Ins:R:3	0	0	0	0	0	0	0	0	0	1	0	0	0	1	0	0	0	0	0	0	0	0	0	0	0	0	0	1	0	0	5	0	0	0	1	0	0	0	0	0	1	0	0	0	0	0	0	0	0	1	0	0	0	0	0	0	0	0	0	0	1	1	1	0	0
3:Ins:R:4	0	0	0	0	0	0	0	0	1	0	1	0	1	1	0	0	0	1	1	0	1	0	1	0	0	0	0	2	0	0	12	0	0	0	1	0	0	0	0	0	0	0	0	1	0	0	1	0	0	0	0	0	0	0	0	0	0	0	0	0	0	0	0	0	0
3:Ins:R:5	0	0	0	1	0	0	1	0	2	1	0	2	0	1	0	0	0	0	0	0	2	1	1	2	0	1	1	3	0	1	81	0	0	2	0	4	1	0	1	0	5	1	0	1	0	0	1	0	0	2	0	0	0	0	0	0	2	2	1	0	2	0	5	0	0
4:Ins:R:0	3	4	3	2	2	6	2	5	14	4	9	7	8	10	0	3	3	5	1	4	5	5	12	1	2	16	4	20	4	8	78	3	1	2	4	3	8	1	2	6	5	6	4	5	9	4	4	3	1	2	2	3	1	1	4	4	3	10	2	3	3	7	5	12	4
4:Ins:R:1	0	0	4	4	1	1	2	4	5	6	2	3	3	12	1	0	2	1	2	3	3	2	4	4	0	4	3	9	2	2	9	1	0	7	1	3	2	0	3	2	9	4	1	0	7	2	5	2	2	5	0	1	0	0	1	2	3	8	1	1	2	2	2	1	1
4:Ins:R:2	0	0	1	0	1	1	0	0	2	2	0	2	0	1	0	1	0	0	0	0	0	0	2	0	1	1	1	1	0	0	9	0	0	1	0	0	0	0	1	0	2	0	0	0	0	0	1	0	0	0	0	0	0	0	0	1	0	1	0	0	1	0	2	1	0
4:Ins:R:3	0	0	0	0	0	1	1	0	0	0	0	0	0	0	0	1	0	0	0	0	2	0	0	0	0	0	0	1	0	0	29	1	2	0	0	0	0	0	0	0	1	2	0	0	0	0	2	0	0	0	0	0	0	0	0	0	1	1	0	0	0	1	0	0	0
4:Ins:R:4	0	0	2	2	1	0	0	1	0	1	1	2	1	0	0	0	0	0	0	0	0	1	0	0	0	1	1	1	0	0	18	0	0	3	1	0	0	0	1	0	0	1	0	0	1	0	1	1	0	1	1	0	0	0	0	2	0	1	1	0	0	0	1	0	0
4:Ins:R:5	0	2	0	3	0	0	1	0	0	1	2	0	2	0	0	0	2	2	0	0	2	0	0	1	0	1	1	1	1	0	21	2	0	2	1	0	0	0	2	0	1	2	0	1	2	0	1	0	0	1	0	0	0	0	2	2	2	3	3	0	0	1	1	1	0
5:Ins:R:0	18	31	19	30	14	41	31	55	42	19	24	27	46	40	50	53	9	18	28	36	18	41	43	88	29	69	53	50	46	113	260	24	32	54	108	34	38	40	17	19	33	35	11	15	148	71	28	39	13	20	18	14	8	11	11	21	28	51	13	8	17	25	28	37	15
5:Ins:R:1	3	3	7	3	4	16	5	9	14	12	8	10	7	23	5	3	6	5	4	6	8	10	10	9	3	31	10	35	5	8	31	8	0	10	7	11	8	0	8	9	21	19	4	7	13	9	9	2	8	14	4	5	3	5	3	10	9	22	3	4	11	13	8	6	4
5:Ins:R:2	0	1	1	0	0	0	0	1	4	3	1	1	2	1	0	2	0	0	0	0	0	0	2	0	0	1	2	1	0	1	9	0	0	1	0	2	0	0	0	1	0	3	0	1	2	2	0	1	0	0	0	0	0	0	0	1	0	2	0	0	0	1	2	0	1
5:Ins:R:3	0	0	0	0	0	2	0	0	1	1	0	0	0	0	0	0	0	0	1	1	0	1	2	0	0	0	0	0	0	0	3	1	0	2	0	0	0	0	1	0	0	2	0	0	0	2	0	0	0	0	0	0	0	0	0	1	1	1	0	0	0	1	1	0	0
5:Ins:R:4	0	0	0	0	0	1	0	1	0	0	0	0	1	0	0	0	0	1	0	0	0	0	0	0	0	2	0	3	0	0	2	1	0	0	0	0	0	0	0	0	0	0	0	0	0	0	0	0	0	0	0	0	0	0	0	1	0	0	0	0	0	1	0	1	0
5:Ins:R:5	0	0	0	0	0	0	1	0	0	0	0	0	1	1	0	0	0	0	0	0	0	0	0	0	0	0	0	0	0	0	0	0	0	0	0	0	0	0	0	0	0	2	0	0	0	0	0	0	0	0	0	0	0	0	0	0	0	1	0	0	0	0	1	0	0
2:Del:M:1	6	4	17	21	2	15	9	10	15	25	10	360	8	22	4	5	2	84	14	7	20	98	22	13	5	40	11	28	13	16	109	13	0	25	11	17	21	8	17	5	25	12	11	9	23	5	10	2	8	5	6	6	8	0	4	14	18	12	4	12	18	18	18	16	2
3:Del:M:1	5	1	7	9	3	7	1	1	6	12	3	5	6	8	0	0	0	7	5	3	6	12	11	2	1	23	2	11	10	2	8	12	0	3	4	10	5	6	2	2	12	4	12	2	11	1	6	3	9	4	8	1	2	0	0	3	3	7	5	11	9	9	4	4	0
3:Del:M:2	2	3	2	7	3	8	1	8	11	9	2	21	10	6	1	1	0	67	5	3	12	40	10	8	2	16	3	15	5	1	56	13	1	4	6	6	9	3	3	3	16	6	12	3	12	6	9	0	6	3	5	0	6	0	1	4	10	2	2	12	9	8	3	8	1
4:Del:M:1	7	3	10	10	2	4	4	4	2	8	6	1	2	6	2	1	2	9	3	4	2	16	6	3	2	9	4	12	16	2	40	7	0	7	3	10	4	5	5	2	13	6	7	2	9	4	2	1	8	0	4	1	0	1	2	0	5	3	1	8	3	6	4	7	1
4:Del:M:2	0	1	5	9	3	6	1	5	2	11	7	10	3	2	1	1	1	15	3	1	8	28	3	5	2	8	4	13	4	2	20	6	1	2	2	10	12	6	5	1	14	0	5	3	3	4	5	1	4	1	8	1	1	0	4	2	1	7	0	7	6	7	4	5	0
4:Del:M:3	0	0	7	1	0	7	1	7	7	8	1	22	5	4	2	1	5	37	2	1	10	39	7	7	1	9	3	12	7	3	28	4	0	1	2	5	24	2	2	0	11	7	2	4	7	1	4	1	2	1	4	2	2	2	0	4	3	8	3	2	3	6	9	11	0
5:Del:M:1	22	13	35	58	13	51	10	33	35	63	17	30	19	48	7	13	6	10	33	15	10	21	56	82	8	130	16	66	53	28	119	68	4	37	17	55	14	39	27	12	94	17	57	12	63	13	14	6	39	15	36	9	8	8	6	14	41	45	6	59	51	50	26	36	5
5:Del:M:2	11	7	26	39	7	36	6	22	26	59	22	29	32	43	4	6	3	7	37	10	10	14	42	88	3	79	20	35	41	20	52	47	2	31	7	41	7	12	17	5	60	20	28	8	40	7	10	2	28	6	14	5	4	1	2	13	27	49	8	28	37	39	45	22	5
5:Del:M:3	8	7	14	15	6	34	5	19	18	40	20	11	21	27	3	5	4	4	21	5	6	12	27	59	2	58	8	16	14	14	54	24	0	7	4	23	11	12	5	3	52	12	13	5	19	7	7	0	14	6	8	2	2	1	4	7	18	43	1	13	22	34	23	24	2
5:Del:M:4	1	4	8	12	3	17	2	11	6	10	9	10	9	15	0	0	1	7	15	2	6	6	6	19	1	26	4	11	11	6	17	13	3	7	1	1	5	3	5	3	20	6	4	3	7	5	7	3	7	3	4	1	2	1	2	4	7	22	1	4	10	18	19	12	3
5:Del:M:5	2	2	7	9	2	20	6	11	8	23	16	8	23	9	0	3	0	4	15	4	13	4	7	35	2	41	9	21	2	15	33	11	1	8	0	6	5	4	4	3	26	18	7	7	12	1	8	1	4	4	6	0	1	0	1	13	12	50	3	7	15	18	21	17	2
