MutationType	SP95454	SP94741	SP90209	SP90989	SP93540	SP93227	SP94348	SP94588	SP90725	SP94236	SP93772	SP92195	SP89957	SP92268	SP92707	SP89687	SP90269	SP94933	SP95126	SP95646	SP89443	SP89651	SP94060	SP92787	SP92723	SP92364	SP95406	SP91746	SP92332	SP91730	SP92947	SP91666	SP90245	SP90893	SP89519	SP94917	SP92659	SP94332	SP94661	SP93652	SP90125	SP94540	SP95222	SP89389	SP90503	SP92460	SP92931	SP91265	SP89909	SP90629	SP95550	CPCT02020389T	CPCT02080033T	CPCT02060156T	DRUP01340014T	DRUP01010121T	CPCT02130034T	CPCT02260015T	CPCT02220071T	CPCT02010710T	CPCT02340068T	CPCT02130050T	DRUP01060016T	CPCT02260017T	CPCT02020682T	DRUP01030013T	CPCT02130059T	WIDE01010296T	CPCT02380044T	CPCT02060117T	CPCT02080220T	CPCT02210056T	CPCT02020734T	CPCT02020716T	CPCT02080226T	DRUP01080014T	DRUP01270003T	CPCT02190044T	CPCT02130131T	CPCT02220054T	CPCT02330075T	CPCT02130134T	CPCT02130148T	CPCT02070381T	DRUP01070053T	DRUP01060025T	DRUP01100007T	CPCT02380019T	CPCT02020598T	DRUP01070059T	CPCT02080152T	CPCT02070406T	CPCT02450002T	DRUP01070024T	DRUP01060027T	CPCT02030381T	DRUP01220005T	CPCT02370010T	CPCT02020623T	CPCT02290023T	DRUP01010022T	CPCT02070159T	CPCT02030354T	CPCT02020565T	CPCT02060114T	CPCT02060118T	CPCT02220002T	DRUP01030002T	CPCT02070060T	CPCT02030320T	CPCT02060035T	CPCT02070110T	CPCT02020492T	CPCT02030327T	CPCT02020503T	CPCT02380029T	CPCT02020636T	CPCT02130013T	DRUP01110002T	WIDE01010639T	DRUP01010167T	WIDE01010570T
[Del(C):R1]A	23	42	36	42	60	38	42	6	7	15	5	9	5	5	5	8	6	38	21	12	15	8	10	3	5	39	5	3	10	18	5	16	8	10	2	29	14	9	1	3	5	4	12	10	4	12	8	11	18	29	15	5	5	7	7	9	9	23	42	4	8	20	15	15	13	87	29	27	14	5	11	5	6	6	5	37	14	8	31	13	14	14	11	3	8	27	11	19	9	3	40	11	17	18	15	10	13	31	31	9	90	11	4	4	12	8	8	7	26	2	3	18	36	9	33	175	22	33	182	5	52	19
[Del(C):R1]T	10	25	57	27	50	76	28	11	5	22	8	14	9	4	5	23	6	38	35	17	7	8	6	12	6	29	3	7	54	41	6	15	27	22	4	34	28	28	17	5	24	4	40	15	6	9	7	30	13	73	15	8	7	11	5	16	41	27	21	10	9	26	14	11	22	75	25	39	42	6	11	2	4	5	22	20	15	16	55	20	18	22	34	7	22	78	15	31	16	7	22	22	31	15	33	10	25	78	35	16	105	25	7	7	11	24	7	16	32	4	9	12	31	9	34	142	20	20	146	9	38	28
[Del(C):R2]A	9	25	56	6	25	127	16	6	3	9	5	7	4	3	2	4	4	12	8	3	0	5	4	5	6	19	3	6	5	4	3	2	3	4	3	21	14	8	7	6	2	3	7	4	6	6	5	8	5	10	5	3	4	3	1	6	13	10	14	2	1	15	6	9	6	26	6	23	15	7	10	1	1	9	9	14	7	11	5	3	8	6	8	2	0	13	5	9	3	3	16	15	7	8	12	7	3	16	9	12	38	11	1	2	3	5	1	12	23	4	4	9	8	2	19	47	20	17	49	3	16	13
[Del(C):R2]T	11	26	32	16	32	52	28	7	5	10	5	9	7	4	4	15	5	26	14	13	6	3	7	3	4	17	4	3	9	16	7	6	9	13	5	14	7	8	9	5	8	4	4	10	8	11	6	13	8	23	8	2	6	10	6	3	17	5	13	2	8	8	9	12	12	39	7	28	10	1	7	8	3	7	11	16	8	13	14	6	12	9	14	5	5	29	14	20	6	5	17	18	8	7	9	8	8	27	11	13	48	13	4	1	9	6	5	12	13	6	5	8	12	7	19	41	17	10	72	3	35	15
[Del(C):R3]A	12	29	56	17	39	115	29	2	2	5	2	2	1	0	0	2	4	11	5	3	0	2	3	2	1	14	0	4	5	6	0	2	0	4	2	25	6	1	4	2	5	1	6	0	2	12	1	4	10	5	3	0	2	2	1	9	4	8	3	2	2	10	11	3	9	51	9	15	11	3	5	0	2	0	3	16	7	4	6	2	8	5	2	3	1	10	2	11	3	3	18	9	4	5	11	3	4	11	4	4	37	8	1	2	5	2	2	2	13	3	2	7	10	2	10	44	8	20	42	0	32	8
[Del(C):R3]T	18	34	39	28	43	65	37	0	1	1	2	5	3	2	1	6	3	16	2	6	1	3	6	3	1	27	2	2	3	6	0	0	2	4	1	25	10	4	3	2	5	2	3	3	2	10	4	5	10	4	3	1	4	1	4	3	4	9	12	0	5	3	4	2	3	41	8	10	14	1	2	0	0	1	4	15	5	6	4	6	3	3	2	4	2	11	2	4	3	3	16	8	1	6	6	2	5	11	5	7	37	3	0	4	3	2	0	3	6	4	1	7	3	1	11	41	10	8	55	1	30	6
[Del(C):R(4,5)]A	235	415	597	274	732	722	425	3	2	4	5	6	2	3	0	4	5	137	6	1	3	1	4	0	4	297	1	1	2	6	3	3	6	2	2	222	7	4	2	1	3	2	5	3	4	123	3	6	126	4	4	0	4	7	0	6	5	3	60	5	1	4	7	7	5	523	4	8	9	1	1	1	3	1	3	153	1	3	6	3	5	1	2	1	1	15	2	9	3	1	130	5	4	0	10	3	4	14	4	3	393	8	1	2	8	3	3	7	12	2	2	1	6	1	2	471	8	4	497	1	356	16
[Del(C):R(4,5)]T	218	434	470	259	719	558	427	3	1	1	1	2	1	3	1	2	3	135	2	1	5	1	3	1	0	333	0	1	5	7	3	1	4	2	1	171	4	3	1	1	3	0	5	3	0	148	1	3	135	8	2	2	3	4	1	5	10	3	62	4	1	7	3	5	2	403	7	4	3	1	4	1	3	1	2	128	5	4	3	2	2	2	8	6	2	8	3	3	2	5	152	2	3	2	6	5	1	9	1	0	358	5	2	3	3	4	3	6	4	1	2	2	2	2	10	491	4	6	553	4	383	12
[Del(C):R(1,5)]G	91	183	163	131	281	195	155	4	1	4	6	6	3	4	2	4	4	44	5	6	7	3	1	4	4	156	5	1	12	9	2	2	8	13	3	61	2	8	7	4	6	3	2	6	2	53	4	9	70	9	1	3	7	8	2	11	5	5	57	6	5	8	10	6	4	159	3	5	9	2	4	9	0	1	5	66	2	11	9	8	9	7	5	4	2	15	6	12	2	5	84	19	2	8	12	8	9	15	0	9	141	3	1	2	7	7	3	5	12	1	0	8	8	3	11	271	9	8	298	2	181	13
Del(C):R(6,9)	1114	2005	3129	1369	3768	2366	2105	0	5	4	2	1	2	3	1	0	5	895	8	4	0	3	4	1	5	1576	5	1	4	6	4	5	2	3	4	694	11	1	1	2	2	1	4	3	2	575	6	10	576	9	3	1	9	20	4	21	6	11	489	10	9	6	3	6	18	2338	4	10	9	6	6	6	4	1	5	775	5	5	7	4	13	5	3	2	2	12	12	8	4	2	934	5	11	2	8	1	7	13	8	5	2194	6	4	2	2	9	2	4	6	7	5	1	7	4	7	3173	5	6	3341	8	1867	8
A[Del(T):R(1,4)]A	104	196	1631	163	319	3195	160	5	4	11	11	17	9	6	6	10	5	185	17	14	13	7	7	9	8	222	8	6	15	20	4	11	21	6	7	98	75	10	10	9	9	7	15	10	4	59	11	18	69	26	6	7	11	18	5	19	14	27	71	14	13	12	15	14	23	219	11	26	13	5	5	2	4	3	10	87	6	12	5	10	19	11	19	4	11	31	12	10	10	6	92	15	18	9	21	16	9	28	10	16	188	5	4	11	12	9	4	5	20	10	1	10	17	8	25	384	24	24	348	3	163	19
A[Del(T):R(1,4)]C	32	73	581	79	142	1411	78	6	3	6	5	7	4	2	3	4	5	82	16	7	3	4	2	9	5	131	7	2	13	9	3	8	9	9	3	45	44	4	5	8	6	2	9	6	4	20	7	10	30	16	4	2	8	4	0	6	1	14	21	4	2	3	9	4	7	69	2	24	10	0	4	5	2	3	5	44	1	5	1	8	7	8	3	2	0	11	4	10	2	2	25	6	5	5	3	11	7	10	3	7	80	2	3	5	4	5	0	7	9	0	0	6	9	7	12	141	17	19	124	0	88	8
A[Del(T):R(1,4)]G	38	83	483	77	149	1247	71	2	0	3	8	8	8	3	4	4	5	58	10	9	2	6	6	3	2	101	4	2	10	12	5	4	11	5	3	23	16	6	4	6	4	2	11	3	6	26	6	12	32	13	6	2	4	10	6	4	5	14	25	10	6	7	13	3	8	86	6	11	5	3	1	3	2	2	10	40	5	6	4	5	11	4	12	5	5	12	5	15	7	3	24	8	5	1	5	8	2	12	4	7	68	2	3	2	3	0	4	1	15	2	1	2	4	4	13	148	14	9	130	4	74	4
C[Del(T):R(1,4)]A	61	122	334	114	155	703	77	1	3	3	3	7	3	4	6	7	7	63	14	5	1	4	7	6	8	198	1	4	9	8	4	7	2	9	3	53	13	6	5	4	5	3	12	3	4	26	4	1	30	16	8	3	7	6	5	2	8	13	30	2	5	10	11	12	8	99	6	26	9	6	1	6	0	1	10	37	4	6	1	6	12	5	5	3	2	23	7	11	0	3	33	11	9	6	13	12	7	22	4	11	91	4	7	3	8	4	3	5	11	2	0	7	9	5	10	218	15	10	142	4	106	9
C[Del(T):R(1,4)]C	61	129	261	147	195	430	101	5	2	5	2	6	8	2	2	4	1	84	9	4	8	2	4	3	4	221	3	2	8	8	6	4	4	6	1	50	4	4	3	3	3	4	14	4	5	43	10	6	61	17	5	2	7	7	6	9	9	19	44	4	8	5	17	12	9	122	7	16	9	5	8	3	4	3	7	65	4	6	3	7	6	3	5	5	5	11	5	10	3	6	63	12	4	5	11	8	9	10	4	6	116	3	4	2	14	8	4	5	13	3	7	5	10	8	13	252	18	16	192	4	126	8
C[Del(T):R(1,4)]G	58	92	184	97	159	380	92	3	2	2	8	7	3	8	6	5	7	47	12	10	2	3	1	5	4	150	7	5	7	14	3	5	9	8	2	50	5	10	3	8	5	6	13	4	7	39	9	7	36	16	7	2	4	14	4	7	4	11	29	8	6	10	11	7	10	86	1	14	7	3	4	7	2	3	13	38	0	7	4	8	6	4	9	3	7	23	5	11	3	2	26	10	5	5	10	6	7	24	1	12	73	2	5	0	5	9	4	3	10	3	3	5	10	3	17	166	10	9	150	0	99	4
G[Del(T):R(1,4)]A	39	71	1185	73	105	1673	50	6	1	2	2	4	5	2	5	6	2	31	8	2	3	3	1	4	2	92	2	2	11	9	1	6	6	6	2	42	17	5	3	2	7	1	13	5	4	23	3	5	20	14	4	1	3	4	0	3	8	8	14	8	0	5	6	8	8	86	2	10	8	0	1	4	0	3	8	43	2	7	0	8	5	6	4	4	4	13	2	7	3	5	16	6	9	4	10	4	6	11	6	1	74	1	2	4	6	4	2	1	10	6	2	4	4	1	9	134	9	13	92	1	54	6
G[Del(T):R(1,4)]C	37	71	772	81	82	1128	55	5	2	3	2	3	2	1	3	6	3	28	7	6	4	2	6	1	2	84	1	2	7	5	0	3	5	10	1	21	0	8	1	4	3	5	5	4	2	25	5	7	15	5	3	2	1	5	0	1	7	10	16	3	1	2	6	5	5	83	4	9	8	1	0	6	0	2	2	40	3	10	0	1	1	2	4	0	5	16	4	5	1	0	15	11	1	2	10	6	1	14	2	5	88	5	3	3	3	3	1	2	5	3	1	2	11	2	5	134	10	12	83	1	55	1
G[Del(T):R(1,4)]G	25	79	537	83	100	908	71	4	2	4	5	11	4	1	3	7	1	45	7	3	3	0	4	3	2	86	2	4	7	6	1	0	7	7	4	27	5	13	0	3	6	3	14	5	1	29	8	8	27	9	6	2	4	5	2	8	3	9	18	2	4	6	3	9	10	93	4	10	7	2	6	2	3	1	4	62	4	6	2	1	7	4	7	1	1	20	1	7	3	2	33	11	2	1	12	7	3	18	5	4	89	6	4	0	3	7	1	3	15	1	1	3	11	1	10	135	18	10	143	1	76	2
A[Del(T):R(5,7)]A	1486	2459	12816	2656	4976	16389	2610	9	4	4	4	7	22	10	6	15	5	1719	32	10	11	3	2	8	1	3076	8	3	17	10	12	16	6	6	5	868	143	13	9	4	11	11	37	16	5	769	5	31	790	16	24	6	8	25	2	38	9	29	630	14	2	11	8	9	91	2243	10	19	1	13	4	9	10	5	9	857	8	4	7	22	20	8	12	0	11	30	15	13	6	0	894	6	30	7	10	4	20	28	21	8	2536	5	7	8	6	6	4	2	9	15	10	7	10	6	12	3959	15	13	3337	19	1996	21
A[Del(T):R(5,7)]C	567	933	3633	1087	1928	4427	1029	6	4	1	2	6	8	6	2	10	2	820	15	7	2	1	3	1	5	1253	3	5	10	7	3	7	6	6	5	364	78	10	6	4	4	1	15	6	4	301	5	16	278	14	9	8	6	11	2	19	8	13	226	5	3	6	3	11	38	1004	9	13	0	4	4	4	5	8	3	491	6	5	5	4	22	4	3	1	6	6	10	4	2	1	343	5	14	1	6	3	4	8	16	11	1013	0	1	3	2	3	4	2	13	9	8	2	4	5	15	2055	6	11	1534	8	965	10
A[Del(T):R(5,7)]G	910	1734	5842	1687	3478	7564	1676	9	3	3	3	4	6	3	5	7	2	1013	14	11	4	2	0	1	4	1730	4	4	8	12	3	6	6	4	3	503	39	7	3	3	2	2	10	7	3	466	6	12	487	13	6	2	7	15	1	15	7	14	409	7	1	9	8	11	39	1737	6	11	2	0	4	9	5	0	4	595	5	6	4	7	11	4	3	0	3	17	3	10	1	3	578	7	13	3	8	2	8	17	16	8	1686	3	4	2	5	2	1	3	9	9	6	3	3	6	4	2883	6	5	2148	10	1340	9
C[Del(T):R(5,7)]A	720	1476	3657	1488	2942	3791	1263	4	5	1	3	4	10	5	1	1	3	827	7	3	2	0	6	1	1	1651	3	3	0	7	7	5	1	0	2	474	43	6	2	4	4	3	11	7	7	390	5	3	458	12	12	9	2	6	2	8	10	14	372	6	4	8	4	15	28	1383	5	16	2	3	4	2	4	2	0	483	3	3	0	7	9	4	10	1	3	7	10	6	3	1	521	3	13	7	2	4	6	6	7	4	1440	1	2	2	3	2	2	5	8	7	4	7	2	6	6	2349	4	5	1787	8	1070	9
C[Del(T):R(5,7)]C	577	1134	2308	1290	2101	2487	1036	4	4	5	1	4	3	4	3	9	3	674	11	3	1	2	1	1	3	1406	1	5	8	8	1	0	0	5	1	403	16	5	4	4	5	5	7	2	3	266	3	7	338	6	4	3	1	7	1	6	6	8	268	4	1	2	4	12	25	992	4	7	6	5	1	2	3	0	4	579	3	4	7	3	7	2	4	0	2	8	4	4	3	0	350	3	8	1	4	1	5	7	6	3	1084	0	4	0	3	5	2	5	9	5	1	1	1	3	9	1993	3	2	1635	4	936	11
C[Del(T):R(5,7)]G	659	1397	2511	1394	2924	2644	1210	3	0	5	1	4	2	2	2	1	1	783	10	2	0	3	1	2	3	1359	2	3	9	6	2	3	3	1	4	376	12	5	4	1	4	1	7	3	3	321	8	11	437	7	8	2	6	13	0	11	6	13	310	4	0	5	2	4	16	1186	2	7	2	5	1	4	1	1	2	459	1	1	0	6	7	3	3	0	3	11	9	1	1	0	479	1	10	1	2	2	5	9	7	4	1310	1	4	3	2	3	2	5	4	0	2	1	3	3	6	2103	2	4	1738	2	999	6
G[Del(T):R(5,7)]A	498	759	4264	848	1452	4401	763	0	3	2	4	3	4	2	0	3	1	420	5	3	2	0	2	1	2	896	3	1	4	3	0	5	4	2	1	283	17	5	2	2	4	2	13	4	1	236	8	4	175	12	6	2	4	7	2	3	6	12	177	4	2	2	1	10	13	807	1	9	1	2	1	2	2	3	5	479	2	1	1	4	8	3	5	0	4	9	4	2	2	0	230	1	5	5	6	0	6	10	7	4	1047	1	3	1	2	6	2	2	4	1	1	5	3	4	5	1434	4	5	1078	4	596	8
G[Del(T):R(5,7)]C	295	572	1904	692	1065	1957	591	0	0	3	3	4	5	3	0	4	4	457	5	2	1	1	2	0	2	685	1	1	8	1	4	4	5	3	0	213	12	5	4	2	2	4	3	1	2	156	1	5	178	9	2	4	2	5	0	6	4	4	107	9	0	2	0	6	16	589	4	9	2	1	4	2	3	1	2	368	2	2	0	2	5	1	3	1	4	2	3	1	0	1	169	3	6	3	3	1	2	3	7	2	607	2	2	2	0	0	1	3	7	7	4	2	5	2	1	1220	3	4	877	4	541	9
G[Del(T):R(5,7)]G	391	644	2767	787	1333	2980	663	1	3	2	2	2	1	5	1	4	1	400	10	3	0	4	2	1	2	734	4	1	16	4	1	4	1	2	1	216	11	2	0	2	4	0	10	3	2	178	4	8	186	6	5	3	2	3	0	5	9	9	153	6	1	3	2	5	17	663	5	6	2	0	6	2	0	2	4	382	2	3	1	3	9	5	5	0	3	13	4	4	3	0	235	3	1	1	4	3	6	10	8	3	746	4	1	1	1	4	2	1	10	3	1	1	2	2	4	1164	2	1	976	3	565	4
A[Del(T):R(8,)]A	2361	4306	7137	4866	8448	7479	4668	4	4	6	5	1	10	16	7	20	3	3211	19	7	3	5	3	1	6	4850	4	2	6	4	10	14	7	1	8	1205	87	10	11	2	4	4	31	11	2	1081	11	15	900	17	20	18	16	38	6	83	12	39	1440	17	11	16	5	19	104	3850	22	34	7	9	10	6	6	2	7	1774	11	6	7	26	54	5	10	1	18	12	25	5	6	1	2054	4	69	3	9	4	23	10	30	22	4326	4	12	9	3	11	8	8	22	19	13	4	5	8	25	7414	10	12	6534	13	3554	26
A[Del(T):R(8,)]C	1071	2198	2796	2574	4260	3091	2148	3	5	1	4	6	16	10	4	8	0	2087	20	5	5	2	1	3	5	2587	3	4	7	5	2	6	2	2	10	659	34	6	11	5	3	5	18	13	2	488	11	14	454	9	13	16	7	25	3	48	9	40	657	17	3	8	5	16	84	2432	10	24	8	9	6	9	8	4	11	1266	8	3	8	25	26	3	8	2	5	9	29	2	2	2	945	3	44	0	2	3	23	9	24	17	2545	1	6	5	5	8	2	11	17	16	10	0	2	13	16	4839	10	11	3917	14	2166	29
A[Del(T):R(8,)]G	1178	2858	3236	2980	5081	3285	2693	7	0	2	0	2	8	4	3	10	2	1871	12	2	0	0	2	1	2	2828	0	4	1	2	12	13	2	3	1	669	19	6	4	2	3	4	4	6	2	584	1	12	583	7	7	3	4	21	2	32	9	22	847	9	3	10	3	15	41	2402	15	7	3	3	4	6	5	3	0	1014	6	2	6	8	22	4	6	1	5	6	15	3	0	1	1124	1	26	4	3	3	9	6	14	13	2636	1	4	5	0	2	4	1	12	9	6	5	0	7	16	4747	6	6	4096	8	2116	13
C[Del(T):R(8,)]A	1559	3565	3818	3227	6274	3177	3078	3	5	5	4	4	12	9	3	3	0	2069	8	4	1	3	2	1	8	2943	1	0	2	1	6	6	5	1	3	929	38	3	3	2	1	2	6	6	1	654	7	9	641	5	12	16	1	22	3	28	9	28	957	14	2	14	1	18	52	3650	12	13	5	10	8	6	9	3	3	1275	9	4	3	12	27	4	6	0	6	5	16	1	3	0	1400	3	25	0	5	3	15	4	15	14	3496	1	7	4	1	3	0	1	10	10	10	0	5	5	11	5519	7	10	4754	17	2295	15
C[Del(T):R(8,)]C	1336	2878	2685	3264	5129	2428	2672	2	6	3	4	2	8	11	2	1	1	1935	8	2	4	3	2	1	1	2809	1	1	8	0	4	10	0	3	9	808	20	4	4	6	3	3	9	7	4	563	6	7	487	11	10	14	7	28	0	22	6	26	875	9	2	13	4	23	43	3229	15	13	8	4	10	6	11	3	2	1797	16	4	7	9	24	4	8	0	9	8	23	3	0	0	1189	4	22	2	2	0	11	5	14	13	3516	4	5	5	4	4	2	4	15	13	11	2	0	5	14	5573	4	10	4500	13	2295	21
C[Del(T):R(8,)]G	1859	4510	3299	4199	7894	2565	3759	0	4	1	2	1	11	4	2	2	1	2192	11	2	2	2	0	1	6	3483	0	2	1	1	2	3	0	1	4	1003	8	2	3	3	2	3	8	11	1	780	4	8	885	5	7	6	2	13	2	18	6	22	1267	7	2	1	2	16	48	3763	11	10	4	4	3	4	5	2	3	1518	6	1	6	9	29	3	7	1	8	5	14	2	0	1	1783	0	25	0	4	1	7	5	13	8	4009	2	4	6	1	4	7	1	9	12	2	0	4	6	5	6754	6	6	5660	12	2723	7
G[Del(T):R(8,)]A	739	1550	1908	1902	2752	1836	1509	3	2	1	0	2	7	4	1	1	0	1029	5	0	3	0	2	2	2	1552	1	2	1	0	5	3	3	0	1	452	15	2	4	0	0	2	7	6	2	346	3	5	293	11	1	8	2	16	0	7	9	11	482	8	2	1	1	5	37	1851	8	11	2	1	6	2	1	0	1	1031	4	0	0	8	6	1	4	0	2	6	8	3	3	0	773	0	11	1	3	2	5	4	13	4	2155	1	3	2	1	3	1	3	8	10	4	1	4	6	4	3448	5	4	2602	9	1363	10
G[Del(T):R(8,)]C	538	1110	1130	1278	1988	1153	1038	1	1	2	2	0	5	6	0	3	0	884	5	0	0	0	1	0	2	1231	2	1	2	1	3	2	1	0	3	287	12	2	0	0	2	2	2	2	2	220	1	8	226	8	3	9	4	14	1	8	5	4	321	7	1	7	6	11	34	1304	7	11	0	3	3	3	3	1	1	725	8	2	4	9	13	1	1	0	2	4	14	2	1	0	473	2	14	3	2	0	8	5	6	3	1415	1	2	0	3	1	1	4	3	3	6	3	1	5	6	2605	1	7	2019	7	1111	10
G[Del(T):R(8,)]G	630	1370	1320	1465	2364	1109	1216	1	1	0	3	1	4	2	2	3	0	755	4	0	0	0	2	1	1	1218	1	0	2	0	2	1	0	1	0	328	6	3	0	3	0	2	2	6	1	263	1	1	265	1	4	3	2	8	0	8	3	8	406	3	0	3	0	7	19	1538	6	2	3	5	1	2	2	3	0	729	5	0	2	6	11	1	2	0	1	4	7	2	1	0	646	0	15	0	3	0	12	3	6	4	1611	0	1	0	0	3	3	3	8	5	1	0	0	0	2	2955	0	2	2327	3	1177	11
A[Ins(C):R0]A	5	7	9	9	13	14	8	0	1	0	0	0	2	0	2	3	4	24	0	2	1	1	0	2	1	25	1	0	2	0	2	1	1	0	1	13	72	1	3	2	0	1	0	0	0	1	1	2	1	6	1	3	2	3	1	0	1	4	8	0	1	1	0	10	3	12	0	4	0	0	0	0	0	1	4	6	0	0	5	3	2	1	3	0	2	5	0	1	0	0	9	1	3	1	1	0	3	5	1	0	16	2	3	1	0	2	0	3	1	3	0	1	1	2	2	26	2	4	42	1	8	6
A[Ins(C):R0]T	0	0	0	1	0	6	0	0	1	2	1	0	1	0	0	0	0	4	1	0	0	0	0	0	0	1	0	0	0	1	0	0	0	0	0	4	4	0	0	0	0	0	0	0	0	0	1	2	0	0	0	0	1	2	0	0	0	5	1	0	0	0	0	2	0	1	0	0	0	0	1	0	0	0	0	0	0	0	2	0	1	1	2	0	0	3	2	2	0	0	0	5	0	0	1	0	0	4	0	0	1	0	1	1	0	1	0	2	1	0	2	0	0	0	0	3	0	0	3	0	2	5
Ins(C):R(0,3)	22	102	109	59	102	121	80	6	3	6	1	8	0	1	2	2	5	415	2	9	5	6	5	2	3	165	6	4	7	10	5	7	2	4	2	29	26	16	6	4	6	4	7	0	3	28	8	3	18	11	6	6	6	12	94	5	9	9	33	10	3	8	10	14	13	80	6	18	19	4	5	10	13	5	10	35	3	9	13	7	10	12	6	4	12	22	14	19	3	16	46	38	10	13	12	14	111	24	11	9	68	9	8	8	6	11	7	7	21	8	6	9	10	7	13	105	12	11	150	5	86	16
Ins(C):R(4,6)	238	436	591	313	637	689	390	6	2	2	15	5	1	4	3	0	4	1458	4	3	3	1	3	3	3	701	1	1	6	6	2	7	6	5	4	135	17	3	4	2	3	2	2	1	0	154	2	4	129	3	2	3	8	7	17	4	4	4	95	5	8	8	4	6	8	292	3	12	5	8	11	7	6	6	5	142	2	6	3	4	6	4	3	3	5	5	12	6	3	40	106	5	9	6	2	3	21	5	7	7	317	4	0	2	2	2	2	8	3	5	6	3	4	5	5	356	8	8	637	7	425	7
Ins(C):R(7,)	283	488	543	395	516	428	373	9	2	1	0	5	2	4	4	1	4	1194	2	3	0	2	1	2	3	708	1	3	0	4	5	6	3	1	3	147	5	0	2	3	2	3	0	5	1	139	1	2	92	4	4	3	9	14	4	11	5	8	141	7	3	6	5	12	11	276	7	11	17	9	15	10	9	1	7	237	4	1	3	7	17	3	4	2	2	6	9	5	2	5	173	0	8	5	3	8	11	8	6	10	372	10	2	4	8	2	5	8	6	18	8	1	5	2	10	414	8	5	765	9	340	11
A[Ins(T):R(0,4)]A	42	108	296	68	131	353	98	5	5	4	7	4	5	1	1	8	7	308	1	2	5	3	4	4	2	168	2	3	8	6	4	5	5	5	8	56	51	5	5	5	5	4	5	4	3	29	3	7	20	7	1	7	9	7	3	8	7	14	39	7	4	4	5	10	18	128	11	15	2	12	10	8	7	3	15	39	8	5	2	8	18	8	14	1	6	25	11	9	6	2	45	10	20	9	4	8	8	23	5	16	109	6	4	3	4	5	4	5	20	18	9	8	6	5	6	130	9	12	199	6	89	8
A[Ins(T):R(0,4)]C	31	47	222	22	72	256	44	3	0	4	1	5	3	2	0	1	5	176	3	0	0	0	1	0	2	66	2	2	0	1	0	1	3	2	3	24	15	2	1	2	1	3	3	2	2	15	3	1	22	3	3	0	4	1	2	4	2	1	12	1	2	0	3	2	4	62	1	3	5	2	4	3	0	2	1	18	1	2	2	2	3	1	2	2	1	12	1	1	2	2	13	4	12	3	1	3	3	12	2	1	30	4	1	2	1	1	1	1	4	1	1	3	3	3	0	45	6	8	81	2	48	3
A[Ins(T):R(0,4)]G	66	99	271	68	128	562	52	7	4	2	2	4	4	1	1	1	4	269	1	2	5	1	2	0	3	160	1	2	2	6	2	3	3	1	3	73	28	0	1	3	3	3	1	4	3	30	1	0	36	2	2	3	3	2	4	5	4	6	18	7	2	5	3	6	13	109	1	6	4	1	0	1	0	1	4	24	1	1	1	3	6	0	1	0	6	11	3	3	1	1	34	1	14	2	3	0	10	10	3	3	72	7	2	3	1	1	2	3	3	5	0	3	2	2	6	102	5	7	152	2	103	8
C[Ins(T):R(0,4)]A	18	37	269	22	37	395	31	2	2	6	4	3	2	1	3	1	1	127	1	2	2	1	2	2	0	41	4	1	2	2	1	0	2	3	1	24	37	0	2	0	4	2	0	2	0	16	1	3	9	5	2	0	4	4	1	2	4	1	8	1	2	3	1	8	3	48	0	4	3	2	7	1	2	4	3	19	0	2	0	7	7	2	3	1	3	6	5	3	2	2	15	10	6	2	0	4	7	6	3	5	38	2	3	0	0	0	2	7	1	2	2	2	4	2	3	32	3	8	57	2	28	1
C[Ins(T):R(0,4)]C	42	56	339	26	63	460	56	2	1	1	3	3	1	0	0	2	2	209	0	1	2	0	2	0	2	70	0	2	1	1	3	1	2	0	1	30	22	1	1	3	0	2	3	2	1	20	2	0	18	5	1	3	3	3	11	3	3	1	16	5	0	5	4	2	5	70	7	13	3	4	4	1	5	0	3	17	5	1	7	6	3	3	7	4	2	10	5	3	0	6	21	4	10	4	1	3	17	8	4	2	54	5	0	2	5	4	2	2	7	3	2	2	3	2	3	53	1	2	107	4	50	4
C[Ins(T):R(0,4)]G	72	102	282	41	122	418	81	4	4	4	2	1	2	1	0	0	4	367	5	1	2	1	3	0	2	87	0	1	0	3	2	0	1	3	3	73	24	0	4	0	1	2	1	1	1	41	3	4	38	3	3	1	1	4	3	4	6	2	15	3	4	1	4	1	5	114	0	7	10	2	4	1	2	0	4	26	0	1	4	5	6	3	1	2	1	6	2	7	2	1	19	8	5	1	1	2	3	5	2	4	76	3	1	4	3	2	1	3	5	0	2	1	3	3	5	64	1	9	144	0	109	6
G[Ins(T):R(0,4)]A	9	17	36	12	22	20	13	5	6	3	3	1	5	2	2	2	1	59	6	4	4	2	1	3	4	25	2	4	6	4	5	5	9	3	2	6	7	2	4	1	7	7	4	2	4	4	3	5	2	8	3	3	5	2	26	9	7	5	9	4	7	4	6	8	4	15	7	23	22	1	3	3	0	1	7	13	6	3	1	9	7	5	9	3	4	8	5	10	4	3	9	6	3	8	3	3	34	7	3	3	23	4	5	2	5	6	1	9	4	3	4	8	3	2	10	15	7	33	34	5	19	25
G[Ins(T):R(0,4)]C	8	14	36	11	17	40	12	2	2	1	0	1	0	1	0	0	3	49	1	0	3	1	0	1	1	29	1	1	1	2	1	3	0	0	0	13	1	2	2	0	1	0	0	0	0	9	0	2	3	1	0	0	1	0	1	6	7	1	2	1	0	7	3	2	0	19	3	12	32	1	2	1	1	0	9	3	4	0	2	1	2	0	1	3	1	4	1	5	0	3	7	3	2	5	4	0	5	4	4	2	13	7	1	0	1	0	0	10	5	1	3	5	3	2	10	20	4	47	32	0	20	15
G[Ins(T):R(0,4)]G	56	82	94	42	94	134	60	2	2	2	2	0	2	1	1	0	5	279	4	2	1	1	1	1	1	97	0	1	3	0	2	2	1	2	1	24	2	3	4	2	6	1	2	3	1	42	0	2	19	2	3	1	4	3	1	6	7	4	15	2	1	17	12	9	13	76	10	33	68	0	2	1	3	3	11	33	9	3	1	1	10	0	2	0	1	3	4	6	3	0	33	5	7	12	7	2	2	4	2	5	75	16	3	3	5	0	4	24	10	4	1	14	4	3	35	75	19	78	139	3	111	41
A[Ins(T):R(5,7)]A	404	684	6390	487	1047	4446	612	14	14	11	6	11	9	9	3	8	22	2152	10	8	9	3	19	6	14	1004	3	7	18	9	14	19	8	7	12	318	311	6	7	9	8	24	11	12	5	243	9	12	166	11	7	14	25	25	2	11	14	12	131	16	5	25	4	33	27	646	18	34	18	20	19	9	9	6	8	221	10	4	13	11	34	7	11	3	5	26	32	11	5	3	232	4	32	12	4	10	11	25	19	24	507	17	4	12	3	3	7	14	17	33	13	12	5	8	8	445	10	10	973	20	447	11
A[Ins(T):R(5,7)]C	315	521	3707	248	727	3080	376	13	13	7	9	11	8	7	13	6	14	1510	6	6	5	5	10	4	17	645	9	7	8	12	9	17	11	5	14	336	238	4	7	14	10	37	9	5	4	192	15	13	135	9	8	14	27	11	3	13	11	11	92	14	7	17	6	22	34	594	16	32	12	20	33	15	17	13	10	158	10	4	5	10	28	4	11	1	7	20	24	18	11	1	134	4	35	12	8	3	12	23	17	17	395	23	2	7	6	7	4	10	20	54	20	12	6	9	9	317	11	6	654	14	303	20
A[Ins(T):R(5,7)]G	506	719	3708	384	1111	2919	571	16	8	7	4	16	14	12	8	7	29	2275	4	10	5	10	10	4	9	933	7	5	11	10	16	17	6	5	9	387	120	2	7	13	9	26	11	12	5	262	5	14	194	10	13	11	27	20	5	12	12	16	120	15	9	21	2	44	45	776	14	29	16	19	36	20	18	7	8	186	13	2	8	6	33	11	10	4	9	19	25	15	2	4	248	2	31	7	7	8	8	19	20	26	540	16	3	12	4	9	6	13	11	39	13	7	12	7	10	432	8	4	1009	22	428	9
C[Ins(T):R(5,7)]A	189	316	1856	203	439	1969	282	8	3	4	2	3	4	2	7	6	7	962	2	4	2	0	6	2	4	374	1	6	2	4	5	7	3	5	4	119	143	1	4	7	6	11	8	4	4	109	8	10	69	2	3	6	9	6	3	3	4	2	47	4	6	8	5	21	13	270	4	14	9	8	11	3	8	11	4	90	3	4	6	6	12	2	5	1	5	7	12	7	3	1	113	4	13	6	3	4	4	8	7	7	224	10	1	6	3	2	4	10	8	13	6	7	2	4	8	176	2	7	395	9	196	9
C[Ins(T):R(5,7)]C	190	264	1559	132	363	1830	193	13	6	8	1	10	7	5	6	5	16	879	6	8	1	2	6	3	15	379	2	3	2	6	10	14	4	1	9	179	93	1	3	7	7	17	8	3	2	84	4	7	73	7	5	1	17	11	2	8	10	4	31	4	4	7	1	17	22	303	11	17	8	6	11	11	4	5	5	101	9	1	9	6	14	4	8	2	5	8	12	3	5	1	91	1	16	6	4	8	7	7	10	13	205	11	4	3	1	5	2	7	11	15	3	7	4	5	10	168	12	5	336	1	173	12
C[Ins(T):R(5,7)]G	245	379	1362	216	548	1549	286	7	6	4	3	6	4	5	8	2	15	1141	4	4	5	2	3	1	6	470	1	3	4	3	8	12	6	5	3	202	40	2	6	8	7	19	6	5	4	137	2	7	87	9	3	4	21	3	4	2	6	13	55	4	5	5	5	20	19	387	8	14	12	8	21	7	14	5	9	100	3	3	7	17	19	5	6	1	3	12	11	8	5	1	121	3	23	6	4	5	13	10	10	10	259	10	2	7	3	3	1	6	8	29	6	6	3	5	5	235	4	2	489	6	217	13
G[Ins(T):R(5,7)]A	231	384	2317	254	572	1668	331	5	5	3	2	2	2	3	7	5	10	1172	1	4	2	2	6	3	2	487	1	2	3	1	7	6	2	0	5	161	176	2	2	4	2	13	5	3	3	149	8	4	76	3	3	6	12	7	2	9	5	4	64	5	3	5	1	12	18	272	3	18	8	9	18	5	5	2	5	101	3	0	3	4	15	7	3	1	3	11	13	2	0	0	109	0	16	6	5	3	5	11	5	7	263	12	1	3	1	2	1	6	5	13	5	6	1	4	2	237	10	10	459	8	251	14
G[Ins(T):R(5,7)]C	260	406	2072	167	499	1702	273	8	5	7	1	6	1	10	3	1	5	1111	4	4	3	2	5	1	5	445	2	7	4	3	3	10	5	5	9	221	133	5	3	8	4	8	7	2	3	143	4	6	91	7	6	3	17	7	1	4	9	3	45	3	4	13	3	14	11	347	4	15	6	6	11	9	9	2	2	100	4	0	5	6	13	2	7	1	6	10	20	6	2	0	96	0	14	10	2	6	7	10	14	16	281	15	1	8	3	3	1	6	9	25	6	10	4	3	7	205	2	6	419	9	210	9
G[Ins(T):R(5,7)]G	519	739	2210	354	989	1797	552	16	8	4	4	7	5	6	8	5	15	2140	4	9	10	2	6	4	8	889	3	8	8	8	10	10	4	6	12	371	60	2	7	5	5	18	3	6	7	238	8	9	149	11	7	6	12	11	1	9	8	10	88	3	4	5	4	13	17	481	9	32	17	10	22	9	12	6	4	186	5	2	11	14	22	6	6	2	3	13	16	12	3	1	192	3	24	6	6	8	13	10	13	13	423	19	2	1	4	4	5	12	12	18	12	7	3	2	8	389	3	14	769	10	407	10
A[Ins(T):R(8,)]A	391	780	2605	485	1002	1839	647	13	18	4	9	8	15	15	8	7	15	2292	7	11	3	7	10	2	11	1061	2	5	12	5	10	12	9	9	7	273	184	5	13	11	4	14	5	4	3	205	10	12	122	4	11	8	40	19	6	20	12	22	155	7	7	12	10	29	43	569	22	42	10	20	46	25	12	14	16	235	13	3	11	15	38	12	14	4	11	32	40	14	8	3	260	2	44	17	7	12	16	33	17	29	535	22	5	12	7	13	7	10	18	51	15	17	8	10	18	446	13	8	1092	25	427	18
A[Ins(T):R(8,)]C	340	684	2701	381	754	2006	531	9	9	11	7	14	5	14	6	7	10	1725	5	15	6	5	8	5	11	870	5	5	8	6	17	16	7	4	6	243	205	2	15	6	9	16	9	11	8	200	6	9	101	5	9	11	41	19	7	23	16	18	108	14	8	20	8	18	41	462	13	30	12	20	24	8	19	10	11	206	11	3	16	25	44	10	21	4	11	20	23	13	8	5	181	1	38	9	7	6	24	18	19	27	434	29	5	10	4	5	7	9	14	42	19	10	5	7	11	402	12	10	947	23	392	13
A[Ins(T):R(8,)]G	385	716	1881	389	879	1264	556	8	14	6	6	10	7	10	3	7	7	1932	4	8	7	4	6	2	11	930	3	5	12	5	18	9	10	9	10	189	68	1	12	13	7	10	9	7	4	204	7	8	120	3	5	9	33	23	3	17	11	14	171	16	7	20	4	25	52	444	11	26	15	9	37	13	21	10	16	184	7	2	13	13	41	15	18	4	9	13	22	17	3	6	234	2	36	10	6	10	13	15	19	37	485	19	4	7	1	11	5	14	8	41	11	11	9	10	6	414	9	2	1035	17	442	11
C[Ins(T):R(8,)]A	260	502	1399	332	558	1206	372	5	4	5	1	4	8	8	6	4	6	1422	2	2	5	2	2	0	5	677	1	7	7	7	11	6	1	8	6	171	52	3	5	7	5	11	5	1	4	138	5	4	88	4	6	9	21	13	1	5	10	13	90	2	1	12	6	17	21	289	13	22	8	13	25	6	15	7	8	146	7	4	9	11	20	8	5	1	1	7	27	8	4	1	174	3	21	5	2	2	12	10	8	16	258	10	4	3	3	5	1	5	11	23	5	4	3	4	7	272	6	4	679	12	288	6
C[Ins(T):R(8,)]C	301	501	2490	309	627	1983	403	5	10	2	2	7	1	4	1	3	8	1374	10	7	3	1	3	2	4	727	8	3	4	2	8	9	4	2	3	179	98	4	3	8	5	13	2	4	4	142	3	8	84	2	5	6	20	12	3	7	6	11	98	11	7	10	3	16	24	309	9	15	8	7	28	7	9	5	4	172	7	5	6	4	25	16	10	2	5	11	18	7	2	1	177	4	20	6	3	6	4	12	11	21	249	12	3	5	3	3	5	8	14	22	7	6	3	3	9	308	1	6	733	10	325	9
C[Ins(T):R(8,)]G	361	698	1898	437	708	1438	581	7	6	5	3	5	8	10	2	5	3	2142	6	10	9	3	3	3	11	1024	3	1	3	7	19	10	8	4	4	217	38	3	18	2	3	19	2	4	3	203	3	7	129	1	4	5	29	18	5	11	14	7	173	12	6	15	2	24	24	362	6	23	5	9	17	3	16	12	15	220	4	2	11	11	27	8	11	3	5	16	18	6	5	3	278	2	27	11	7	10	11	17	16	21	343	17	3	10	2	7	4	8	6	37	10	11	1	3	4	355	5	6	916	8	423	11
G[Ins(T):R(8,)]A	286	523	1113	277	628	737	381	4	5	1	2	4	4	5	2	2	8	1386	3	3	1	2	3	3	3	676	3	5	3	2	8	5	2	1	2	161	64	3	6	8	0	5	3	7	3	153	4	7	76	0	3	2	13	9	2	3	8	3	74	2	2	7	3	9	14	319	12	14	5	9	19	9	11	4	5	167	9	2	9	13	21	4	6	2	4	10	22	9	0	2	165	2	16	4	5	12	14	10	14	7	308	10	6	11	4	3	3	13	8	21	14	4	1	6	9	318	4	8	671	11	298	8
G[Ins(T):R(8,)]C	289	508	1391	241	540	1005	369	8	8	6	5	5	7	5	2	2	3	1182	3	4	4	1	8	3	10	577	1	2	4	6	9	3	0	8	4	131	91	5	9	4	2	3	2	4	1	130	4	1	65	0	6	6	14	11	1	6	8	10	103	5	3	15	3	9	23	292	14	18	9	12	19	9	7	7	8	143	12	7	5	13	26	6	15	3	4	13	16	5	5	4	156	3	13	2	6	8	12	14	12	18	280	13	2	8	2	5	6	11	8	24	9	3	2	5	4	335	4	5	653	12	261	8
G[Ins(T):R(8,)]G	358	690	1302	404	710	824	555	3	11	4	5	6	5	4	3	6	2	1776	3	8	5	0	5	2	7	952	6	5	4	4	6	5	6	2	6	182	49	0	7	11	4	8	7	1	4	186	5	7	99	4	2	2	34	15	5	11	10	12	144	6	7	10	1	7	31	376	9	24	10	9	22	6	13	3	5	188	6	2	6	11	27	11	11	2	4	17	23	7	11	2	257	2	21	8	5	7	13	15	9	22	319	8	4	9	0	10	8	8	14	26	8	11	3	4	3	421	7	5	1044	8	392	11
Del(2,4):R1	34	94	86	66	195	85	90	12	6	13	10	7	6	5	6	10	4	73	14	13	10	3	12	4	2	104	11	3	19	21	9	7	13	12	7	39	13	10	6	9	9	13	12	13	10	32	15	21	17	19	15	8	9	25	6	18	14	32	56	13	10	11	24	23	16	181	25	43	23	8	7	12	11	5	22	69	20	10	7	15	22	12	20	4	9	49	9	28	5	9	58	28	17	14	26	29	19	50	10	36	180	12	7	10	16	12	11	10	44	18	9	15	30	10	55	315	39	40	352	5	117	15
Del(5,):R1	7	12	11	20	23	14	7	13	10	15	10	15	10	11	10	8	7	30	11	13	14	7	9	13	8	17	11	7	17	45	4	6	20	8	4	7	14	98	9	19	18	8	15	21	11	15	14	22	17	21	17	8	22	38	6	14	24	89	22	19	15	59	69	22	27	137	24	93	35	19	29	22	34	16	18	40	6	25	12	23	27	46	21	20	34	186	25	28	34	16	27	16	27	29	84	47	10	198	17	36	23	22	6	18	53	40	18	18	70	20	12	23	43	7	79	42	63	78	56	8	19	9
Del(2,8):U(1,2):R(2,4)	235	422	426	370	1024	431	442	28	14	19	17	15	14	15	15	21	11	166	30	16	7	12	11	11	10	390	7	16	19	23	18	12	18	12	15	245	37	14	11	13	16	10	23	32	20	164	28	26	162	26	28	16	26	40	11	21	24	51	148	10	13	32	19	30	18	431	21	44	17	13	21	16	17	15	22	144	19	6	18	42	45	10	38	7	19	44	27	19	10	9	211	30	29	22	19	22	42	51	20	24	432	15	10	16	16	15	17	19	38	26	8	23	24	13	49	1062	24	24	779	13	360	18
Del(2,):U(1,2):R(5,)	541	1186	1334	1061	2928	1213	1030	6	3	5	3	3	5	3	4	2	3	440	4	7	7	1	2	2	4	871	3	4	4	4	2	11	10	5	4	416	8	4	2	2	4	6	10	3	6	277	6	5	211	10	7	7	5	19	3	20	5	14	364	10	0	9	9	15	16	1511	8	12	7	6	7	4	5	6	8	559	4	5	3	18	14	6	11	3	14	31	8	14	7	3	590	12	13	4	7	4	15	21	6	13	1522	6	8	6	5	4	6	5	13	10	3	4	7	2	8	4325	12	16	2688	6	1377	6
Del(3,):U(3,):R2	119	210	182	176	537	153	224	18	18	25	13	15	9	11	18	14	12	77	56	12	11	10	12	10	18	190	18	12	40	31	12	15	8	6	19	151	26	19	26	13	13	14	20	33	13	97	20	25	105	41	31	5	30	28	6	34	21	22	63	12	16	26	14	22	20	198	21	31	21	9	21	16	21	6	32	68	14	12	18	32	35	12	44	9	19	42	32	15	8	8	91	15	29	10	26	13	26	39	18	15	183	12	10	17	12	14	10	18	30	25	12	13	17	9	39	361	13	13	284	15	134	23
Del(3,):U(3,):R(3,)	99	196	175	183	445	148	197	11	7	19	10	4	4	9	6	7	5	61	15	17	9	6	4	7	4	205	9	8	8	5	8	12	30	6	4	89	5	6	5	3	3	6	8	10	13	77	5	14	69	25	16	0	15	17	5	19	10	10	70	4	5	11	5	14	9	173	11	7	3	6	6	7	8	7	12	79	10	5	8	12	17	6	28	3	12	27	15	14	8	3	95	3	27	5	5	7	8	30	5	8	166	7	5	11	3	9	3	9	10	18	7	8	10	8	15	602	8	4	448	5	202	8
Ins(2,4):R0	15	52	63	28	49	57	41	6	3	2	3	6	2	2	0	2	18	158	3	2	2	1	3	5	1	61	1	3	2	1	2	2	2	3	4	11	34	4	2	0	3	3	5	1	1	8	5	2	5	4	4	11	20	22	36	8	8	22	92	13	15	19	10	16	23	118	17	20	16	9	20	14	26	10	9	64	10	18	26	17	26	19	13	7	14	67	24	18	9	14	68	53	26	10	14	8	59	71	23	16	100	23	3	15	7	15	13	20	17	16	14	9	25	6	18	222	17	10	525	17	99	19
Ins(5,):R0	4	7	14	13	16	11	9	2	0	3	3	3	3	2	3	0	3	36	1	3	1	1	2	1	1	17	0	0	1	2	0	0	2	3	0	6	17	5	1	3	8	4	2	2	0	1	2	2	5	6	1	9	38	50	12	22	55	97	91	47	19	98	43	32	57	342	60	16	36	26	51	59	99	34	54	128	20	52	29	43	44	79	38	41	61	120	37	92	61	23	153	29	66	31	22	45	47	113	31	33	115	49	16	19	27	64	20	35	38	33	13	16	20	4	16	172	49	47	518	14	153	21
Ins(2,4):R1	8	31	20	7	20	12	24	4	4	8	2	0	1	4	2	3	8	65	4	2	1	7	5	2	4	21	6	7	7	5	5	4	6	4	7	6	8	3	3	5	6	7	3	2	1	9	3	6	7	14	2	6	5	17	8	5	10	1	20	3	3	10	3	4	7	15	7	16	11	6	8	10	12	4	7	17	2	6	9	8	26	8	11	8	6	12	8	13	2	10	23	32	14	12	8	6	19	16	10	14	17	4	4	10	2	6	2	9	14	10	7	11	17	5	12	43	18	14	72	1	14	10
Ins(5,):R1	5	6	12	5	15	5	8	8	1	18	5	5	4	2	7	3	2	13	12	9	6	5	13	4	10	26	4	6	10	7	6	2	5	7	7	2	16	8	9	2	9	6	6	5	8	8	4	7	1	8	2	12	3	16	2	9	10	9	12	4	3	11	2	11	8	5	4	17	1	5	8	8	7	5	8	10	5	6	15	24	12	9	2	13	20	28	10	6	5	13	5	8	11	10	8	3	21	32	12	6	7	5	5	12	3	2	1	9	14	16	7	11	14	1	13	18	9	12	17	2	12	7
Ins(2,):R(2,4)	116	224	283	146	283	271	176	5	5	7	4	3	6	5	4	5	6	592	1	7	5	4	2	3	5	289	3	4	4	8	10	4	4	7	17	50	32	2	3	2	6	9	6	6	4	61	1	9	52	11	6	6	17	19	1	10	11	11	54	5	4	10	8	9	11	191	12	18	6	7	12	8	10	7	7	70	6	4	5	20	31	8	9	4	11	23	10	11	4	5	112	13	18	6	5	10	18	19	15	11	189	7	5	10	4	10	4	12	13	14	8	7	9	7	4	206	13	8	426	7	150	14
Ins(2,):R(5,)	660	1185	1654	738	1645	1387	993	7	14	6	2	10	7	12	2	9	5	3713	4	6	6	6	6	1	10	1657	6	7	7	6	17	2	3	8	9	209	60	2	11	16	5	5	7	7	2	333	9	9	191	9	11	9	28	30	3	27	20	22	229	15	10	15	6	16	34	895	31	38	17	28	32	15	31	14	8	400	16	5	9	18	48	19	21	2	14	26	32	20	9	5	519	7	54	8	13	13	14	23	33	35	976	13	7	12	2	10	6	22	22	44	17	8	12	16	14	1031	14	11	2433	18	760	23
Del(2,5):M1	52	98	95	83	226	94	83	5	2	16	8	11	5	7	11	13	11	89	23	8	11	6	9	8	11	97	12	6	13	16	15	4	17	9	12	71	15	11	17	8	13	8	17	13	13	47	15	16	50	22	14	10	18	28	7	16	16	41	52	13	5	20	31	14	24	156	16	53	33	10	16	10	14	10	23	40	13	7	10	30	34	11	42	5	12	62	27	13	14	5	69	15	25	16	19	19	27	58	12	26	167	16	10	4	33	11	11	11	43	25	7	13	30	4	54	343	34	50	363	5	111	10
Del(3,5):M2	79	120	99	95	292	83	132	9	8	13	7	3	13	8	8	15	4	58	34	10	11	9	8	15	19	116	6	9	13	23	12	9	10	12	14	80	22	12	10	9	8	9	20	17	3	54	13	17	50	18	18	9	14	13	7	22	18	25	35	9	8	10	17	25	13	132	15	28	13	8	7	14	9	3	19	53	11	7	7	20	20	14	19	3	16	66	17	14	11	5	64	16	14	12	24	18	17	64	13	13	129	9	11	7	7	9	3	12	38	16	10	14	18	10	34	282	24	19	217	9	84	18
Del(4,5):M(3,4)	33	47	31	37	102	32	40	8	4	10	8	6	5	5	5	9	10	32	17	3	5	3	3	8	5	43	3	0	7	16	9	2	7	4	2	22	6	7	6	5	1	6	7	10	6	16	9	9	23	9	15	7	9	13	2	14	9	15	14	5	3	3	1	9	7	61	7	9	5	2	6	5	7	4	10	20	6	3	3	26	20	10	24	2	16	44	11	7	1	3	23	8	6	2	15	11	27	41	6	4	51	2	4	4	1	5	2	4	12	9	3	2	5	2	16	92	7	6	91	3	41	8
Del(6,):M1	6	13	14	16	15	10	6	14	6	12	10	11	5	8	6	15	7	16	12	4	10	8	4	10	4	13	5	2	19	67	7	5	13	13	2	15	9	157	5	14	6	17	7	7	13	15	6	15	6	20	10	10	14	22	10	17	23	64	40	24	11	20	60	16	18	75	17	60	19	7	21	10	15	7	11	25	7	12	6	16	18	15	9	9	16	217	17	21	12	10	45	8	23	24	76	39	14	213	10	35	49	18	8	12	40	21	9	15	59	11	10	19	35	4	79	136	52	73	145	6	59	10
Del(6,):M2	7	11	6	10	13	9	12	15	3	7	11	10	5	3	3	11	7	7	25	9	5	15	5	4	5	7	8	8	28	100	4	3	9	13	5	10	7	173	5	6	6	8	17	9	6	8	11	8	2	17	19	2	6	10	3	12	12	44	9	22	6	16	23	11	7	33	8	34	23	4	12	5	4	7	20	13	6	13	3	14	13	16	10	4	5	379	4	30	7	5	17	11	12	9	114	37	10	380	10	16	10	11	7	9	12	27	5	8	69	5	8	13	30	7	34	18	42	53	31	4	10	19
Del(6,):M3	5	6	8	8	2	6	5	3	1	7	5	10	1	2	2	8	5	11	13	7	5	0	3	4	3	5	2	7	24	80	1	4	12	5	1	5	3	113	10	7	4	5	11	10	3	6	6	9	1	13	15	2	4	4	0	11	7	22	13	20	0	7	10	8	6	9	8	12	12	2	2	2	4	2	11	9	2	5	6	11	4	8	7	2	1	293	9	15	6	3	8	3	17	11	58	12	10	289	9	13	14	4	5	4	11	19	3	5	44	7	4	14	17	4	28	25	20	22	24	1	7	6
Del(6,):M(4,)	5	16	7	10	11	8	9	5	5	8	7	14	5	5	3	10	6	17	15	9	3	7	0	6	1	9	2	3	17	101	5	6	12	5	4	3	4	106	4	6	9	4	12	7	0	1	6	5	5	12	12	8	4	12	3	12	16	23	10	16	3	12	12	15	11	23	9	22	16	4	5	4	4	7	12	10	0	7	6	14	16	8	4	3	2	338	12	25	1	3	13	7	13	6	88	8	15	339	9	8	21	9	11	11	8	22	4	16	48	6	4	6	15	5	16	60	16	19	54	4	18	12
Complex	0	0	0	0	0	0	0	0	0	0	0	0	0	0	0	0	0	0	0	0	0	0	0	0	0	0	0	0	0	0	0	0	0	0	0	0	0	0	0	0	0	0	0	0	0	0	0	0	0	0	0	0	0	0	0	0	0	0	0	0	0	0	0	0	0	0	0	0	0	0	0	0	0	0	0	0	0	0	0	0	0	0	0	0	0	0	0	0	0	0	0	0	0	0	0	0	0	0	0	0	0	0	0	0	0	0	0	0	0	0	0	0	0	0	0	0	0	0	0	0	0	0
