MutationType	CPCT02020389T	CPCT02080033T	CPCT02060156T	DRUP01340014T	DRUP01010121T	CPCT02130034T	CPCT02260015T	CPCT02220071T	CPCT02010710T	CPCT02340068T	CPCT02130050T	DRUP01060016T	CPCT02260017T	CPCT02020682T	DRUP01030013T	CPCT02130059T	WIDE01010296T	CPCT02380044T	CPCT02060117T	CPCT02080220T	CPCT02210056T	CPCT02020734T	CPCT02020716T	CPCT02080226T	DRUP01080014T	DRUP01270003T	CPCT02190044T	CPCT02130131T	CPCT02220054T	CPCT02330075T	CPCT02130134T	CPCT02130148T	CPCT02070381T	DRUP01070053T	DRUP01060025T	DRUP01100007T	CPCT02380019T	CPCT02020598T	DRUP01070059T	CPCT02080152T	CPCT02070406T	CPCT02450002T	DRUP01070024T	DRUP01060027T	CPCT02030381T	DRUP01220005T	CPCT02370010T	CPCT02020623T	CPCT02290023T	DRUP01010022T	CPCT02070159T	CPCT02030354T	CPCT02020565T	CPCT02060114T	CPCT02060118T	CPCT02220002T	DRUP01030002T	CPCT02070060T	CPCT02030320T	CPCT02060035T	CPCT02070110T	CPCT02020492T	CPCT02030327T	CPCT02020503T	CPCT02380029T	CPCT02020636T	CPCT02130013T	DRUP01110002T	WIDE01010639T	DRUP01010167T	WIDE01010570T
[Del(C):R1]A	5	5	7	7	9	9	23	42	4	8	20	15	15	13	87	29	27	14	5	11	5	6	6	5	37	14	8	31	13	14	14	11	3	8	27	11	19	9	3	40	11	17	18	15	10	13	31	31	9	90	11	4	4	12	8	8	7	26	2	3	18	36	9	33	175	22	33	182	5	52	19
[Del(C):R1]T	8	7	11	5	16	41	27	21	10	9	26	14	11	22	75	25	39	42	6	11	2	4	5	22	20	15	16	55	20	18	22	34	7	22	78	15	31	16	7	22	22	31	15	33	10	25	78	35	16	105	25	7	7	11	24	7	16	32	4	9	12	31	9	34	142	20	20	146	9	38	28
[Del(C):R2]A	3	4	3	1	6	13	10	14	2	1	15	6	9	6	26	6	23	15	7	10	1	1	9	9	14	7	11	5	3	8	6	8	2	0	13	5	9	3	3	16	15	7	8	12	7	3	16	9	12	38	11	1	2	3	5	1	12	23	4	4	9	8	2	19	47	20	17	49	3	16	13
[Del(C):R2]T	2	6	10	6	3	17	5	13	2	8	8	9	12	12	39	7	28	10	1	7	8	3	7	11	16	8	13	14	6	12	9	14	5	5	29	14	20	6	5	17	18	8	7	9	8	8	27	11	13	48	13	4	1	9	6	5	12	13	6	5	8	12	7	19	41	17	10	72	3	35	15
[Del(C):R3]A	0	2	2	1	9	4	8	3	2	2	10	11	3	9	51	9	15	11	3	5	0	2	0	3	16	7	4	6	2	8	5	2	3	1	10	2	11	3	3	18	9	4	5	11	3	4	11	4	4	37	8	1	2	5	2	2	2	13	3	2	7	10	2	10	44	8	20	42	0	32	8
[Del(C):R3]T	1	4	1	4	3	4	9	12	0	5	3	4	2	3	41	8	10	14	1	2	0	0	1	4	15	5	6	4	6	3	3	2	4	2	11	2	4	3	3	16	8	1	6	6	2	5	11	5	7	37	3	0	4	3	2	0	3	6	4	1	7	3	1	11	41	10	8	55	1	30	6
[Del(C):R(4,5)]A	0	4	7	0	6	5	3	60	5	1	4	7	7	5	523	4	8	9	1	1	1	3	1	3	153	1	3	6	3	5	1	2	1	1	15	2	9	3	1	130	5	4	0	10	3	4	14	4	3	393	8	1	2	8	3	3	7	12	2	2	1	6	1	2	471	8	4	497	1	356	16
[Del(C):R(4,5)]T	2	3	4	1	5	10	3	62	4	1	7	3	5	2	403	7	4	3	1	4	1	3	1	2	128	5	4	3	2	2	2	8	6	2	8	3	3	2	5	152	2	3	2	6	5	1	9	1	0	358	5	2	3	3	4	3	6	4	1	2	2	2	2	10	491	4	6	553	4	383	12
[Del(C):R(1,5)]G	3	7	8	2	11	5	5	57	6	5	8	10	6	4	159	3	5	9	2	4	9	0	1	5	66	2	11	9	8	9	7	5	4	2	15	6	12	2	5	84	19	2	8	12	8	9	15	0	9	141	3	1	2	7	7	3	5	12	1	0	8	8	3	11	271	9	8	298	2	181	13
Del(C):R(6,9)	1	9	20	4	21	6	11	489	10	9	6	3	6	18	2338	4	10	9	6	6	6	4	1	5	775	5	5	7	4	13	5	3	2	2	12	12	8	4	2	934	5	11	2	8	1	7	13	8	5	2194	6	4	2	2	9	2	4	6	7	5	1	7	4	7	3173	5	6	3341	8	1867	8
A[Del(T):R(1,4)]A	7	11	18	5	19	14	27	71	14	13	12	15	14	23	219	11	26	13	5	5	2	4	3	10	87	6	12	5	10	19	11	19	4	11	31	12	10	10	6	92	15	18	9	21	16	9	28	10	16	188	5	4	11	12	9	4	5	20	10	1	10	17	8	25	384	24	24	348	3	163	19
A[Del(T):R(1,4)]C	2	8	4	0	6	1	14	21	4	2	3	9	4	7	69	2	24	10	0	4	5	2	3	5	44	1	5	1	8	7	8	3	2	0	11	4	10	2	2	25	6	5	5	3	11	7	10	3	7	80	2	3	5	4	5	0	7	9	0	0	6	9	7	12	141	17	19	124	0	88	8
A[Del(T):R(1,4)]G	2	4	10	6	4	5	14	25	10	6	7	13	3	8	86	6	11	5	3	1	3	2	2	10	40	5	6	4	5	11	4	12	5	5	12	5	15	7	3	24	8	5	1	5	8	2	12	4	7	68	2	3	2	3	0	4	1	15	2	1	2	4	4	13	148	14	9	130	4	74	4
C[Del(T):R(1,4)]A	3	7	6	5	2	8	13	30	2	5	10	11	12	8	99	6	26	9	6	1	6	0	1	10	37	4	6	1	6	12	5	5	3	2	23	7	11	0	3	33	11	9	6	13	12	7	22	4	11	91	4	7	3	8	4	3	5	11	2	0	7	9	5	10	218	15	10	142	4	106	9
C[Del(T):R(1,4)]C	2	7	7	6	9	9	19	44	4	8	5	17	12	9	122	7	16	9	5	8	3	4	3	7	65	4	6	3	7	6	3	5	5	5	11	5	10	3	6	63	12	4	5	11	8	9	10	4	6	116	3	4	2	14	8	4	5	13	3	7	5	10	8	13	252	18	16	192	4	126	8
C[Del(T):R(1,4)]G	2	4	14	4	7	4	11	29	8	6	10	11	7	10	86	1	14	7	3	4	7	2	3	13	38	0	7	4	8	6	4	9	3	7	23	5	11	3	2	26	10	5	5	10	6	7	24	1	12	73	2	5	0	5	9	4	3	10	3	3	5	10	3	17	166	10	9	150	0	99	4
G[Del(T):R(1,4)]A	1	3	4	0	3	8	8	14	8	0	5	6	8	8	86	2	10	8	0	1	4	0	3	8	43	2	7	0	8	5	6	4	4	4	13	2	7	3	5	16	6	9	4	10	4	6	11	6	1	74	1	2	4	6	4	2	1	10	6	2	4	4	1	9	134	9	13	92	1	54	6
G[Del(T):R(1,4)]C	2	1	5	0	1	7	10	16	3	1	2	6	5	5	83	4	9	8	1	0	6	0	2	2	40	3	10	0	1	1	2	4	0	5	16	4	5	1	0	15	11	1	2	10	6	1	14	2	5	88	5	3	3	3	3	1	2	5	3	1	2	11	2	5	134	10	12	83	1	55	1
G[Del(T):R(1,4)]G	2	4	5	2	8	3	9	18	2	4	6	3	9	10	93	4	10	7	2	6	2	3	1	4	62	4	6	2	1	7	4	7	1	1	20	1	7	3	2	33	11	2	1	12	7	3	18	5	4	89	6	4	0	3	7	1	3	15	1	1	3	11	1	10	135	18	10	143	1	76	2
A[Del(T):R(5,7)]A	6	8	25	2	38	9	29	630	14	2	11	8	9	91	2243	10	19	1	13	4	9	10	5	9	857	8	4	7	22	20	8	12	0	11	30	15	13	6	0	894	6	30	7	10	4	20	28	21	8	2536	5	7	8	6	6	4	2	9	15	10	7	10	6	12	3959	15	13	3337	19	1996	21
A[Del(T):R(5,7)]C	8	6	11	2	19	8	13	226	5	3	6	3	11	38	1004	9	13	0	4	4	4	5	8	3	491	6	5	5	4	22	4	3	1	6	6	10	4	2	1	343	5	14	1	6	3	4	8	16	11	1013	0	1	3	2	3	4	2	13	9	8	2	4	5	15	2055	6	11	1534	8	965	10
A[Del(T):R(5,7)]G	2	7	15	1	15	7	14	409	7	1	9	8	11	39	1737	6	11	2	0	4	9	5	0	4	595	5	6	4	7	11	4	3	0	3	17	3	10	1	3	578	7	13	3	8	2	8	17	16	8	1686	3	4	2	5	2	1	3	9	9	6	3	3	6	4	2883	6	5	2148	10	1340	9
C[Del(T):R(5,7)]A	9	2	6	2	8	10	14	372	6	4	8	4	15	28	1383	5	16	2	3	4	2	4	2	0	483	3	3	0	7	9	4	10	1	3	7	10	6	3	1	521	3	13	7	2	4	6	6	7	4	1440	1	2	2	3	2	2	5	8	7	4	7	2	6	6	2349	4	5	1787	8	1070	9
C[Del(T):R(5,7)]C	3	1	7	1	6	6	8	268	4	1	2	4	12	25	992	4	7	6	5	1	2	3	0	4	579	3	4	7	3	7	2	4	0	2	8	4	4	3	0	350	3	8	1	4	1	5	7	6	3	1084	0	4	0	3	5	2	5	9	5	1	1	1	3	9	1993	3	2	1635	4	936	11
C[Del(T):R(5,7)]G	2	6	13	0	11	6	13	310	4	0	5	2	4	16	1186	2	7	2	5	1	4	1	1	2	459	1	1	0	6	7	3	3	0	3	11	9	1	1	0	479	1	10	1	2	2	5	9	7	4	1310	1	4	3	2	3	2	5	4	0	2	1	3	3	6	2103	2	4	1738	2	999	6
G[Del(T):R(5,7)]A	2	4	7	2	3	6	12	177	4	2	2	1	10	13	807	1	9	1	2	1	2	2	3	5	479	2	1	1	4	8	3	5	0	4	9	4	2	2	0	230	1	5	5	6	0	6	10	7	4	1047	1	3	1	2	6	2	2	4	1	1	5	3	4	5	1434	4	5	1078	4	596	8
G[Del(T):R(5,7)]C	4	2	5	0	6	4	4	107	9	0	2	0	6	16	589	4	9	2	1	4	2	3	1	2	368	2	2	0	2	5	1	3	1	4	2	3	1	0	1	169	3	6	3	3	1	2	3	7	2	607	2	2	2	0	0	1	3	7	7	4	2	5	2	1	1220	3	4	877	4	541	9
G[Del(T):R(5,7)]G	3	2	3	0	5	9	9	153	6	1	3	2	5	17	663	5	6	2	0	6	2	0	2	4	382	2	3	1	3	9	5	5	0	3	13	4	4	3	0	235	3	1	1	4	3	6	10	8	3	746	4	1	1	1	4	2	1	10	3	1	1	2	2	4	1164	2	1	976	3	565	4
A[Del(T):R(8,)]A	18	16	38	6	83	12	39	1440	17	11	16	5	19	104	3850	22	34	7	9	10	6	6	2	7	1774	11	6	7	26	54	5	10	1	18	12	25	5	6	1	2054	4	69	3	9	4	23	10	30	22	4326	4	12	9	3	11	8	8	22	19	13	4	5	8	25	7414	10	12	6534	13	3554	26
A[Del(T):R(8,)]C	16	7	25	3	48	9	40	657	17	3	8	5	16	84	2432	10	24	8	9	6	9	8	4	11	1266	8	3	8	25	26	3	8	2	5	9	29	2	2	2	945	3	44	0	2	3	23	9	24	17	2545	1	6	5	5	8	2	11	17	16	10	0	2	13	16	4839	10	11	3917	14	2166	29
A[Del(T):R(8,)]G	3	4	21	2	32	9	22	847	9	3	10	3	15	41	2402	15	7	3	3	4	6	5	3	0	1014	6	2	6	8	22	4	6	1	5	6	15	3	0	1	1124	1	26	4	3	3	9	6	14	13	2636	1	4	5	0	2	4	1	12	9	6	5	0	7	16	4747	6	6	4096	8	2116	13
C[Del(T):R(8,)]A	16	1	22	3	28	9	28	957	14	2	14	1	18	52	3650	12	13	5	10	8	6	9	3	3	1275	9	4	3	12	27	4	6	0	6	5	16	1	3	0	1400	3	25	0	5	3	15	4	15	14	3496	1	7	4	1	3	0	1	10	10	10	0	5	5	11	5519	7	10	4754	17	2295	15
C[Del(T):R(8,)]C	14	7	28	0	22	6	26	875	9	2	13	4	23	43	3229	15	13	8	4	10	6	11	3	2	1797	16	4	7	9	24	4	8	0	9	8	23	3	0	0	1189	4	22	2	2	0	11	5	14	13	3516	4	5	5	4	4	2	4	15	13	11	2	0	5	14	5573	4	10	4500	13	2295	21
C[Del(T):R(8,)]G	6	2	13	2	18	6	22	1267	7	2	1	2	16	48	3763	11	10	4	4	3	4	5	2	3	1518	6	1	6	9	29	3	7	1	8	5	14	2	0	1	1783	0	25	0	4	1	7	5	13	8	4009	2	4	6	1	4	7	1	9	12	2	0	4	6	5	6754	6	6	5660	12	2723	7
G[Del(T):R(8,)]A	8	2	16	0	7	9	11	482	8	2	1	1	5	37	1851	8	11	2	1	6	2	1	0	1	1031	4	0	0	8	6	1	4	0	2	6	8	3	3	0	773	0	11	1	3	2	5	4	13	4	2155	1	3	2	1	3	1	3	8	10	4	1	4	6	4	3448	5	4	2602	9	1363	10
G[Del(T):R(8,)]C	9	4	14	1	8	5	4	321	7	1	7	6	11	34	1304	7	11	0	3	3	3	3	1	1	725	8	2	4	9	13	1	1	0	2	4	14	2	1	0	473	2	14	3	2	0	8	5	6	3	1415	1	2	0	3	1	1	4	3	3	6	3	1	5	6	2605	1	7	2019	7	1111	10
G[Del(T):R(8,)]G	3	2	8	0	8	3	8	406	3	0	3	0	7	19	1538	6	2	3	5	1	2	2	3	0	729	5	0	2	6	11	1	2	0	1	4	7	2	1	0	646	0	15	0	3	0	12	3	6	4	1611	0	1	0	0	3	3	3	8	5	1	0	0	0	2	2955	0	2	2327	3	1177	11
A[Ins(C):R0]A	3	2	3	1	0	1	4	8	0	1	1	0	10	3	12	0	4	0	0	0	0	0	1	4	6	0	0	5	3	2	1	3	0	2	5	0	1	0	0	9	1	3	1	1	0	3	5	1	0	16	2	3	1	0	2	0	3	1	3	0	1	1	2	2	26	2	4	42	1	8	6
A[Ins(C):R0]T	0	1	2	0	0	0	5	1	0	0	0	0	2	0	1	0	0	0	0	1	0	0	0	0	0	0	0	2	0	1	1	2	0	0	3	2	2	0	0	0	5	0	0	1	0	0	4	0	0	1	0	1	1	0	1	0	2	1	0	2	0	0	0	0	3	0	0	3	0	2	5
Ins(C):R(0,3)	6	6	12	94	5	9	9	33	10	3	8	10	14	13	80	6	18	19	4	5	10	13	5	10	35	3	9	13	7	10	12	6	4	12	22	14	19	3	16	46	38	10	13	12	14	111	24	11	9	68	9	8	8	6	11	7	7	21	8	6	9	10	7	13	105	12	11	150	5	86	16
Ins(C):R(4,6)	3	8	7	17	4	4	4	95	5	8	8	4	6	8	292	3	12	5	8	11	7	6	6	5	142	2	6	3	4	6	4	3	3	5	5	12	6	3	40	106	5	9	6	2	3	21	5	7	7	317	4	0	2	2	2	2	8	3	5	6	3	4	5	5	356	8	8	637	7	425	7
Ins(C):R(7,)	3	9	14	4	11	5	8	141	7	3	6	5	12	11	276	7	11	17	9	15	10	9	1	7	237	4	1	3	7	17	3	4	2	2	6	9	5	2	5	173	0	8	5	3	8	11	8	6	10	372	10	2	4	8	2	5	8	6	18	8	1	5	2	10	414	8	5	765	9	340	11
A[Ins(T):R(0,4)]A	7	9	7	3	8	7	14	39	7	4	4	5	10	18	128	11	15	2	12	10	8	7	3	15	39	8	5	2	8	18	8	14	1	6	25	11	9	6	2	45	10	20	9	4	8	8	23	5	16	109	6	4	3	4	5	4	5	20	18	9	8	6	5	6	130	9	12	199	6	89	8
A[Ins(T):R(0,4)]C	0	4	1	2	4	2	1	12	1	2	0	3	2	4	62	1	3	5	2	4	3	0	2	1	18	1	2	2	2	3	1	2	2	1	12	1	1	2	2	13	4	12	3	1	3	3	12	2	1	30	4	1	2	1	1	1	1	4	1	1	3	3	3	0	45	6	8	81	2	48	3
A[Ins(T):R(0,4)]G	3	3	2	4	5	4	6	18	7	2	5	3	6	13	109	1	6	4	1	0	1	0	1	4	24	1	1	1	3	6	0	1	0	6	11	3	3	1	1	34	1	14	2	3	0	10	10	3	3	72	7	2	3	1	1	2	3	3	5	0	3	2	2	6	102	5	7	152	2	103	8
C[Ins(T):R(0,4)]A	0	4	4	1	2	4	1	8	1	2	3	1	8	3	48	0	4	3	2	7	1	2	4	3	19	0	2	0	7	7	2	3	1	3	6	5	3	2	2	15	10	6	2	0	4	7	6	3	5	38	2	3	0	0	0	2	7	1	2	2	2	4	2	3	32	3	8	57	2	28	1
C[Ins(T):R(0,4)]C	3	3	3	11	3	3	1	16	5	0	5	4	2	5	70	7	13	3	4	4	1	5	0	3	17	5	1	7	6	3	3	7	4	2	10	5	3	0	6	21	4	10	4	1	3	17	8	4	2	54	5	0	2	5	4	2	2	7	3	2	2	3	2	3	53	1	2	107	4	50	4
C[Ins(T):R(0,4)]G	1	1	4	3	4	6	2	15	3	4	1	4	1	5	114	0	7	10	2	4	1	2	0	4	26	0	1	4	5	6	3	1	2	1	6	2	7	2	1	19	8	5	1	1	2	3	5	2	4	76	3	1	4	3	2	1	3	5	0	2	1	3	3	5	64	1	9	144	0	109	6
G[Ins(T):R(0,4)]A	3	5	2	26	9	7	5	9	4	7	4	6	8	4	15	7	23	22	1	3	3	0	1	7	13	6	3	1	9	7	5	9	3	4	8	5	10	4	3	9	6	3	8	3	3	34	7	3	3	23	4	5	2	5	6	1	9	4	3	4	8	3	2	10	15	7	33	34	5	19	25
G[Ins(T):R(0,4)]C	0	1	0	1	6	7	1	2	1	0	7	3	2	0	19	3	12	32	1	2	1	1	0	9	3	4	0	2	1	2	0	1	3	1	4	1	5	0	3	7	3	2	5	4	0	5	4	4	2	13	7	1	0	1	0	0	10	5	1	3	5	3	2	10	20	4	47	32	0	20	15
G[Ins(T):R(0,4)]G	1	4	3	1	6	7	4	15	2	1	17	12	9	13	76	10	33	68	0	2	1	3	3	11	33	9	3	1	1	10	0	2	0	1	3	4	6	3	0	33	5	7	12	7	2	2	4	2	5	75	16	3	3	5	0	4	24	10	4	1	14	4	3	35	75	19	78	139	3	111	41
A[Ins(T):R(5,7)]A	14	25	25	2	11	14	12	131	16	5	25	4	33	27	646	18	34	18	20	19	9	9	6	8	221	10	4	13	11	34	7	11	3	5	26	32	11	5	3	232	4	32	12	4	10	11	25	19	24	507	17	4	12	3	3	7	14	17	33	13	12	5	8	8	445	10	10	973	20	447	11
A[Ins(T):R(5,7)]C	14	27	11	3	13	11	11	92	14	7	17	6	22	34	594	16	32	12	20	33	15	17	13	10	158	10	4	5	10	28	4	11	1	7	20	24	18	11	1	134	4	35	12	8	3	12	23	17	17	395	23	2	7	6	7	4	10	20	54	20	12	6	9	9	317	11	6	654	14	303	20
A[Ins(T):R(5,7)]G	11	27	20	5	12	12	16	120	15	9	21	2	44	45	776	14	29	16	19	36	20	18	7	8	186	13	2	8	6	33	11	10	4	9	19	25	15	2	4	248	2	31	7	7	8	8	19	20	26	540	16	3	12	4	9	6	13	11	39	13	7	12	7	10	432	8	4	1009	22	428	9
C[Ins(T):R(5,7)]A	6	9	6	3	3	4	2	47	4	6	8	5	21	13	270	4	14	9	8	11	3	8	11	4	90	3	4	6	6	12	2	5	1	5	7	12	7	3	1	113	4	13	6	3	4	4	8	7	7	224	10	1	6	3	2	4	10	8	13	6	7	2	4	8	176	2	7	395	9	196	9
C[Ins(T):R(5,7)]C	1	17	11	2	8	10	4	31	4	4	7	1	17	22	303	11	17	8	6	11	11	4	5	5	101	9	1	9	6	14	4	8	2	5	8	12	3	5	1	91	1	16	6	4	8	7	7	10	13	205	11	4	3	1	5	2	7	11	15	3	7	4	5	10	168	12	5	336	1	173	12
C[Ins(T):R(5,7)]G	4	21	3	4	2	6	13	55	4	5	5	5	20	19	387	8	14	12	8	21	7	14	5	9	100	3	3	7	17	19	5	6	1	3	12	11	8	5	1	121	3	23	6	4	5	13	10	10	10	259	10	2	7	3	3	1	6	8	29	6	6	3	5	5	235	4	2	489	6	217	13
G[Ins(T):R(5,7)]A	6	12	7	2	9	5	4	64	5	3	5	1	12	18	272	3	18	8	9	18	5	5	2	5	101	3	0	3	4	15	7	3	1	3	11	13	2	0	0	109	0	16	6	5	3	5	11	5	7	263	12	1	3	1	2	1	6	5	13	5	6	1	4	2	237	10	10	459	8	251	14
G[Ins(T):R(5,7)]C	3	17	7	1	4	9	3	45	3	4	13	3	14	11	347	4	15	6	6	11	9	9	2	2	100	4	0	5	6	13	2	7	1	6	10	20	6	2	0	96	0	14	10	2	6	7	10	14	16	281	15	1	8	3	3	1	6	9	25	6	10	4	3	7	205	2	6	419	9	210	9
G[Ins(T):R(5,7)]G	6	12	11	1	9	8	10	88	3	4	5	4	13	17	481	9	32	17	10	22	9	12	6	4	186	5	2	11	14	22	6	6	2	3	13	16	12	3	1	192	3	24	6	6	8	13	10	13	13	423	19	2	1	4	4	5	12	12	18	12	7	3	2	8	389	3	14	769	10	407	10
A[Ins(T):R(8,)]A	8	40	19	6	20	12	22	155	7	7	12	10	29	43	569	22	42	10	20	46	25	12	14	16	235	13	3	11	15	38	12	14	4	11	32	40	14	8	3	260	2	44	17	7	12	16	33	17	29	535	22	5	12	7	13	7	10	18	51	15	17	8	10	18	446	13	8	1092	25	427	18
A[Ins(T):R(8,)]C	11	41	19	7	23	16	18	108	14	8	20	8	18	41	462	13	30	12	20	24	8	19	10	11	206	11	3	16	25	44	10	21	4	11	20	23	13	8	5	181	1	38	9	7	6	24	18	19	27	434	29	5	10	4	5	7	9	14	42	19	10	5	7	11	402	12	10	947	23	392	13
A[Ins(T):R(8,)]G	9	33	23	3	17	11	14	171	16	7	20	4	25	52	444	11	26	15	9	37	13	21	10	16	184	7	2	13	13	41	15	18	4	9	13	22	17	3	6	234	2	36	10	6	10	13	15	19	37	485	19	4	7	1	11	5	14	8	41	11	11	9	10	6	414	9	2	1035	17	442	11
C[Ins(T):R(8,)]A	9	21	13	1	5	10	13	90	2	1	12	6	17	21	289	13	22	8	13	25	6	15	7	8	146	7	4	9	11	20	8	5	1	1	7	27	8	4	1	174	3	21	5	2	2	12	10	8	16	258	10	4	3	3	5	1	5	11	23	5	4	3	4	7	272	6	4	679	12	288	6
C[Ins(T):R(8,)]C	6	20	12	3	7	6	11	98	11	7	10	3	16	24	309	9	15	8	7	28	7	9	5	4	172	7	5	6	4	25	16	10	2	5	11	18	7	2	1	177	4	20	6	3	6	4	12	11	21	249	12	3	5	3	3	5	8	14	22	7	6	3	3	9	308	1	6	733	10	325	9
C[Ins(T):R(8,)]G	5	29	18	5	11	14	7	173	12	6	15	2	24	24	362	6	23	5	9	17	3	16	12	15	220	4	2	11	11	27	8	11	3	5	16	18	6	5	3	278	2	27	11	7	10	11	17	16	21	343	17	3	10	2	7	4	8	6	37	10	11	1	3	4	355	5	6	916	8	423	11
G[Ins(T):R(8,)]A	2	13	9	2	3	8	3	74	2	2	7	3	9	14	319	12	14	5	9	19	9	11	4	5	167	9	2	9	13	21	4	6	2	4	10	22	9	0	2	165	2	16	4	5	12	14	10	14	7	308	10	6	11	4	3	3	13	8	21	14	4	1	6	9	318	4	8	671	11	298	8
G[Ins(T):R(8,)]C	6	14	11	1	6	8	10	103	5	3	15	3	9	23	292	14	18	9	12	19	9	7	7	8	143	12	7	5	13	26	6	15	3	4	13	16	5	5	4	156	3	13	2	6	8	12	14	12	18	280	13	2	8	2	5	6	11	8	24	9	3	2	5	4	335	4	5	653	12	261	8
G[Ins(T):R(8,)]G	2	34	15	5	11	10	12	144	6	7	10	1	7	31	376	9	24	10	9	22	6	13	3	5	188	6	2	6	11	27	11	11	2	4	17	23	7	11	2	257	2	21	8	5	7	13	15	9	22	319	8	4	9	0	10	8	8	14	26	8	11	3	4	3	421	7	5	1044	8	392	11
Del(2,4):R1	8	9	25	6	18	14	32	56	13	10	11	24	23	16	181	25	43	23	8	7	12	11	5	22	69	20	10	7	15	22	12	20	4	9	49	9	28	5	9	58	28	17	14	26	29	19	50	10	36	180	12	7	10	16	12	11	10	44	18	9	15	30	10	55	315	39	40	352	5	117	15
Del(5,):R1	8	22	38	6	14	24	89	22	19	15	59	69	22	27	137	24	93	35	19	29	22	34	16	18	40	6	25	12	23	27	46	21	20	34	186	25	28	34	16	27	16	27	29	84	47	10	198	17	36	23	22	6	18	53	40	18	18	70	20	12	23	43	7	79	42	63	78	56	8	19	9
Del(2,8):U(1,2):R(2,4)	16	26	40	11	21	24	51	148	10	13	32	19	30	18	431	21	44	17	13	21	16	17	15	22	144	19	6	18	42	45	10	38	7	19	44	27	19	10	9	211	30	29	22	19	22	42	51	20	24	432	15	10	16	16	15	17	19	38	26	8	23	24	13	49	1062	24	24	779	13	360	18
Del(2,):U(1,2):R(5,)	7	5	19	3	20	5	14	364	10	0	9	9	15	16	1511	8	12	7	6	7	4	5	6	8	559	4	5	3	18	14	6	11	3	14	31	8	14	7	3	590	12	13	4	7	4	15	21	6	13	1522	6	8	6	5	4	6	5	13	10	3	4	7	2	8	4325	12	16	2688	6	1377	6
Del(3,):U(3,):R2	5	30	28	6	34	21	22	63	12	16	26	14	22	20	198	21	31	21	9	21	16	21	6	32	68	14	12	18	32	35	12	44	9	19	42	32	15	8	8	91	15	29	10	26	13	26	39	18	15	183	12	10	17	12	14	10	18	30	25	12	13	17	9	39	361	13	13	284	15	134	23
Del(3,):U(3,):R(3,)	0	15	17	5	19	10	10	70	4	5	11	5	14	9	173	11	7	3	6	6	7	8	7	12	79	10	5	8	12	17	6	28	3	12	27	15	14	8	3	95	3	27	5	5	7	8	30	5	8	166	7	5	11	3	9	3	9	10	18	7	8	10	8	15	602	8	4	448	5	202	8
Ins(2,4):R0	11	20	22	36	8	8	22	92	13	15	19	10	16	23	118	17	20	16	9	20	14	26	10	9	64	10	18	26	17	26	19	13	7	14	67	24	18	9	14	68	53	26	10	14	8	59	71	23	16	100	23	3	15	7	15	13	20	17	16	14	9	25	6	18	222	17	10	525	17	99	19
Ins(5,):R0	9	38	50	12	22	55	97	91	47	19	98	43	32	57	342	60	16	36	26	51	59	99	34	54	128	20	52	29	43	44	79	38	41	61	120	37	92	61	23	153	29	66	31	22	45	47	113	31	33	115	49	16	19	27	64	20	35	38	33	13	16	20	4	16	172	49	47	518	14	153	21
Ins(2,4):R1	6	5	17	8	5	10	1	20	3	3	10	3	4	7	15	7	16	11	6	8	10	12	4	7	17	2	6	9	8	26	8	11	8	6	12	8	13	2	10	23	32	14	12	8	6	19	16	10	14	17	4	4	10	2	6	2	9	14	10	7	11	17	5	12	43	18	14	72	1	14	10
Ins(5,):R1	12	3	16	2	9	10	9	12	4	3	11	2	11	8	5	4	17	1	5	8	8	7	5	8	10	5	6	15	24	12	9	2	13	20	28	10	6	5	13	5	8	11	10	8	3	21	32	12	6	7	5	5	12	3	2	1	9	14	16	7	11	14	1	13	18	9	12	17	2	12	7
Ins(2,):R(2,4)	6	17	19	1	10	11	11	54	5	4	10	8	9	11	191	12	18	6	7	12	8	10	7	7	70	6	4	5	20	31	8	9	4	11	23	10	11	4	5	112	13	18	6	5	10	18	19	15	11	189	7	5	10	4	10	4	12	13	14	8	7	9	7	4	206	13	8	426	7	150	14
Ins(2,):R(5,)	9	28	30	3	27	20	22	229	15	10	15	6	16	34	895	31	38	17	28	32	15	31	14	8	400	16	5	9	18	48	19	21	2	14	26	32	20	9	5	519	7	54	8	13	13	14	23	33	35	976	13	7	12	2	10	6	22	22	44	17	8	12	16	14	1031	14	11	2433	18	760	23
Del(2,5):M1	10	18	28	7	16	16	41	52	13	5	20	31	14	24	156	16	53	33	10	16	10	14	10	23	40	13	7	10	30	34	11	42	5	12	62	27	13	14	5	69	15	25	16	19	19	27	58	12	26	167	16	10	4	33	11	11	11	43	25	7	13	30	4	54	343	34	50	363	5	111	10
Del(3,5):M2	9	14	13	7	22	18	25	35	9	8	10	17	25	13	132	15	28	13	8	7	14	9	3	19	53	11	7	7	20	20	14	19	3	16	66	17	14	11	5	64	16	14	12	24	18	17	64	13	13	129	9	11	7	7	9	3	12	38	16	10	14	18	10	34	282	24	19	217	9	84	18
Del(4,5):M(3,4)	7	9	13	2	14	9	15	14	5	3	3	1	9	7	61	7	9	5	2	6	5	7	4	10	20	6	3	3	26	20	10	24	2	16	44	11	7	1	3	23	8	6	2	15	11	27	41	6	4	51	2	4	4	1	5	2	4	12	9	3	2	5	2	16	92	7	6	91	3	41	8
Del(6,):M1	10	14	22	10	17	23	64	40	24	11	20	60	16	18	75	17	60	19	7	21	10	15	7	11	25	7	12	6	16	18	15	9	9	16	217	17	21	12	10	45	8	23	24	76	39	14	213	10	35	49	18	8	12	40	21	9	15	59	11	10	19	35	4	79	136	52	73	145	6	59	10
Del(6,):M2	2	6	10	3	12	12	44	9	22	6	16	23	11	7	33	8	34	23	4	12	5	4	7	20	13	6	13	3	14	13	16	10	4	5	379	4	30	7	5	17	11	12	9	114	37	10	380	10	16	10	11	7	9	12	27	5	8	69	5	8	13	30	7	34	18	42	53	31	4	10	19
Del(6,):M3	2	4	4	0	11	7	22	13	20	0	7	10	8	6	9	8	12	12	2	2	2	4	2	11	9	2	5	6	11	4	8	7	2	1	293	9	15	6	3	8	3	17	11	58	12	10	289	9	13	14	4	5	4	11	19	3	5	44	7	4	14	17	4	28	25	20	22	24	1	7	6
Del(6,):M(4,)	8	4	12	3	12	16	23	10	16	3	12	12	15	11	23	9	22	16	4	5	4	4	7	12	10	0	7	6	14	16	8	4	3	2	338	12	25	1	3	13	7	13	6	88	8	15	339	9	8	21	9	11	11	8	22	4	16	48	6	4	6	15	5	16	60	16	19	54	4	18	12
Complex	0	0	0	0	0	0	0	0	0	0	0	0	0	0	0	0	0	0	0	0	0	0	0	0	0	0	0	0	0	0	0	0	0	0	0	0	0	0	0	0	0	0	0	0	0	0	0	0	0	0	0	0	0	0	0	0	0	0	0	0	0	0	0	0	0	0	0	0	0	0	0
