NMF_Replicate	L1	L1 %	L2	L2 %	KL Divergence	Correlation	Convergence Iterations
1	210.319	23.064	45.949	14.236	41.762	0.978	1000000.0
2	213.73	22.759	45.981	13.894	0.101	0.978	1000000.0
3	208.556	22.72	42.823	13.999	8.503	0.978	1000000.0
4	202.118	22.704	44.597	14.005	41.745	0.978	1000000.0
5	212.316	22.724	46.523	13.788	8.461	0.979	1000000.0
6	206.891	22.944	43.966	13.897	8.463	0.98	1000000.0
7	220.871	22.94	48.353	14.033	33.425	0.978	1000000.0
8	217.078	22.484	44.732	13.836	0.109	0.979	1000000.0
9	201.454	22.931	40.665	14.285	33.477	0.977	1000000.0
10	221.544	22.837	47.636	13.724	25.14	0.981	1000000.0
11	222.282	22.33	53.019	13.357	8.479	0.981	1000000.0
12	194.716	22.971	40.225	14.256	16.758	0.978	1000000.0
13	224.4	22.671	54.15	13.778	8.426	0.978	1000000.0
14	221.366	22.393	48.098	13.891	8.451	0.979	1000000.0
15	227.255	22.99	48.676	14.164	16.753	0.978	1000000.0
16	199.876	23.083	43.33	14.335	41.763	0.979	1000000.0
17	222.824	22.936	50.63	14.406	25.098	0.977	1000000.0
18	206.333	22.598	41.202	13.836	0.1	0.979	1000000.0
19	207.768	22.204	44.534	13.38	33.413	0.982	1000000.0
20	203.188	22.727	41.399	13.888	25.108	0.979	1000000.0
21	215.429	22.811	45.607	14.077	25.096	0.978	1000000.0
22	206.392	22.534	43.76	13.547	8.429	0.98	1000000.0
23	202.946	22.437	40.5	13.439	41.749	0.984	1000000.0
24	230.536	22.397	54.217	13.59	8.426	0.981	1000000.0
25	213.831	22.882	44.484	13.971	25.128	0.978	1000000.0
26	218.388	22.55	47.36	13.862	33.418	0.978	1000000.0
27	208.255	22.615	46.043	13.974	33.413	0.978	1000000.0
28	205.165	22.61	43.132	13.885	16.761	0.978	1000000.0
29	212.096	22.394	46.217	13.526	16.758	0.98	1000000.0
30	212.005	22.545	42.946	13.685	33.437	0.98	1000000.0
31	228.343	22.808	52.476	14.044	33.42	0.977	1000000.0
32	212.211	22.525	46.803	13.671	8.426	0.981	1000000.0
33	212.414	22.705	47.057	13.99	25.086	0.977	1000000.0
34	218.936	22.495	50.166	13.904	8.424	0.978	1000000.0
35	221.676	22.722	47.703	13.757	8.424	0.981	1000000.0
36	224.427	22.359	46.617	13.79	8.504	0.979	1000000.0
37	221.225	22.927	48.718	14.121	25.092	0.978	1000000.0
38	207.672	22.853	44.445	14.401	16.801	0.977	1000000.0
39	216.515	22.741	47.343	14.022	33.443	0.979	1000000.0
40	217.163	22.376	51.484	13.633	33.424	0.979	1000000.0
41	227.789	22.773	50.477	13.904	41.764	0.977	1000000.0
42	218.829	22.694	46.051	13.929	25.103	0.979	1000000.0
43	207.639	22.618	41.528	13.866	16.814	0.979	1000000.0
44	206.946	22.854	41.686	13.854	33.433	0.98	1000000.0
45	211.143	22.916	47.305	13.878	16.812	0.98	1000000.0
46	209.811	22.512	45.646	13.615	16.765	0.98	1000000.0
47	207.963	22.277	43.026	13.619	33.424	0.98	1000000.0
48	206.291	23.006	42.007	13.923	25.108	0.978	1000000.0
49	206.261	22.313	41.195	13.704	25.126	0.979	1000000.0
50	214.571	22.508	44.044	13.852	25.1	0.979	1000000.0
51	230.849	22.901	51.629	14.035	0.098	0.98	1000000.0
52	199.016	22.692	38.701	13.751	16.764	0.979	1000000.0
53	214.92	22.54	46.753	13.62	16.772	0.981	1000000.0
54	218.733	23.185	46.95	14.323	25.143	0.979	1000000.0
55	220.62	23.079	45.414	14.128	25.108	0.976	1000000.0
56	210.595	22.663	43.979	13.642	25.088	0.982	1000000.0
57	197.751	22.102	39.303	13.197	8.423	0.981	1000000.0
58	208.984	22.486	46.457	13.556	8.492	0.982	1000000.0
59	194.636	23.024	39.988	14.464	16.781	0.975	1000000.0
60	219.725	22.538	46.895	13.522	16.765	0.978	1000000.0
61	217.121	22.56	47.909	13.726	41.746	0.98	1000000.0
62	218.428	23.029	44.271	14.169	25.091	0.979	1000000.0
63	228.07	22.656	50.526	13.648	16.759	0.979	1000000.0
64	224.777	22.689	52.961	13.863	8.447	0.98	1000000.0
65	216.393	22.974	44.661	14.039	25.155	0.979	1000000.0
66	223.745	22.608	50.427	13.752	0.135	0.98	1000000.0
67	199.344	22.987	38.589	14.054	16.761	0.975	1000000.0
68	214.723	22.963	48.01	13.934	25.082	0.979	1000000.0
69	221.842	22.995	48.797	14.173	66.768	0.977	1000000.0
70	201.388	22.33	41.164	13.727	8.431	0.977	1000000.0
71	204.263	22.266	40.133	13.122	8.447	0.982	1000000.0
72	223.644	22.955	47.864	14.109	8.426	0.978	1000000.0
73	202.76	22.34	41.585	13.245	16.759	0.982	1000000.0
74	206.934	22.634	45.806	13.883	25.099	0.979	1000000.0
75	210.318	22.791	44.264	13.926	41.753	0.978	1000000.0
76	210.976	23.016	42.482	14.224	25.098	0.978	1000000.0
77	217.904	22.119	45.644	13.291	8.42	0.981	1000000.0
78	209.874	22.872	46.534	14.415	25.083	0.976	1000000.0
79	199.656	22.318	40.308	13.531	25.088	0.979	1000000.0
80	201.34	22.402	39.019	13.611	8.435	0.978	1000000.0
81	203.879	22.617	42.403	14.03	16.767	0.979	1000000.0
82	210.848	22.726	41.835	13.784	25.104	0.978	1000000.0
83	214.412	22.645	47.24	14.087	8.447	0.978	1000000.0
84	204.528	22.874	42.423	13.921	8.444	0.979	1000000.0
85	222.268	22.799	47.557	13.908	25.101	0.98	1000000.0
86	230.276	22.659	48.806	13.62	33.448	0.98	1000000.0
87	212.914	22.706	43.606	13.794	16.764	0.981	1000000.0
88	229.458	23.199	51.438	14.98	16.771	0.976	1000000.0
89	183.766	22.37	35.027	13.782	25.093	0.979	1000000.0
90	212.492	22.502	43.009	13.678	8.424	0.98	1000000.0
91	208.27	22.707	44.292	13.853	8.428	0.98	1000000.0
92	227.515	22.422	54.032	13.537	25.105	0.98	1000000.0
93	230.454	22.933	54.229	14.006	41.754	0.978	1000000.0
94	199.617	22.576	39.025	13.979	25.094	0.979	1000000.0
95	204.855	22.61	42.009	13.633	25.082	0.981	1000000.0
96	197.44	22.276	39.246	13.341	33.445	0.98	1000000.0
97	223.204	22.946	49.361	14.191	25.092	0.979	1000000.0
98	213.037	22.642	44.076	13.614	25.093	0.98	1000000.0
99	198.517	22.358	39.311	13.651	25.088	0.98	1000000.0
100	214.605	22.76	43.778	13.715	25.103	0.977	1000000.0
