MutationType	ID83A	ID83B	ID83C	ID83D	ID83E	ID83F	ID83G	ID83H
1:Del:C:0	0.004305537461768836	0.0027201144353603012	0.054846372772008184	0.044447536347433925	0.03909664657898247	0.003236158152576536	0.03003122001886368	0.1633889815211296
1:Del:C:1	0.00163892447570106	0.0012425643634378502	0.017366023301146925	0.020088787395507096	0.007056675126077608	0.004343935808356037	0.012179196735378355	0.13852693840861321
1:Del:C:2	0.0017390125311794692	0.0003920360877236817	0.0019342281766876112	0.007310225448218261	0.004158645299321506	0.0020917884297523416	0.004940740947349695	0.09475174568593502
1:Del:C:3	0.003007117947563529	0.0017668037631665356	0.0037482014077249914	0.004610874342324678	0.0003594980273010151	0.005410588457016275	0.001988152829508181	0.03674966476857662
1:Del:C:4	0.004851690563373268	0.0008315438928548247	0.004988340850686655	0.0008803915156022412	3.538265824317932e-05	0.0025737171235959977	0.0015385446905477806	0.022275388492271304
1:Del:C:5	0.019085272531956434	0.0013369314578812919	0.001787467745016329	0.0015689286377164535	0.005539131421828642	0.007696101700421423	0.0032504818847519344	0.017095788018777966
1:Del:T:0	0.0005425318045052218	0.00283538256684551	0.09944136871024967	0.02293706512078643	0.032655049515888095	0.015866534202359617	0.013307340368628502	0.039065969120711086
1:Del:T:1	0.0009483220609399723	0.00033528787520481273	0.13977049699053168	0.0026484899409115314	0.03261125528719276	0.005549344942119205	0.004599189724722237	0.022129528485238553
1:Del:T:2	0.002851475088391453	0.003525315180886537	0.05919965256936848	0.024301347485743464	0.01671656308695674	0.005310950039420277	0.01294597345404327	0.01878748252056539
1:Del:T:3	0.011134187337011098	0.004333357110735961	0.0822724039806053	0.015798070796299725	0.009749454656266608	0.01346974154934287	0.014296943475492298	0.03231100015342236
1:Del:T:4	0.02959005694836378	0.005359487808309495	0.07651710350066424	0.015658192848786712	3.5439510829746725e-05	0.017656265264376997	0.015283651773352176	0.014814384384080767
1:Del:T:5	0.7271137464046479	0.03826376280281693	0.08971021598670631	0.046079725897119485	0.0008157639810815454	0.34666293375194074	0.07594771603922709	0.011351464957154991
1:Ins:C:0	0.001722323476985822	0.00017786150914616883	0.004243904529503631	0.0005761126901427361	0.0053791469619307005	0.2771780548989773	0.002438025793593397	0.002018014369332617
1:Ins:C:1	0.0002475208141913754	0.0015561782197619323	0.004460203128692228	0.005144491047831252	0.007044120318023488	0.011407120004296303	0.0006295608621076098	0.002748788422322832
1:Ins:C:2	0.00031619911875168326	0.0005509814064043894	0.0027356868801871313	0.0048137162090279165	0.0017435069245402702	0.0014633378567668843	0.0008836464218438777	0.0056393362861126665
1:Ins:C:3	0.0006186003422772046	0.0020626600668765603	0.0021622237421979663	0.0006613706134339736	0.0032593691401416438	0.0007711373283382272	0.00010660128053132212	0.005810248793568462
1:Ins:C:4	0.0016413002804620191	0.00263822229928337	0.006172590997884982	0.0019567149551585317	0.002594358969217865	0.0006838048552435794	0.00032627407133986705	0.002805510818725452
1:Ins:C:5	0.009966961573809385	0.029343501441180708	0.009698324322234839	0.007615921507140229	0.01298933888087049	0.00610023297893349	0.0035190367538598367	0.00567453105119057
1:Ins:T:0	0.0011918636891641654	0.005269584183115512	0.007558083551703021	0.0030298796986471645	0.024361671349033713	0.01650216702371836	0.006009039168711752	0.020616450756788255
1:Ins:T:1	0.0	0.0036378907912876456	0.0056244502571644265	0.016487142061814664	0.015635809481609614	0.006785496398806572	0.006883642968023196	0.06486154057085514
1:Ins:T:2	0.0008528143128205556	0.004985090282279998	0.006459443176281638	0.00278294962925429	0.007226528505561873	0.00427272126195021	0.004359785202541389	0.045644092988222834
1:Ins:T:3	0.0008575927556375973	0.005175022166222334	0.009501357993576676	0.00701547333272174	0.007276024422608316	0.00314304037601687	0.002287341051323892	0.02161116753704846
1:Ins:T:4	0.0020940157212316988	0.014896394982933998	0.016000030236318706	0.007302411521377508	0.000973848099783936	0.0013569588055179337	0.002708741981041385	0.010844725873321295
1:Ins:T:5	0.10056052051484585	0.7394550466537475	0.15349618572746984	0.21168654303997755	0.09522811447735888	0.13647592294961214	0.10479520458728075	0.02522415350773372
2:Del:R:0	0.002641331914346665	0.001546934793695982	0.007448934902786277	0.027208530865609645	0.010761687736958266	0.002174161467337399	0.00778329154709354	0.016080821873620154
2:Del:R:1	0.004796026663389057	0.008340010808315129	0.009807915443961973	0.054729851454030726	0.00432935612865549	0.00712882585823536	0.00707032041857019	0.00929893549066037
2:Del:R:2	0.0018154488084837794	0.002332815866684541	0.004104857154306956	0.01257602526107803	0.0031816928059561177	0.0008554376347956349	0.001640488782140892	0.00945715928915888
2:Del:R:3	0.003338870988227427	3.731989875177533e-05	0.00018400308811795441	0.0005143667162701604	0.003239167079445906	0.0003642375832714606	6.373433985572774e-05	0.005097558465786278
2:Del:R:4	0.0019938888144679368	1.1766594179789535e-05	2.585861482657492e-05	0.00019468373395284288	0.0025365524226799606	0.0003969109952595318	0.00022854180021568028	0.0022727663823752663
2:Del:R:5	0.005019935984164476	0.0	8.561291731894016e-05	0.0004408377410072717	0.008657481393311173	0.0	0.000977686860205722	0.0017969969784462593
3:Del:R:0	0.00037604336022923235	1.2408301518007648e-05	0.0036796391822281295	0.007803873268421739	0.005033104212488979	0.0005136646807500256	0.007373617431148886	0.0027701931519550273
3:Del:R:1	0.004605763689614833	0.008159332973882556	0.005207770422635747	0.049919380089268085	0.0015362012926198076	0.005652054339880124	0.0033738124211959075	0.0030899088166188447
3:Del:R:2	0.0018499262182740494	0.00167238611204084	0.0007090148107181449	0.01260626214556396	0.002013473372790031	0.001367295954714791	0.0002703455986920744	0.0001963709688394033
3:Del:R:3	0.0004037329406128265	0.0001025076064206587	0.000502510138536465	0.0034217391117999795	0.0011776601750170812	0.00018114257043635006	0.0	0.00025754251101458794
3:Del:R:4	0.0002644207523553632	5.1368694125812906e-05	6.493898306899837e-05	0.0007237167008679535	0.001647045679274015	0.00017584810655534965	0.00038862638026330385	1.33680633224742e-05
3:Del:R:5	0.0003336160742037464	7.890715264693427e-06	8.000751674252626e-05	0.0005479199928595335	0.0010189932189419437	0.0001745720168605658	0.0004248347581778944	1.1626659029460029e-05
4:Del:R:0	0.00020139506801001517	4.557432330329902e-06	0.0031239192391512914	0.006474458069133107	0.006943804640322924	0.00016620018873254595	0.005440720178885385	0.00070117254550496
4:Del:R:1	0.003020578814903274	0.002353422306186985	0.0019828368777234573	0.035875151446089146	0.005946545393089764	0.004466128725325689	0.0037997646676376463	0.0008978244307218119
4:Del:R:2	0.0007952422130620107	0.0001692592983954455	0.000374263111698383	0.008949079422745854	0.0060920760040608	0.0008003345465112943	8.319672684592661e-05	0.0006128237831580918
4:Del:R:3	0.0007321477579534985	0.0005776951768348226	5.357965528673958e-05	0.0019207449561508838	0.00318772319908021	2.0483499247347937e-06	0.00036168911150525674	0.000247441738892995
4:Del:R:4	0.0003129409319080878	2.8911811486977968e-05	0.00010893246468768325	0.0007446018837435986	0.0007995459316589403	4.3328259089321363e-05	0.0003251218074001372	0.00011216428102493125
4:Del:R:5	0.0003636897490650881	1.1635348378149502e-05	1.503007658492983e-05	0.00021197736411076917	0.0010047976240739498	0.0	5.888077534272895e-06	1.541958295570467e-05
5:Del:R:0	4.642212006729096e-06	0.0002394372597347072	0.01130587558960542	0.0268774749757722	0.07309979431331158	0.002837262693647062	0.07237747676670551	0.013811069692274032
5:Del:R:1	0.0016751644876785577	0.0020078779113100608	0.0019382293187436518	0.01133783117402345	0.01134909049142152	0.0026614740176592023	0.008697498887777329	0.0002047931175548001
5:Del:R:2	0.00018660940460904385	0.00020608721397366025	0.0005292219865987136	0.001969967452751007	0.004690194288268685	0.00027970904324320145	0.002053117677569389	2.606261740176308e-05
5:Del:R:3	0.0002913745635305531	5.805493544443152e-05	0.0001025987006046858	0.00012500590228228247	0.0017905922987847588	1.6548817075090482e-06	0.00046306533098686484	2.257034343697839e-05
5:Del:R:4	0.0001086973889670162	6.769144283680362e-07	5.1294469685032594e-05	0.0003118964048019102	0.0003604367293893773	2.7493900779518298e-06	1.1747568350983784e-06	5.884404922982256e-06
5:Del:R:5	3.8303917121993437e-05	0.0	4.96435850676491e-06	9.214503893484327e-05	0.00018974142167001772	2.5333654640755652e-05	8.956755154940765e-06	7.812981629298221e-06
2:Ins:R:0	0.0014588647926575505	0.0032954822992905973	0.001037510002097406	0.0016825413261540233	0.03618541627191007	0.017926337402313947	0.00268974205275299	0.008355448436923325
2:Ins:R:1	5.610511531273232e-05	0.0029448173695709556	0.004437872394919396	0.009332799958065153	0.010209961086511612	0.001053891476183253	0.000323148325078364	0.0048705715662799775
2:Ins:R:2	0.00020985858962376368	0.0023402971611358224	0.00277935812366195	0.004490841811639256	0.0042942348157521334	5.3722531720268305e-05	0.0010808039462426677	0.0012674458597757622
2:Ins:R:3	0.0005216750677209347	0.001067762113234494	0.0010262265501660296	0.0005375885894318344	0.00381967808061745	0.0005176171392304241	0.0003586600000198814	0.0015062374890840147
2:Ins:R:4	0.002238519777311012	0.004491884435992688	0.0003617219101488445	0.0020270667300064816	0.006865400472888723	0.0017732721532229335	0.0010694587355828844	0.00020359433652629379
2:Ins:R:5	0.016151450611650943	0.028833648189902306	0.0022171382511522353	0.004438532231142744	0.04257163081028921	0.0035183666806551626	0.0029860025473317365	8.878993913640443e-05
3:Ins:R:0	2.716283251089635e-05	0.0013992248330032453	0.0011001685334849753	0.0006526042067253002	0.019240287691354753	0.005698983606416732	0.0023172466446874295	0.00022592875284317416
3:Ins:R:1	4.27453585962212e-05	0.004412878688890487	0.006115766884759069	0.0068341302894987166	0.0016655971936597779	0.0017064940706040942	0.0008271397440728378	0.0011524772534903605
3:Ins:R:2	0.0002477990465467883	0.0005205621975983377	0.0010532900111866184	0.0008802612421641243	0.001063067864124605	0.00033974615440456545	0.0008327080119306629	2.2689451587325493e-05
3:Ins:R:3	4.915906188898589e-05	6.876809006982398e-05	0.0001564114861765198	0.00015544095931545597	0.0007142847751674708	0.000200387248687548	7.094187458278612e-07	3.2359829648456184e-05
3:Ins:R:4	0.00025831134473264683	1.0338053566520955e-05	0.00021230784230414913	0.00020274614473237307	7.487563133082631e-05	0.0007695676357252524	0.0002062742731141043	1.387952781595203e-09
3:Ins:R:5	0.001280302576487884	0.002699471083469689	8.879593347955961e-05	0.0022264279272349087	0.0018000323692103847	0.0015494916205534537	0.0003086135858757189	2.426889444961944e-10
4:Ins:R:0	0.0003134247976140614	0.0013724654060206377	0.00033464121021097525	0.0012066775748098735	0.03939724436029792	0.004900442434009164	0.0007701693595663528	0.0020025051771744985
4:Ins:R:1	2.924938962678425e-07	0.004268236865755171	0.004791809605667368	0.009644810492172837	0.006321065416559577	0.0014674309542533593	0.00044030141543771606	0.0011677516531199217
4:Ins:R:2	9.146974511509143e-05	0.00023697637671943995	0.00012324392014029684	0.000534742766552867	0.00215365192394529	0.0002333350898061326	0.0007075281519701094	5.2763171528891205e-06
4:Ins:R:3	6.045180893579527e-05	0.0007147830177564174	0.00020443622473596435	0.00025716547795191503	0.0009021938574733212	8.777237710091867e-05	3.099360314081423e-05	1.2983280684233378e-05
4:Ins:R:4	0.00021006060120726033	0.0008438892927370034	0.0004413724167898181	0.0005182924622204154	0.002147413793099986	0.000553970947767084	0.0004943088922780703	6.855885873982004e-06
4:Ins:R:5	0.0009615803249471356	0.0020400397334014997	0.0007997132818267225	0.0015132484088462661	0.0025287131589720956	0.0010067768923181575	0.0002958353814028669	0.0001630133936039968
5:Ins:R:0	5.486258558562441e-10	1.0866780115748043e-08	0.0005745591794412874	0.0021151816472411156	0.20977911807596683	2.7165053720636932e-05	1.5116937875063741e-05	0.010353035043898444
5:Ins:R:1	4.823534914521588e-05	0.01319607007317245	0.02181302717421204	0.029094842540798707	0.0139979476807639	0.004984628431338933	0.008325513868476265	0.002647328407183522
5:Ins:R:2	0.00021701365766375603	0.0006185893486463101	0.00017030444239935606	0.0006804418095453002	0.0021790007314120884	0.0004213189583788335	0.0006190435774442449	0.00022344711687765083
5:Ins:R:3	0.0001488896989258137	0.0002411511295576929	0.00017233346986451182	0.00033276767739153	0.0014763266089539684	0.00015624479912730748	0.00031376304315585915	0.0005057842054884532
5:Ins:R:4	3.5284828672352834e-05	0.00043387836311922003	0.00013547734151535097	0.00020304558227508097	0.0008172934511276254	0.0003869364007641707	2.51473973321481e-05	1.2347830136150151e-09
5:Ins:R:5	2.6447027215112938e-05	0.00040131112036760895	0.00036482165180132145	0.00015847967446461553	0.00023013492046175088	8.937737076848862e-05	0.00013303457229085324	7.859084934915828e-06
2:Del:M:1	0.003680190599989146	0.006582454787567258	0.009043891140026971	0.04148489585146308	0.010479992137406953	0.002166798636044405	0.004734398752916604	0.014524822691455483
3:Del:M:1	0.00025676899011159546	0.00020113341692194807	0.00313485439735814	0.009404004386851739	0.0036564246559282767	2.3124914491745585e-05	0.005509008206427097	0.001410573177508745
3:Del:M:2	0.0021155214705504475	0.003967238176846877	0.0045559104034327905	0.03156656204664614	0.0018723080678319092	0.0010725234462006484	0.0030275703496590724	0.00177952200974687
4:Del:M:1	0.0005698396696243435	0.0001629644569015909	0.0016867920646473067	0.009142110854154452	0.006257376872235909	0.00030020993532161813	0.006448496254161	0.0003366407521934889
4:Del:M:2	0.0005315992070973152	0.0016912641597446054	0.003914315546862781	0.017185882685589605	0.0019724733776820356	0.00015689084560108313	0.0080059082666412	0.002446155005891342
4:Del:M:3	0.0017532492440659553	0.0014365787584256396	0.002461539889627602	0.026705826204270124	0.004672078152943868	0.0011020197058860504	0.005668889555381611	0.0016180136992625194
5:Del:M:1	0.0007513263053624541	0.0011687630114829517	0.007239902868750505	0.023848649410065263	0.039038854697719214	0.006521542143309489	0.09570815369486808	0.015801424405071884
5:Del:M:2	0.000904115161538357	0.0019534901295264716	0.0025639303866266173	0.007079115444794297	0.008728733836614993	0.005209118358325213	0.1554207307100296	0.01657660912256688
5:Del:M:3	0.000871714199984126	0.001079976189721492	0.0019348653575070784	0.0024134867911197945	0.004774725816823775	0.0036490329189109616	0.11954665459692478	0.010931967697106302
5:Del:M:4	0.0010375089864828623	0.0011255830165828229	0.0010312371701610345	0.002879098598496057	0.0004076577185151109	0.00021763490312878275	0.06675230089575052	0.00578076436300762
5:Del:M:5	0.0008257572316506411	0.0035546647710725664	0.0007342706629424356	0.007589818440610543	0.014576705209910869	0.003879413842660142	0.05553760826587677	0.0022169487677638246
