MutationType	ID83A	ID83B	ID83C	ID83D	ID83E	ID83F
1:Del:C:0	2.36E-04	3.11E-05	1.69E-04	4.86E-04	5.16E-04	2.98E-03
1:Del:C:1	5.26E-04	2.30E-05	9.93E-05	4.29E-04	5.03E-04	2.32E-03
1:Del:C:2	4.64E-04	2.52E-05	3.98E-05	2.74E-04	3.62E-04	2.23E-03
1:Del:C:3	2.31E-04	2.16E-05	6.86E-05	1.82E-04	1.97E-04	5.46E-04
1:Del:C:4	1.99E-04	3.26E-05	9.12E-06	1.43E-04	1.21E-04	2.95E-04
1:Del:C:5	9.51E-05	5.09E-05	8.43E-05	1.33E-04	1.36E-04	1.89E-04
1:Del:T:0	1.91E-04	1.70E-05	1.41E-04	3.96E-04	2.65E-04	3.36E-04
1:Del:T:1	5.27E-05	1.45E-05	1.02E-04	2.15E-04	2.74E-04	6.47E-04
1:Del:T:2	1.14E-04	2.04E-05	1.06E-04	2.92E-04	2.34E-04	2.89E-04
1:Del:T:3	2.19E-04	4.35E-05	1.05E-04	4.16E-04	2.43E-04	2.84E-04
1:Del:T:4	1.75E-04	6.73E-05	1.14E-04	3.04E-04	2.05E-04	3.94E-04
1:Del:T:5	2.65E-04	4.09E-04	1.34E-03	1.49E-03	4.25E-04	2.58E-03
1:Ins:C:0	5.50E-05	1.67E-05	8.48E-05	1.41E-04	2.71E-04	4.03E-04
1:Ins:C:1	2.80E-05	6.10E-06	4.11E-05	7.64E-05	1.23E-04	1.63E-04
1:Ins:C:2	2.90E-05	4.89E-06	3.38E-05	6.71E-05	8.95E-05	1.48E-04
1:Ins:C:3	1.70E-05	7.63E-06	2.94E-05	4.28E-05	7.58E-05	1.82E-04
1:Ins:C:4	1.65E-05	1.29E-05	4.56E-05	3.14E-05	8.93E-05	1.32E-04
1:Ins:C:5	2.43E-05	3.83E-05	9.61E-05	4.91E-05	1.62E-04	1.51E-04
1:Ins:T:0	2.14E-04	1.62E-05	8.29E-05	1.21E-04	2.61E-04	1.21E-03
1:Ins:T:1	5.64E-04	2.45E-06	1.25E-04	1.52E-04	4.51E-04	2.82E-03
1:Ins:T:2	6.57E-04	2.25E-05	1.07E-04	1.70E-05	4.56E-04	3.56E-03
1:Ins:T:3	1.85E-04	1.39E-05	8.67E-05	7.94E-05	2.20E-04	1.23E-03
1:Ins:T:4	2.27E-05	2.26E-05	7.13E-05	1.01E-04	9.32E-05	2.30E-04
1:Ins:T:5	2.14E-04	4.20E-04	1.16E-03	1.24E-03	1.60E-03	1.23E-03
2:Del:R:0	1.00E-04	2.75E-05	6.73E-05	3.90E-04	1.58E-04	9.73E-04
2:Del:R:1	1.47E-04	9.07E-05	6.90E-05	1.08E-03	2.50E-05	2.63E-03
2:Del:R:2	2.38E-05	3.05E-05	2.23E-05	3.09E-04	1.02E-04	7.50E-04
2:Del:R:3	4.23E-05	2.78E-05	3.83E-06	6.67E-05	8.25E-05	2.61E-04
2:Del:R:4	2.15E-05	1.69E-05	2.89E-05	9.53E-06	6.48E-05	9.03E-05
2:Del:R:5	2.25E-05	3.40E-05	4.57E-05	4.65E-05	9.56E-05	2.41E-04
3:Del:R:0	1.84E-05	8.69E-06	4.34E-05	8.59E-05	8.67E-05	2.26E-04
3:Del:R:1	3.68E-05	1.01E-04	7.72E-05	7.87E-04	1.71E-04	2.56E-03
3:Del:R:2	1.24E-05	2.77E-05	3.05E-05	2.11E-04	5.76E-05	6.66E-04
3:Del:R:3	2.95E-06	9.21E-06	1.71E-05	4.73E-05	3.12E-05	1.47E-04
3:Del:R:4	5.90E-07	6.05E-06	1.56E-05	3.01E-05	1.05E-05	9.23E-05
3:Del:R:5	1.76E-06	7.22E-06	1.48E-05	2.50E-05	9.82E-06	6.67E-05
4:Del:R:0	1.24E-05	7.06E-06	4.11E-05	7.99E-05	8.08E-05	2.31E-04
4:Del:R:1	2.08E-05	4.90E-05	8.51E-05	5.06E-04	1.12E-04	1.75E-03
4:Del:R:2	3.59E-06	1.90E-05	3.21E-05	1.53E-04	6.59E-05	5.14E-04
4:Del:R:3	1.59E-06	1.39E-05	2.93E-05	7.34E-05	4.52E-05	2.73E-04
4:Del:R:4	1.22E-06	6.91E-06	5.04E-06	2.87E-05	1.77E-05	9.02E-05
4:Del:R:5	8.81E-08	1.04E-05	3.26E-06	2.43E-05	8.58E-06	8.94E-05
5:Del:R:0	1.09E-04	8.01E-06	6.80E-05	7.97E-04	5.07E-04	4.14E-04
5:Del:R:1	7.92E-06	9.19E-06	5.21E-05	1.52E-04	1.03E-04	4.76E-04
5:Del:R:2	2.00E-06	6.92E-06	1.98E-05	5.93E-05	4.06E-05	1.84E-04
5:Del:R:3	7.91E-07	8.80E-06	6.47E-06	1.80E-05	1.84E-05	7.68E-05
5:Del:R:4	8.91E-07	2.08E-06	6.04E-06	8.87E-06	7.63E-06	2.84E-05
5:Del:R:5	2.35E-07	2.05E-06	2.54E-06	6.34E-06	1.91E-06	2.28E-05
2:Ins:R:0	5.74E-05	1.63E-05	7.35E-05	8.87E-05	2.19E-04	2.98E-04
2:Ins:R:1	3.48E-05	7.58E-06	4.68E-05	8.24E-05	1.06E-04	1.67E-04
2:Ins:R:2	1.16E-05	7.11E-06	3.30E-05	6.17E-05	7.56E-05	7.17E-05
2:Ins:R:3	8.76E-06	9.89E-06	2.67E-05	4.01E-05	6.06E-05	6.62E-05
2:Ins:R:4	7.46E-06	2.10E-05	3.48E-05	3.37E-05	5.33E-05	5.11E-07
2:Ins:R:5	8.69E-07	4.79E-05	8.48E-05	4.50E-05	1.30E-04	5.23E-05
3:Ins:R:0	1.48E-05	8.27E-06	4.27E-05	5.16E-05	1.08E-04	8.51E-05
3:Ins:R:1	9.69E-06	7.52E-07	4.02E-05	7.44E-05	9.21E-05	5.80E-05
3:Ins:R:2	4.26E-06	1.61E-06	1.53E-05	2.73E-05	3.08E-05	3.30E-05
3:Ins:R:3	1.62E-06	2.49E-06	3.67E-06	1.35E-05	1.37E-05	1.33E-05
3:Ins:R:4	3.83E-07	3.22E-06	8.02E-06	9.32E-06	4.91E-06	2.49E-06
3:Ins:R:5	3.14E-07	1.13E-05	2.37E-05	1.18E-05	2.93E-05	2.89E-05
4:Ins:R:0	3.50E-05	1.05E-05	3.85E-05	1.68E-05	2.01E-04	1.52E-04
4:Ins:R:1	1.02E-05	3.64E-06	3.81E-05	9.00E-05	9.17E-05	7.34E-05
4:Ins:R:2	2.89E-06	4.12E-06	1.78E-05	2.05E-05	3.10E-05	1.33E-05
4:Ins:R:3	1.85E-06	5.01E-06	1.32E-05	1.00E-05	2.39E-05	2.67E-05
4:Ins:R:4	1.30E-06	5.26E-06	1.54E-05	1.84E-05	2.51E-05	2.71E-05
4:Ins:R:5	2.11E-06	5.64E-06	2.08E-05	1.85E-05	3.02E-05	5.88E-05
5:Ins:R:0	3.44E-06	3.05E-05	5.53E-05	9.32E-05	1.10E-03	4.06E-04
5:Ins:R:1	2.72E-05	0.00E+00	6.93E-05	1.41E-04	1.53E-04	2.25E-04
5:Ins:R:2	1.84E-06	3.41E-06	1.62E-05	1.77E-05	3.41E-05	7.33E-06
5:Ins:R:3	1.96E-06	1.56E-06	1.03E-05	1.30E-05	1.74E-05	6.76E-06
5:Ins:R:4	1.57E-06	2.41E-06	9.33E-06	1.07E-05	1.66E-05	2.45E-05
5:Ins:R:5	1.15E-07	3.18E-06	8.27E-06	6.96E-06	1.05E-05	1.11E-05
2:Del:M:1	1.90E-04	8.75E-05	5.51E-05	1.21E-03	1.11E-04	2.96E-03
3:Del:M:1	1.01E-05	5.67E-06	3.21E-05	8.29E-05	8.01E-05	1.63E-04
3:Del:M:2	2.08E-05	4.96E-05	6.02E-05	4.17E-04	1.14E-04	1.33E-03
4:Del:M:1	1.06E-05	1.21E-05	3.99E-05	7.86E-05	8.64E-05	3.00E-04
4:Del:M:2	9.80E-06	1.95E-05	3.88E-05	1.89E-04	8.95E-05	7.56E-04
4:Del:M:3	1.04E-05	2.51E-05	7.09E-05	3.56E-04	1.08E-04	1.21E-03
5:Del:M:1	1.07E-04	1.61E-05	9.51E-05	7.36E-04	3.64E-04	4.23E-04
5:Del:M:2	1.11E-04	1.06E-05	5.88E-05	9.31E-04	4.27E-04	2.93E-04
5:Del:M:3	7.98E-05	1.06E-05	5.14E-05	6.36E-04	2.51E-04	2.39E-04
5:Del:M:4	4.21E-05	8.35E-06	3.38E-05	3.04E-04	1.37E-04	2.15E-04
5:Del:M:5	4.07E-05	8.83E-06	5.65E-05	3.04E-04	1.60E-04	1.11E-04
