NMF_Replicate	L1	L1 %	L2	L2 %	KL Divergence	Correlation	Convergence Iterations
1	106.238	36.248	19.195	26.465	10.53	0.94	1000000.0
2	106.017	36.321	19.197	26.662	10.471	0.937	1000000.0
3	105.435	35.878	18.871	26.165	20.849	0.941	1000000.0
4	106.394	36.303	19.484	26.574	10.487	0.94	1000000.0
5	105.992	35.991	19.22	26.412	13.949	0.942	1000000.0
6	106.27	36.122	19.36	26.44	7.144	0.942	1000000.0
7	106.122	35.895	19.162	26.246	10.573	0.941	1000000.0
8	105.811	35.968	19.165	26.074	17.468	0.942	1000000.0
9	105.164	35.884	18.935	26.102	10.716	0.942	1000000.0
10	105.851	35.823	19.241	26.249	7.122	0.943	1000000.0
11	106.558	36.258	19.337	26.713	10.474	0.939	1000000.0
12	105.782	36.078	19.279	26.45	10.483	0.942	1000000.0
13	106.633	36.537	19.225	26.631	20.75	0.939	1000000.0
14	105.732	35.946	19.063	26.004	13.908	0.943	1000000.0
15	106.179	35.754	19.468	26.303	0.299	0.941	1000000.0
16	105.942	35.854	19.016	26.281	7.192	0.943	1000000.0
17	107.044	36.215	19.533	26.613	10.504	0.94	1000000.0
18	106.391	35.903	19.293	26.491	3.746	0.942	1000000.0
19	106.993	35.976	19.545	26.27	7.043	0.943	1000000.0
20	105.499	35.95	19.139	26.343	13.912	0.942	1000000.0
21	105.809	36.007	19.365	26.694	7.13	0.938	1000000.0
22	107.165	36.253	19.301	26.56	13.97	0.941	1000000.0
23	106.275	36.368	19.263	26.532	24.27	0.94	1000000.0
24	106.731	36.414	19.312	26.629	3.739	0.939	1000000.0
25	106.17	35.741	19.312	26.259	10.589	0.943	1000000.0
26	105.628	35.94	19.061	26.29	17.441	0.941	1000000.0
27	105.899	36.213	19.189	26.553	10.604	0.94	1000000.0
28	105.703	35.959	19.129	26.458	34.488	0.941	1000000.0
29	106.05	35.818	19.184	26.224	7.111	0.943	1000000.0
30	106.459	36.22	19.222	26.475	17.427	0.938	1000000.0
31	106.067	36.447	19.117	26.516	13.963	0.939	1000000.0
32	106.084	36.081	19.246	26.28	27.592	0.941	1000000.0
33	105.237	35.667	19.054	26.209	7.097	0.941	1000000.0
34	107.079	36.143	19.352	26.299	10.55	0.942	1000000.0
35	106.01	35.766	19.264	26.231	13.922	0.943	1000000.0
36	106.32	36.121	19.209	26.346	13.952	0.941	1000000.0
37	105.73	35.778	19.21	26.242	17.374	0.94	1000000.0
38	106.089	36.108	19.03	26.349	17.322	0.939	1000000.0
39	106.581	35.977	19.445	26.648	7.159	0.94	1000000.0
40	105.352	35.954	18.958	26.254	24.204	0.942	1000000.0
41	106.649	36.2	19.313	26.466	14.085	0.941	1000000.0
42	106.166	36.116	19.156	26.418	10.631	0.941	1000000.0
43	106.296	36.03	19.554	26.688	13.975	0.942	1000000.0
44	106.291	36.227	19.137	26.318	13.966	0.941	1000000.0
45	106.453	35.498	19.221	26.106	3.721	0.944	1000000.0
46	106.362	36.474	19.346	26.939	13.91	0.938	1000000.0
47	106.293	35.913	19.235	26.398	0.34	0.941	1000000.0
48	107.008	36.22	19.389	26.426	13.937	0.941	1000000.0
49	105.756	36.216	19.219	26.583	3.724	0.94	1000000.0
50	106.499	36.281	19.266	26.609	7.123	0.941	1000000.0
51	107.46	36.41	19.632	26.613	10.484	0.941	1000000.0
52	104.889	35.764	18.899	26.091	17.409	0.942	1000000.0
53	106.61	36.192	19.35	26.572	7.241	0.941	1000000.0
54	106.621	36.073	19.191	26.419	10.513	0.941	1000000.0
55	106.198	35.958	19.208	26.199	13.897	0.942	1000000.0
56	106.075	35.852	19.159	26.271	13.912	0.943	1000000.0
57	105.402	35.973	19.357	26.609	7.143	0.939	1000000.0
58	105.385	35.734	19.094	26.217	13.976	0.943	1000000.0
59	107.426	36.226	19.651	26.579	7.085	0.941	1000000.0
60	105.709	36.295	18.996	26.415	7.055	0.941	1000000.0
61	106.312	36.02	19.296	26.27	7.091	0.943	1000000.0
62	106.484	35.935	19.124	26.265	20.78	0.942	1000000.0
63	105.314	35.714	19.186	26.196	24.171	0.944	1000000.0
64	105.519	35.824	18.964	26.313	10.719	0.943	1000000.0
65	105.764	35.785	18.968	26.0	10.537	0.944	1000000.0
66	105.791	36.072	18.967	26.109	13.917	0.941	1000000.0
67	106.489	36.139	19.47	26.765	10.485	0.94	1000000.0
68	105.393	35.808	19.133	26.206	10.63	0.941	1000000.0
69	104.749	35.567	18.776	25.943	7.054	0.942	1000000.0
70	105.701	36.094	19.187	26.425	10.52	0.94	1000000.0
71	107.297	36.223	19.71	26.916	13.926	0.94	1000000.0
72	106.474	36.274	19.376	26.917	17.325	0.941	1000000.0
73	105.33	35.457	19.008	25.856	3.794	0.944	1000000.0
74	106.012	35.915	19.089	26.158	20.79	0.94	1000000.0
75	106.417	36.156	19.51	26.516	14.031	0.939	1000000.0
76	106.33	35.758	19.498	26.426	7.07	0.94	1000000.0
77	106.174	36.131	19.126	26.455	34.504	0.941	1000000.0
78	106.576	36.408	19.461	27.038	31.089	0.938	1000000.0
79	106.838	36.434	19.5	26.644	14.021	0.939	1000000.0
80	105.708	36.078	19.197	26.512	20.786	0.941	1000000.0
81	106.833	36.068	19.255	26.186	14.02	0.942	1000000.0
82	106.008	36.002	19.405	26.304	3.853	0.941	1000000.0
83	107.143	36.203	19.413	26.564	7.153	0.942	1000000.0
84	107.246	36.064	19.417	26.269	17.381	0.941	1000000.0
85	106.09	36.292	19.072	26.441	7.073	0.94	1000000.0
86	105.867	35.955	19.224	26.394	7.186	0.943	1000000.0
87	106.586	36.162	19.19	26.242	3.655	0.943	1000000.0
88	106.278	35.775	19.15	26.089	10.493	0.944	1000000.0
89	105.105	35.75	18.89	25.973	0.229	0.942	1000000.0
90	106.473	35.771	19.363	26.263	14.112	0.942	1000000.0
91	105.981	36.118	19.005	26.224	20.867	0.941	1000000.0
92	106.495	36.203	19.34	26.452	13.93	0.941	1000000.0
93	106.675	35.949	19.372	26.308	20.785	0.942	1000000.0
94	107.142	36.292	19.309	26.638	3.633	0.941	1000000.0
95	106.447	36.06	19.075	26.273	3.867	0.942	1000000.0
96	105.624	35.901	19.042	26.145	13.92	0.943	1000000.0
97	105.452	36.184	19.099	26.592	20.757	0.938	1000000.0
98	106.993	36.131	19.394	26.518	7.141	0.942	1000000.0
99	106.318	36.158	19.312	26.438	13.91	0.941	1000000.0
100	106.103	36.061	19.166	26.451	3.717	0.94	1000000.0
