MutationType	ID1	ID2	ID4	ID6	ID8	ID9	ID18	ID19	ID23
1:Del:C:0	0.00015989	0.00482412	0.00724972	0.03050680	0.03982756	0.33493988	0.00601205	0.05408908	0.05169788
1:Del:C:1	0.00077352	0.00002210	0.00273487	0.00549190	0.02391594	0.09999423	0.00200402	0.01500886	0.10619410
1:Del:C:2	0.00000000	0.00000311	0.00204106	0.00803399	0.00333055	0.00269066	0.00200402	0.00184945	0.05287559
1:Del:C:3	0.00190761	0.00247208	0.00111228	0.00110238	0.00540315	0.01062542	0.00400803	0.00656318	0.03862287
1:Del:C:4	0.00070599	0.00385698	0.00107568	0.00247817	0.00127571	0.01249690	0.00000000	0.00820689	0.01125206
1:Del:C:5	0.00337011	0.01461542	0.00224618	0.00132207	0.00093373	0.00004480	0.00200402	0.00033611	0.00573968
1:Del:T:0	0.00131160	0.00790597	0.00663505	0.00428416	0.03424369	0.10510537	0.08617269	0.01854399	0.21323872
1:Del:T:1	0.00000000	0.00000000	0.00162247	0.00067769	0.01045208	0.04429364	0.17234538	0.00460977	0.11431327
1:Del:T:2	0.00093645	0.00703642	0.00263341	0.01165966	0.00899203	0.08586196	0.11823695	0.00873799	0.05769072
1:Del:T:3	0.00229585	0.02023474	0.00030604	0.02224239	0.00982504	0.11325066	0.23847791	0.02264413	0.03864648
1:Del:T:4	0.00429142	0.04711993	0.00102320	0.01769714	0.00127378	0.09441274	0.09018072	0.02052353	0.01990450
1:Del:T:5	0.00000000	0.81469723	0.00015444	0.00795434	0.01062034	0.00092983	0.07014056	0.00189831	0.00484058
1:Ins:C:0	0.00000000	0.00000000	0.00000000	0.00208689	0.00276427	0.00000000	0.00000000	0.01628628	0.00228553
1:Ins:C:1	0.00000000	0.00022703	0.00027240	0.00177343	0.00216912	0.00000193	0.00200402	0.03305029	0.00057783
1:Ins:C:2	0.00000000	0.00002620	0.00006880	0.00024617	0.00152700	0.00035262	0.00000000	0.01540814	0.00147472
1:Ins:C:3	0.00084599	0.00043005	0.00051248	0.00023217	0.00011652	0.00000000	0.00000000	0.00718753	0.00171284
1:Ins:C:4	0.00178553	0.00291185	0.00000000	0.00037659	0.00055418	0.00000216	0.00000000	0.01028347	0.00010835
1:Ins:C:5	0.02429654	0.00901754	0.00024914	0.00024800	0.00048949	0.00007370	0.00000000	0.02796958	0.00126133
1:Ins:T:0	0.00228382	0.00132856	0.00033367	0.00639625	0.00450798	0.01261448	0.00000000	0.01808925	0.00623642
1:Ins:T:1	0.00004030	0.00000000	0.00101004	0.00104119	0.00486870	0.01038527	0.00200402	0.02808965	0.01262155
1:Ins:T:2	0.00019286	0.00064703	0.00001060	0.00073885	0.00142964	0.00231466	0.00000000	0.01156301	0.01057210
1:Ins:T:3	0.00424327	0.00108288	0.00017394	0.00093064	0.00108729	0.00160089	0.00200001	0.00679258	0.00581943
1:Ins:T:4	0.01664913	0.00348746	0.00001600	0.00134985	0.00082262	0.00158536	0.00801606	0.00670159	0.00330097
1:Ins:T:5	0.89090647	0.00313258	0.00083293	0.01439004	0.02016125	0.00577248	0.00400803	0.01073388	0.00027934
2:Del:R:0	0.00068605	0.00016381	0.07172421	0.00178365	0.00876922	0.01317475	0.00000000	0.00238233	0.02385067
2:Del:R:1	0.00121997	0.00356888	0.23051288	0.00245435	0.01030715	0.00319854	0.03607229	0.00151209	0.05613034
2:Del:R:2	0.00047275	0.00184957	0.05505940	0.00208860	0.00053203	0.00118970	0.00200402	0.00476235	0.02322644
2:Del:R:3	0.00042672	0.00073904	0.01281101	0.00052575	0.00002710	0.00009590	0.00000000	0.00052995	0.00668162
2:Del:R:4	0.00005460	0.00088193	0.00321922	0.00023253	0.00027403	0.00000000	0.00200402	0.00004580	0.00180121
2:Del:R:5	0.00000000	0.00000000	0.00238272	0.00021568	0.00083308	0.00000000	0.00000000	0.00000684	0.00049256
3:Del:R:0	0.00012804	0.00001250	0.00506895	0.00105105	0.01096410	0.00285810	0.00400803	0.00086808	0.00495202
3:Del:R:1	0.00501109	0.00500326	0.09711447	0.00541365	0.00134887	0.00430191	0.00601205	0.00500577	0.00300516
3:Del:R:2	0.00076938	0.00228989	0.02148428	0.00053605	0.00037657	0.00127572	0.00000000	0.00133307	0.00049782
3:Del:R:3	0.00037126	0.00040259	0.00383763	0.00004700	0.00025351	0.00030211	0.00000000	0.00003850	0.00010400
3:Del:R:4	0.00000000	0.00000000	0.00078630	0.00007310	0.00000268	0.00000000	0.00000000	0.00003810	0.00005494
3:Del:R:5	0.00000000	0.00000000	0.00113861	0.00015062	0.00009100	0.00000000	0.00000000	0.00011808	0.00004982
4:Del:R:0	0.00009970	0.00001210	0.00725243	0.00231510	0.00669131	0.00143277	0.00400803	0.00219796	0.00285339
4:Del:R:1	0.00090050	0.00211579	0.06352373	0.00280673	0.00162295	0.00459422	0.00200402	0.00007090	0.00219556
4:Del:R:2	0.00000323	0.00054329	0.01454892	0.00047449	0.00027262	0.00089602	0.00000000	0.00040269	0.00016080
4:Del:R:3	0.00000000	0.00000727	0.00455475	0.00029134	0.00002880	0.00002380	0.00000000	0.00005990	0.00011157
4:Del:R:4	0.00000000	0.00000000	0.00084968	0.00011058	0.00009730	0.00000000	0.00000000	0.00019431	0.00002620
4:Del:R:5	0.00002890	0.00021041	0.00061078	0.00005680	0.00000634	0.00001370	0.00000000	0.00015798	0.00001370
5:Del:R:0	0.00000835	0.00003850	0.00413283	0.01933329	0.23797886	0.00077205	0.02404819	0.00426298	0.01685377
5:Del:R:1	0.00019068	0.00297751	0.01571853	0.00750183	0.00057226	0.00047955	0.00000000	0.00177092	0.00003437
5:Del:R:2	0.00012636	0.00039753	0.00234385	0.00037052	0.00051684	0.00026497	0.00000000	0.00101898	0.00001160
5:Del:R:3	0.00001890	0.00015815	0.00118248	0.00016818	0.00000816	0.00000612	0.00000000	0.00012637	0.00000767
5:Del:R:4	0.00000311	0.00008470	0.00014692	0.00005320	0.00011290	0.00000725	0.00000000	0.00000224	0.00003031
5:Del:R:5	0.00003130	0.00002120	0.00010617	0.00001150	0.00004430	0.00002990	0.00000000	0.00000224	0.00000160
2:Ins:R:0	0.00040204	0.00033185	0.00049292	0.00199839	0.00191671	0.00116234	0.00000000	0.07827026	0.00376734
2:Ins:R:1	0.00000788	0.00027166	0.00055330	0.00020853	0.00166182	0.00210019	0.00000000	0.02359708	0.00326139
2:Ins:R:2	0.00022135	0.00103534	0.00026633	0.00079041	0.00030459	0.00076094	0.00000000	0.00363960	0.00154666
2:Ins:R:3	0.00051427	0.00038133	0.00013779	0.00049907	0.00017758	0.00035163	0.00200402	0.00118317	0.00024006
2:Ins:R:4	0.00291310	0.00197742	0.00007190	0.00018947	0.00001660	0.00003070	0.00000000	0.00380259	0.00022169
2:Ins:R:5	0.01812158	0.01363338	0.00010369	0.00074864	0.00176438	0.00000000	0.00200402	0.03327522	0.00000259
3:Ins:R:0	0.00000031	0.00005780	0.00002630	0.00121919	0.00066786	0.00025457	0.00400803	0.05448195	0.00077334
3:Ins:R:1	0.00025469	0.00122705	0.00045098	0.00028861	0.00067172	0.00082336	0.00000000	0.00510145	0.00152975
3:Ins:R:2	0.00004410	0.00021007	0.00060034	0.00074653	0.00013577	0.00011826	0.00000000	0.00126260	0.00004958
3:Ins:R:3	0.00016670	0.00000302	0.00007420	0.00024974	0.00003790	0.00000518	0.00000000	0.00056696	0.00004653
3:Ins:R:4	0.00008890	0.00014181	0.00007400	0.00015595	0.00012204	0.00001610	0.00000000	0.00020118	0.00001575
3:Ins:R:5	0.00124870	0.00186471	0.00003960	0.00001980	0.00003660	0.00000000	0.00000000	0.00101487	0.00001267
4:Ins:R:0	0.00000000	0.00001680	0.00016664	0.00146792	0.00077776	0.00016439	0.00000000	0.04975165	0.00052016
4:Ins:R:1	0.00074438	0.00120373	0.00126643	0.00047628	0.00110390	0.00071557	0.00200402	0.00147968	0.00136458
4:Ins:R:2	0.00007550	0.00001220	0.00009840	0.00052866	0.00007990	0.00004240	0.00000000	0.00101738	0.00039980
4:Ins:R:3	0.00015754	0.00013417	0.00005250	0.00033482	0.00000858	0.00002150	0.00000000	0.00030994	0.00000479
4:Ins:R:4	0.00031965	0.00024939	0.00014691	0.00005600	0.00020551	0.00000000	0.00000000	0.00152857	0.00003082
4:Ins:R:5	0.00100132	0.00219354	0.00013521	0.00010686	0.00088523	0.00000218	0.00000000	0.00000012	0.00000719
5:Ins:R:0	0.00000000	0.00000000	0.00008580	0.00871678	0.00031833	0.00016585	0.01202410	0.33665180	0.00072143
5:Ins:R:1	0.00144313	0.00013566	0.00213585	0.00540564	0.00976111	0.00125400	0.00200402	0.00843231	0.00229238
5:Ins:R:2	0.00025483	0.00000553	0.00022203	0.00132184	0.00010115	0.00010285	0.00000000	0.00024644	0.00021296
5:Ins:R:3	0.00023709	0.00009770	0.00000759	0.00002880	0.00007090	0.00008020	0.00000000	0.00173759	0.00000302
5:Ins:R:4	0.00026187	0.00000215	0.00002530	0.00004830	0.00000674	0.00005050	0.00000000	0.00016509	0.00005035
5:Ins:R:5	0.00011983	0.00011563	0.00016023	0.00006170	0.00019055	0.00000989	0.00000000	0.00000224	0.00000260
2:Del:M:1	0.00119782	0.00017555	0.18899749	0.00063287	0.00491367	0.00390097	0.01803614	0.00236192	0.03953384
3:Del:M:1	0.00008190	0.00000055	0.00703416	0.00099010	0.00929034	0.00301133	0.00000000	0.00014290	0.00210806
3:Del:M:2	0.00147959	0.00294406	0.04941660	0.00443363	0.00430269	0.00154330	0.00000000	0.00118844	0.00445127
4:Del:M:1	0.00008380	0.00014700	0.01098172	0.00274539	0.00580955	0.00192772	0.00601205	0.00123037	0.00334573
4:Del:M:2	0.00014548	0.00055061	0.02948388	0.00868271	0.00159159	0.00329745	0.00000000	0.00011789	0.00271152
4:Del:M:3	0.00016068	0.00069357	0.04886664	0.00477309	0.00109834	0.00254408	0.00000000	0.00041202	0.00175756
5:Del:M:1	0.00000082	0.00062496	0.00045312	0.07106658	0.28072426	0.00003540	0.03006024	0.00007270	0.01006779
5:Del:M:2	0.00000000	0.00011771	0.00013623	0.25310835	0.12361016	0.00022124	0.02204418	0.00069074	0.00828299
5:Del:M:3	0.00000000	0.00005670	0.00111224	0.21680603	0.04613041	0.00057091	0.00601205	0.00061764	0.00336542
5:Del:M:4	0.00003880	0.00046284	0.00365295	0.12048394	0.01636726	0.00044831	0.00400803	0.00005320	0.00213513
5:Del:M:5	0.00066512	0.00236732	0.00004560	0.09928300	0.01281488	0.00000000	0.00000000	0.00331746	0.00074925
