MutationType	CPCT02020318T	CPCT02010377T	CPCT02060017T	CPCT02060166T	DRUP01080024T	CPCT02300029T	CPCT02130024T	CPCT02370015T	CPCT02080291T	CPCT02330082T	CPCT02130035T	CPCT02020667T	CPCT02190030T	CPCT02070304T	CPCT02230093T	CPCT02170024T	CPCT02050342T	CPCT02130064T	CPCT02130063T	CPCT02080208T	CPCT02130066T	CPCT02130067T	CPCT02100172T	CPCT02130084T	CPCT02060220T	CPCT02100169T	CPCT02080218T	CPCT02050332T	DRUP01080031T	CPCT02040245T	DRUP01050048T	DRUP01010142T	CPCT02080224T	CPCT02260021T	CPCT02020762T	CPCT02130116T	CPCT02050342TII	CPCT02130138T	CPCT02130139T	CPCT02230115T	CPCT02010902T	CPCT02290056T	CPCT02130152T	DRUP01170003T	DRUP01010095T	DRUP01030024T	CPCT02040292T	DRUP01050035T	CPCT02020577T	CPCT02050263T	DRUP01010108T	DRUP01010109T	DRUP01010113T	CPCT02120059T	CPCT02170010T	CPCT02030398T	CPCT02050250T	CPCT02050076TII	CPCT02050182T	CPCT02070187T	CPCT02030373T	CPCT02020589T	CPCT02040154T	CPCT02050091T	CPCT02020406T	CPCT02020405T	CPCT02070052T	CPCT02060063T	CPCT02230004T	CPCT02300006T	CPCT02080066T	CPCT02010492T	CPCT02020460T	DRUP01010019T	CPCT02050133T	CPCT02050144T	CPCT02050286T	CPCT02130006T	CPCT02130003T	CPCT02340039T	CPCT02230075T	CPCT02080169T	CPCT02150005T	WIDE01010522T	WIDE01010696T
1:Del:C:0	13	9	11	22	5	26	10	24	5	7	18	11	34	25	30	14	22	12	88	10	82	38	11	23	16	33	30	18	241	31	353	145	21	9	12	13	22	26	36	19	10	39	5	16	9	16	16	91	13	18	111	16	40	33	22	11	7	19	16	10	77	30	13	9	17	18	17	62	34	14	16	8	4	27	14	64	45	36	12	29	11	13	21	11	10
1:Del:C:1	5	20	6	6	7	15	13	16	9	7	7	10	29	8	10	17	15	13	27	10	31	44	1	16	14	14	23	9	100	21	133	63	13	9	6	10	14	16	10	8	7	36	7	13	9	12	11	44	11	15	47	9	37	18	14	9	7	14	12	6	28	18	9	9	9	10	10	21	19	7	9	12	1	28	10	25	27	21	6	9	4	9	16	9	4
1:Del:C:2	5	11	5	5	2	8	5	6	4	0	9	8	17	10	8	10	6	4	25	3	9	29	0	7	5	4	12	8	92	8	164	99	9	2	8	3	7	6	7	4	3	22	6	2	3	5	5	38	16	6	26	6	17	8	4	7	3	7	5	5	21	6	8	5	4	8	7	15	4	6	2	3	4	15	5	15	13	6	3	2	1	2	9	3	6
1:Del:C:3	2	15	3	3	2	5	4	7	2	2	4	3	9	5	3	9	3	7	9	1	11	18	0	5	12	7	6	2	288	14	415	216	4	3	2	2	2	7	4	4	1	9	2	3	1	6	2	16	1	6	18	6	11	7	3	0	4	2	4	3	8	3	3	4	2	4	2	2	2	3	3	1	1	21	4	8	7	4	1	2	1	4	2	2	3
1:Del:C:4	3	7	3	5	1	4	3	0	2	3	1	0	7	4	3	3	4	2	4	1	3	17	1	5	5	4	6	0	704	4	1078	571	6	3	1	0	4	5	2	2	3	7	1	1	3	2	3	9	0	2	21	3	3	3	5	2	2	3	0	3	8	3	2	1	2	4	1	3	3	3	2	1	1	8	3	6	4	4	4	2	2	4	3	0	3
1:Del:C:5	2	4	8	7	0	8	3	1	2	1	6	0	2	1	8	4	4	5	10	0	10	10	0	4	3	34	21	3	2453	15	4245	2049	3	1	1	1	4	6	9	3	2	4	2	0	2	17	5	18	2	6	48	4	5	13	1	5	5	16	0	4	21	2	3	2	5	4	8	8	1	4	1	1	1	10	13	36	15	14	3	9	1	1	3	3	1
1:Del:T:0	10	23	7	10	9	18	11	14	6	16	21	9	28	18	17	21	25	17	36	14	13	21	7	16	18	27	21	13	143	13	231	93	13	16	9	12	23	14	17	15	3	25	12	10	6	21	10	45	20	10	70	9	59	23	16	15	10	15	10	9	46	10	12	4	16	10	17	29	13	7	10	10	9	37	16	43	33	21	13	19	5	14	11	12	11
1:Del:T:1	4	12	5	15	4	11	10	4	8	6	7	7	27	9	11	12	17	10	25	8	22	10	6	9	9	9	20	5	101	11	192	102	13	9	7	9	16	7	15	5	6	18	9	13	6	10	11	54	16	13	70	13	38	12	13	3	3	9	12	5	15	15	10	7	2	5	10	19	9	6	8	3	13	22	14	29	16	12	8	8	2	5	12	10	9
1:Del:T:2	4	12	9	11	3	12	7	9	4	5	10	5	26	14	31	7	14	10	49	5	11	16	1	5	10	17	18	6	204	13	292	134	14	10	5	7	10	11	15	5	5	16	10	7	5	13	6	57	9	7	40	7	27	11	16	2	8	7	8	3	22	10	10	5	8	10	8	12	14	2	8	5	4	21	7	27	28	14	4	16	3	5	9	2	10
1:Del:T:3	12	15	6	6	10	13	7	6	3	4	11	12	13	16	13	9	13	6	76	10	18	15	3	13	16	23	15	14	792	17	1117	600	15	9	7	12	12	12	9	5	7	15	4	6	9	7	14	81	7	13	72	4	13	16	8	6	2	17	7	3	37	12	7	5	8	10	12	23	14	4	5	5	4	20	17	42	42	19	7	12	2	6	10	3	10
1:Del:T:4	5	11	2	7	6	17	5	3	5	3	11	5	11	12	30	6	13	3	72	3	17	10	6	6	12	19	21	7	2267	18	3117	1686	9	2	3	7	14	13	10	12	5	7	4	7	5	13	13	84	6	19	84	9	19	21	9	8	15	11	4	1	35	6	9	6	4	6	10	20	10	10	8	5	1	24	21	54	28	28	8	14	10	8	7	5	2
1:Del:T:5	96	32	42	179	16	222	74	17	47	17	202	20	61	112	289	20	79	27	695	20	305	81	33	36	55	548	296	55	45729	270	64100	33138	37	18	15	21	79	61	172	113	26	23	21	6	37	235	60	775	25	165	1788	28	29	184	15	115	138	212	26	45	616	37	73	19	30	102	93	124	72	92	71	16	7	124	273	1033	166	313	45	172	112	71	24	12	13
1:Ins:C:0	5	4	5	20	41	11	7	6	2	1	7	3	5	9	1	6	15	6	12	1	8	4	3	4	2	22	10	4	84	25	102	49	3	1	0	7	14	1	68	5	3	16	3	1	3	2	2	15	3	5	73	4	5	33	7	7	7	5	4	6	7	3	1	4	3	2	7	53	6	4	3	2	0	7	25	107	35	7	0	6	2	3	5	3	6
1:Ins:C:1	2	3	1	4	11	8	5	2	1	2	4	0	2	4	3	1	6	6	5	2	6	7	1	4	3	1	3	4	22	2	40	18	2	2	5	2	6	1	3	2	5	5	1	2	5	6	3	7	3	0	12	6	6	7	2	3	3	1	2	1	2	3	2	0	1	3	5	2	1	0	2	2	0	1	3	14	6	2	1	2	1	1	6	1	1
1:Ins:C:2	1	1	2	1	1	0	1	0	0	1	5	3	1	4	0	1	0	1	5	0	1	3	0	1	1	5	4	3	10	1	30	9	2	1	0	1	0	1	0	0	3	2	0	2	3	3	2	6	2	1	5	5	2	3	0	0	0	2	1	0	2	4	1	1	2	2	2	1	2	1	1	0	1	3	1	1	3	2	1	3	2	0	1	0	1
1:Ins:C:3	4	4	2	3	3	2	2	1	3	1	2	1	0	3	0	2	2	1	6	3	4	1	1	1	1	6	1	1	39	2	71	29	1	1	0	1	2	3	3	1	1	0	3	0	1	1	0	3	3	3	2	0	4	2	2	0	1	0	2	3	7	2	4	0	0	3	3	0	1	1	2	0	0	1	2	3	5	2	2	2	0	0	0	0	1
1:Ins:C:4	3	1	2	1	0	0	1	0	1	1	3	3	1	0	2	2	2	2	4	0	2	0	1	0	0	8	8	0	179	4	265	148	2	3	1	3	2	0	3	0	4	1	2	0	4	0	4	7	3	0	9	1	1	6	1	0	2	4	0	7	1	1	2	0	0	1	2	3	3	1	0	0	0	3	3	5	6	7	4	2	0	2	2	0	1
1:Ins:C:5	8	8	10	13	7	18	10	4	7	3	9	4	4	18	14	8	15	15	16	3	30	16	1	6	5	26	28	5	1155	11	1706	881	3	8	6	5	11	5	14	5	20	8	1	1	27	3	15	23	10	12	86	11	4	31	4	13	10	17	2	15	28	9	10	5	4	13	12	9	14	9	5	3	5	20	29	47	31	15	5	16	2	3	4	5	5
1:Ins:T:0	5	4	6	11	18	11	3	3	8	0	5	3	4	5	9	5	9	4	15	2	9	11	2	8	7	14	10	4	128	9	213	75	5	4	6	7	9	8	14	2	2	15	4	4	10	8	5	29	5	14	33	11	8	25	5	7	4	10	3	6	14	7	4	2	2	7	6	11	8	6	2	1	3	9	8	27	21	7	1	11	3	4	1	6	4
1:Ins:T:1	8	3	9	7	6	5	4	8	5	5	12	11	9	16	9	13	13	4	12	2	34	15	5	7	8	8	13	4	43	10	69	27	5	9	5	10	14	5	9	8	7	14	1	6	8	14	16	17	11	14	24	10	17	18	9	5	5	12	2	9	26	7	9	6	11	4	8	11	8	7	5	10	6	7	10	17	18	15	4	4	5	5	5	2	6
1:Ins:T:2	4	5	7	3	2	8	4	6	6	8	8	2	6	9	14	10	13	6	10	2	23	13	2	10	5	5	9	4	112	12	457	156	6	3	0	5	13	3	8	5	4	6	3	1	6	6	7	13	8	15	24	8	11	7	5	9	4	11	4	4	18	3	6	2	1	3	2	7	7	2	2	0	5	13	2	15	7	4	4	5	3	7	3	0	4
1:Ins:T:3	2	4	7	4	3	8	8	5	6	2	6	2	10	5	9	7	10	2	4	4	9	4	1	6	5	9	14	1	81	9	297	101	2	3	2	4	9	3	10	2	4	5	2	4	5	5	3	6	7	10	30	7	10	15	4	2	2	5	5	4	17	2	7	4	2	6	6	13	10	3	2	3	1	9	4	12	5	7	3	8	1	0	1	2	3
1:Ins:T:4	5	6	7	5	3	8	4	4	5	3	4	10	7	5	9	5	10	6	7	3	12	8	1	6	4	10	13	2	205	10	442	157	1	2	4	3	9	6	17	11	11	8	2	2	12	8	9	10	2	7	48	7	4	14	4	3	4	5	5	7	19	3	6	2	3	9	8	8	2	6	6	0	1	12	11	16	9	14	4	7	5	7	5	6	3
1:Ins:T:5	167	208	232	234	54	387	183	43	166	119	313	163	206	325	300	161	272	177	323	47	432	289	70	220	235	550	635	82	9199	669	19059	8417	156	128	85	183	265	203	330	142	459	228	63	59	594	254	288	386	181	292	1690	205	108	865	87	221	216	436	153	347	554	152	220	84	124	403	324	196	275	253	98	8	58	475	520	985	327	308	85	324	88	144	80	64	76
2:Del:R:0	1	5	10	5	1	10	4	6	2	1	7	6	9	12	10	8	10	3	15	3	9	14	4	2	4	12	15	4	233	8	302	134	5	5	8	5	10	6	5	5	2	10	6	1	3	5	6	10	5	11	29	5	17	7	6	5	3	10	4	4	12	6	3	0	3	5	7	12	3	5	4	2	4	8	4	22	10	6	3	8	1	7	12	5	7
2:Del:R:1	7	8	32	11	3	15	5	3	4	2	7	6	14	16	14	4	6	6	11	2	16	10	1	4	1	24	24	8	365	17	479	275	8	6	4	5	6	10	9	6	8	9	3	4	8	8	10	12	8	10	47	6	27	17	4	9	5	14	5	2	20	10	8	2	8	10	8	10	10	7	4	1	4	11	8	42	24	13	6	8	4	7	6	11	10
2:Del:R:2	2	1	3	3	1	4	2	0	0	2	3	2	6	10	6	1	4	1	3	0	7	3	2	2	3	8	8	1	161	6	239	118	3	2	2	0	3	1	4	4	0	5	1	1	0	1	3	4	3	1	13	4	1	1	4	1	2	4	3	2	4	3	3	1	1	3	4	6	1	3	4	2	1	3	7	12	4	5	2	3	2	2	5	2	1
2:Del:R:3	2	2	6	2	0	1	2	1	0	0	3	0	2	2	1	3	1	0	6	1	2	3	1	3	0	7	2	0	510	2	1003	399	1	3	2	3	1	1	0	0	2	5	1	0	3	3	3	6	1	3	9	2	2	3	1	0	1	4	2	0	6	0	1	0	1	2	1	3	2	1	0	0	1	3	2	11	4	2	0	0	1	2	1	1	3
2:Del:R:4	0	0	0	2	0	2	0	1	0	1	1	1	0	1	0	2	2	4	1	2	0	1	0	2	2	1	0	0	253	2	509	243	2	0	0	0	4	0	0	0	1	0	0	1	1	1	1	1	1	0	3	0	4	1	2	1	0	1	0	0	2	0	0	0	0	1	0	0	1	3	1	1	0	1	0	7	3	2	0	3	0	0	1	3	1
2:Del:R:5	0	2	5	1	0	2	8	0	1	0	2	2	2	2	3	1	1	1	4	1	3	4	0	3	1	11	1	1	785	2	1538	814	1	4	0	1	2	1	1	0	0	3	0	0	0	2	2	4	1	0	17	2	3	1	2	1	1	3	1	1	6	3	0	0	0	0	4	1	6	0	1	3	2	5	3	7	5	1	3	2	1	2	2	3	1
3:Del:R:0	0	1	1	1	0	3	3	1	0	1	4	0	4	3	3	6	3	2	3	0	1	2	1	1	2	5	6	2	87	6	127	61	2	2	2	1	1	4	1	4	0	1	2	4	2	6	4	6	1	1	7	4	12	8	2	0	2	5	4	3	3	3	2	0	1	8	3	4	4	0	1	1	1	1	1	1	10	2	2	1	0	3	3	3	1
3:Del:R:1	5	5	15	12	3	22	6	3	2	2	16	11	7	18	21	3	10	6	10	1	7	17	2	5	5	19	19	5	373	16	516	349	3	4	6	4	9	8	5	7	7	6	1	1	10	14	13	12	5	7	38	2	8	9	5	9	3	9	7	4	13	3	7	3	8	4	9	7	3	3	4	2	4	8	4	23	11	9	3	4	4	13	5	6	7
3:Del:R:2	3	1	3	1	2	3	3	2	1	1	1	1	1	4	2	0	5	3	7	1	4	1	0	0	2	5	6	3	133	3	173	107	2	3	2	1	4	1	3	1	2	0	2	1	5	4	4	7	3	4	12	0	5	0	1	1	2	2	0	0	1	0	1	2	1	2	2	2	2	0	0	0	2	4	1	7	5	5	0	0	0	2	2	1	0
3:Del:R:3	3	0	1	0	0	0	0	0	0	0	4	2	0	1	0	0	3	0	3	0	0	0	0	0	1	2	1	0	36	0	60	40	0	1	1	1	2	1	0	0	0	0	0	0	0	1	0	5	0	1	2	2	0	0	0	0	0	0	1	0	2	0	0	0	0	0	0	2	1	2	0	0	0	0	0	4	1	1	1	2	1	0	0	0	0
3:Del:R:4	1	0	1	0	0	0	1	0	0	0	0	0	0	0	0	0	0	0	1	0	0	1	0	0	0	0	1	1	22	0	38	17	0	0	0	0	0	0	0	0	0	0	0	0	0	1	0	1	0	0	2	0	0	2	1	0	0	0	0	0	0	0	1	0	0	0	0	1	1	0	1	1	0	0	1	3	0	0	0	0	1	1	1	0	0
3:Del:R:5	0	0	2	0	0	0	0	0	0	0	0	0	0	0	0	0	1	0	0	0	0	0	0	0	0	1	1	0	47	0	73	33	0	0	0	0	1	0	0	0	1	1	0	0	1	0	1	0	0	0	1	0	0	0	0	0	0	1	0	1	0	0	2	0	0	0	0	1	0	0	0	0	0	0	0	1	0	0	0	1	0	0	0	0	0
4:Del:R:0	0	1	1	1	1	4	4	1	1	0	3	1	2	6	7	3	6	3	5	3	2	1	0	3	2	2	4	1	23	2	51	23	4	1	3	2	5	2	2	4	3	4	2	1	5	7	2	5	2	0	9	2	8	3	1	0	2	1	3	5	4	3	2	2	2	3	2	10	1	0	0	1	0	1	1	4	13	1	1	0	1	3	1	1	0
4:Del:R:1	6	6	15	6	5	16	4	7	0	3	11	6	3	7	8	5	17	6	8	6	8	9	1	3	5	14	8	8	208	14	314	159	5	5	9	6	16	11	6	4	10	9	2	7	15	6	10	11	4	6	19	4	10	11	4	4	1	8	7	3	13	9	12	0	7	13	8	13	7	5	4	2	5	10	9	19	13	6	3	8	5	8	4	3	2
4:Del:R:2	0	2	3	3	0	10	4	0	1	1	3	1	4	5	4	0	3	2	4	1	1	3	0	0	1	6	4	1	82	1	109	51	0	1	1	2	3	2	3	0	4	1	1	3	5	6	3	9	3	2	15	1	2	2	2	3	0	2	2	1	1	0	1	0	1	2	2	1	1	2	1	0	2	4	2	5	4	4	1	3	2	2	1	0	1
4:Del:R:3	0	1	2	1	0	3	0	0	0	1	1	3	2	2	1	1	1	3	1	0	3	2	0	0	1	2	0	1	39	1	107	45	2	1	0	0	2	2	0	1	1	0	0	0	1	1	2	1	1	1	8	0	1	3	1	1	1	3	3	0	1	0	1	0	0	1	2	1	2	1	0	0	0	1	2	3	3	0	0	0	2	0	1	0	2
4:Del:R:4	0	0	0	0	1	1	0	0	0	1	3	0	1	1	0	0	0	0	0	1	0	0	0	1	0	1	1	0	15	1	48	22	0	0	1	0	0	0	0	0	1	1	1	1	1	0	1	0	0	0	4	0	1	0	1	0	0	0	0	0	0	1	1	0	0	0	1	1	0	2	1	0	0	0	0	3	0	0	0	1	0	0	0	0	0
4:Del:R:5	1	1	2	0	0	0	0	0	0	0	0	0	0	0	0	0	2	0	1	0	0	0	0	0	0	1	1	0	63	0	58	35	0	0	0	0	1	0	0	0	0	0	0	0	0	0	0	0	1	0	2	1	1	0	0	1	0	2	0	1	2	0	0	0	0	0	0	1	0	0	0	0	0	1	1	0	0	0	0	0	0	0	0	0	0
5:Del:R:0	7	17	14	19	3	41	15	16	3	11	26	27	33	23	25	28	28	30	60	17	18	28	21	17	42	41	44	55	32	15	53	21	26	21	44	8	19	21	25	34	33	55	22	23	11	50	75	42	41	13	17	10	71	41	47	31	16	14	9	19	32	41	21	9	12	32	14	137	15	20	7	10	11	21	13	17	116	25	21	23	11	32	19	13	9
5:Del:R:1	7	2	5	3	2	5	5	5	6	3	6	4	3	7	8	2	6	3	10	2	6	4	1	1	2	12	6	6	35	5	81	29	5	3	4	2	6	6	5	2	7	5	0	3	7	9	4	10	5	3	34	2	1	12	4	3	1	12	2	0	16	5	1	4	3	5	3	13	2	2	2	0	0	6	5	6	18	9	1	5	4	1	2	1	1
5:Del:R:2	0	0	1	1	0	0	0	0	1	1	0	1	2	0	0	0	1	1	1	0	0	2	0	0	1	4	2	1	27	0	49	16	0	0	2	0	2	1	1	0	1	0	0	0	1	2	1	1	1	0	10	2	0	2	0	0	0	2	1	0	5	0	0	0	1	0	0	4	0	0	0	0	0	0	2	3	4	1	1	1	0	0	0	0	0
5:Del:R:3	0	0	0	0	0	0	0	0	0	0	0	0	0	0	0	0	0	0	0	0	0	0	0	2	0	1	0	1	19	0	21	8	0	0	0	1	0	0	1	0	1	0	0	0	0	0	3	0	1	0	2	0	0	0	0	0	0	5	0	1	2	1	0	0	0	0	0	1	0	0	0	0	0	0	0	0	0	0	0	2	0	1	0	0	0
5:Del:R:4	0	0	1	0	0	0	0	0	0	0	0	0	0	0	0	0	0	0	0	0	0	0	0	0	0	0	0	0	5	0	9	5	0	0	0	0	0	0	0	0	0	0	0	0	0	0	0	0	0	0	0	0	0	0	0	0	0	0	0	0	0	0	0	0	0	0	0	1	0	0	0	0	0	0	0	0	0	0	0	0	0	0	0	0	0
5:Del:R:5	0	0	0	0	0	0	0	0	0	0	0	0	0	0	0	0	0	0	1	0	0	0	0	0	0	0	0	0	9	0	5	2	0	0	0	0	0	0	0	0	0	0	0	0	0	0	0	1	0	0	0	0	0	0	0	0	0	1	0	0	0	0	0	0	0	0	0	0	0	0	0	0	0	0	0	0	1	0	0	0	0	0	0	0	0
2:Ins:R:0	2	6	3	12	21	3	6	5	5	4	9	1	7	16	5	12	15	11	19	4	4	10	4	6	7	15	7	4	221	14	347	123	6	2	4	7	11	9	15	2	6	10	0	4	10	4	6	16	8	8	28	6	11	13	7	8	4	9	9	6	11	7	3	2	3	5	0	11	4	7	4	9	0	11	15	27	15	6	5	10	0	5	3	4	2
2:Ins:R:1	4	3	6	2	4	2	4	2	4	3	2	2	1	2	3	2	4	2	7	2	5	2	1	2	4	10	9	1	22	6	55	23	5	2	3	1	4	4	3	3	3	6	1	1	4	5	3	5	0	3	12	3	4	5	1	2	3	5	5	3	4	2	1	2	2	2	3	4	5	5	2	1	4	3	1	4	10	1	3	5	3	3	2	5	0
2:Ins:R:2	0	0	3	0	1	0	2	0	3	2	1	0	0	3	1	0	2	2	1	1	2	1	0	1	0	3	2	0	30	1	54	27	2	2	0	2	2	4	1	0	0	2	2	1	0	1	0	1	1	0	6	1	0	4	1	4	1	2	1	0	7	1	0	1	0	0	3	2	4	3	0	0	2	3	4	6	3	2	3	3	1	1	2	0	1
2:Ins:R:3	1	0	0	1	0	2	1	0	1	0	0	0	1	2	1	3	2	0	2	1	0	3	0	2	0	3	0	2	69	4	128	36	0	0	0	1	0	0	2	0	1	1	0	1	1	0	3	1	1	2	2	0	1	4	2	0	1	2	0	0	6	1	2	3	0	1	2	1	0	1	1	0	1	0	0	2	4	3	1	3	1	0	3	0	0
2:Ins:R:4	0	2	3	3	2	6	2	2	0	1	2	0	2	2	1	2	3	2	4	1	5	1	0	2	1	4	1	0	280	1	543	212	3	2	0	3	1	0	3	2	1	1	1	3	2	2	0	3	3	1	20	1	0	5	1	3	1	6	1	5	11	1	3	1	1	3	1	5	1	1	0	0	0	5	4	13	0	2	1	3	0	0	1	1	0
2:Ins:R:5	8	9	9	14	1	14	7	8	6	5	20	4	6	10	14	7	20	10	31	4	27	7	3	11	13	46	25	6	1485	22	2187	1167	6	5	4	14	12	13	13	3	16	10	3	1	17	13	12	38	8	17	143	4	11	47	7	13	9	34	5	12	34	6	10	5	4	9	11	5	11	12	6	1	6	30	35	71	19	14	10	14	5	3	4	2	3
3:Ins:R:0	0	3	5	6	4	3	4	2	3	2	2	3	1	6	1	3	5	4	10	1	5	2	4	2	4	7	7	1	52	5	73	26	0	1	2	2	3	10	4	1	2	1	1	0	3	2	1	8	3	0	12	0	4	5	6	5	1	9	0	5	6	3	2	0	2	5	3	8	0	0	3	2	3	3	3	25	12	3	4	3	1	3	0	2	1
3:Ins:R:1	2	1	1	2	2	2	2	2	3	0	0	0	2	0	2	2	2	2	6	0	2	2	1	3	2	6	5	1	8	4	20	9	1	1	1	2	3	0	1	4	1	2	0	0	2	4	1	5	2	0	8	1	3	4	4	2	3	4	4	2	1	0	1	2	0	2	1	3	2	2	0	2	1	3	1	5	6	2	1	1	0	1	1	0	1
3:Ins:R:2	0	0	0	0	0	0	0	0	0	0	1	0	1	0	0	2	0	1	2	0	0	0	0	0	0	1	1	1	5	0	7	8	0	0	0	0	0	1	1	0	0	1	0	0	0	0	0	2	0	0	2	0	0	0	0	0	0	2	0	0	0	0	0	0	0	0	0	0	0	1	0	0	0	0	0	3	1	0	0	1	1	1	0	1	1
3:Ins:R:3	0	0	0	0	0	0	0	0	0	1	0	0	0	1	0	0	1	1	1	0	0	0	0	0	0	0	0	0	11	0	12	1	0	0	0	0	0	0	0	0	0	0	0	0	0	1	0	2	0	0	1	0	1	1	1	0	0	0	0	0	0	0	1	0	0	0	0	0	0	0	0	0	0	0	1	1	1	0	0	1	0	0	0	0	0
3:Ins:R:4	0	0	0	1	0	0	0	0	1	0	0	0	0	0	0	0	0	0	1	0	0	0	0	0	0	1	0	0	8	0	15	12	0	0	0	0	0	0	0	1	0	0	0	0	0	0	0	0	0	0	1	0	0	1	0	0	0	1	0	1	1	0	0	1	0	0	0	0	0	0	0	0	0	0	0	0	0	0	0	0	0	0	0	0	1
3:Ins:R:5	1	0	1	4	1	0	0	1	0	0	1	0	0	1	0	1	0	0	0	1	0	2	0	1	1	9	1	1	115	1	138	66	1	0	0	0	0	0	2	1	0	0	0	0	1	3	0	0	0	1	12	0	1	0	0	1	2	4	0	2	4	1	2	0	0	0	1	1	1	1	1	0	0	1	2	4	1	2	0	0	0	1	2	0	0
4:Ins:R:0	1	2	4	4	3	7	5	2	2	3	6	6	2	6	3	7	6	6	12	5	2	5	2	4	4	17	9	4	183	11	249	74	3	3	0	4	6	10	5	4	2	3	1	4	8	4	9	10	5	3	32	1	1	6	5	2	4	8	1	5	11	4	6	0	2	5	7	11	4	2	0	2	1	5	4	19	17	7	1	5	2	1	3	8	0
4:Ins:R:1	3	2	2	3	1	4	0	1	2	2	0	2	0	3	3	2	1	1	6	2	0	0	0	1	4	2	2	3	11	0	20	11	4	4	0	3	1	2	2	1	1	4	0	0	2	2	1	7	3	2	14	1	2	7	1	1	0	5	4	2	0	1	2	1	2	0	4	1	1	1	2	0	1	5	2	6	2	2	2	5	1	3	1	2	0
4:Ins:R:2	0	0	1	1	0	0	2	0	0	0	0	0	0	2	0	0	0	1	5	0	0	0	1	2	0	3	0	0	15	2	26	2	1	0	0	0	0	0	1	0	0	2	0	0	0	0	0	3	0	1	2	1	0	0	1	0	0	1	0	0	0	1	0	1	0	0	0	0	2	0	0	0	0	1	0	1	2	0	0	1	0	0	0	0	1
4:Ins:R:3	0	0	0	1	1	1	1	0	0	0	0	1	0	0	0	0	0	0	0	0	2	0	0	0	0	2	0	0	26	0	61	17	0	0	0	0	0	1	1	1	1	0	0	0	0	0	1	0	0	0	1	0	0	0	0	0	0	0	0	0	1	0	0	0	0	0	1	1	0	0	0	0	0	0	0	2	1	0	0	1	0	0	0	0	0
4:Ins:R:4	0	0	0	0	0	1	0	0	0	0	0	0	0	2	0	1	1	2	2	0	1	0	0	0	0	0	2	0	52	0	54	30	0	0	0	0	0	1	0	0	1	1	0	0	1	1	0	3	0	0	4	0	0	2	0	0	0	1	1	2	1	0	0	0	1	0	1	0	0	1	0	0	0	0	1	4	1	0	0	0	0	0	0	0	0
4:Ins:R:5	0	0	0	3	1	1	0	0	0	0	3	0	0	1	0	1	2	1	0	1	0	1	0	0	0	4	0	0	41	0	44	25	0	0	0	0	2	0	1	1	1	0	0	0	3	0	1	0	0	0	11	0	1	5	0	1	0	4	0	4	0	0	1	0	0	0	0	1	0	0	0	0	1	0	2	3	1	1	0	1	0	0	0	0	0
5:Ins:R:0	22	20	21	48	14	69	44	18	10	14	50	43	33	37	36	51	48	67	103	41	30	49	48	28	77	74	80	15	407	26	597	187	41	35	63	19	20	46	51	63	56	36	24	39	22	61	146	67	56	26	89	9	14	62	73	51	23	40	16	40	61	57	35	19	23	37	28	69	16	39	8	15	21	21	23	54	139	42	34	44	19	51	35	19	7
5:Ins:R:1	3	12	4	10	6	8	2	1	3	9	11	4	11	12	9	8	10	12	21	6	4	9	3	5	9	15	12	5	30	16	65	21	7	3	5	3	7	11	10	8	7	7	0	6	10	7	6	17	4	5	40	2	8	14	6	4	4	14	8	8	11	10	4	5	2	8	5	17	7	9	4	5	8	24	9	25	29	6	6	3	6	2	11	4	3
5:Ins:R:2	0	0	1	0	0	0	0	0	0	0	0	0	1	0	1	0	0	0	2	0	0	1	0	0	0	3	1	0	6	0	17	6	0	2	0	1	0	0	0	1	0	0	0	0	0	0	0	3	0	0	6	0	0	1	2	1	1	1	1	1	0	0	0	0	0	1	0	0	0	0	0	0	0	0	2	2	8	1	1	1	0	0	0	0	0
5:Ins:R:3	0	0	1	0	0	1	0	0	0	0	1	0	0	0	0	1	1	0	1	0	1	1	0	1	0	2	1	1	3	0	10	7	0	1	0	2	1	0	1	0	0	0	0	0	0	0	1	1	0	0	3	0	0	0	0	0	0	0	0	0	0	0	1	0	0	1	0	0	0	0	1	0	0	0	1	0	0	1	1	0	0	0	0	0	1
5:Ins:R:4	0	0	1	0	0	1	0	0	0	0	1	1	0	0	1	0	1	0	0	0	0	0	0	0	0	0	1	0	6	0	7	3	0	0	0	0	1	0	0	0	0	0	0	0	0	0	0	1	0	0	1	0	0	0	0	0	0	2	0	0	0	0	0	0	0	0	1	0	0	0	1	0	0	0	1	0	1	0	0	0	0	0	0	0	0
5:Ins:R:5	0	0	0	1	0	0	0	0	0	0	1	0	0	1	0	0	0	0	0	0	0	0	0	0	0	1	2	0	3	0	3	1	0	0	0	0	0	0	0	0	0	0	0	0	0	0	0	0	0	0	2	0	0	0	0	0	0	0	0	0	0	0	0	0	0	0	0	1	0	0	0	0	0	0	0	0	2	0	0	0	0	0	0	0	0
2:Del:M:1	6	7	21	5	5	7	8	9	10	4	12	2	9	14	18	9	11	10	10	7	12	19	5	5	7	21	17	6	337	17	465	256	7	7	8	3	11	10	5	6	8	11	4	6	9	12	12	16	10	12	58	5	27	11	7	5	3	18	6	9	27	3	8	8	8	5	9	15	9	6	9	7	8	8	9	32	22	12	6	7	4	9	8	6	6
3:Del:M:1	1	3	2	2	0	1	3	2	0	2	2	3	4	7	3	3	2	1	4	0	1	4	0	5	3	4	4	1	26	2	75	24	3	0	1	5	2	2	3	6	2	3	0	1	3	3	5	5	2	1	4	4	16	3	3	0	0	5	1	2	4	4	1	1	3	2	2	7	2	2	2	0	1	6	2	4	9	1	2	4	2	2	2	2	1
3:Del:M:2	3	2	9	3	1	13	4	2	2	0	6	4	3	9	6	6	5	2	2	0	4	4	0	6	2	11	5	1	189	13	283	167	8	2	3	7	5	6	4	7	5	4	1	2	6	5	5	5	3	7	20	3	9	6	1	6	2	7	2	0	4	7	1	3	3	4	4	7	7	3	1	2	2	5	3	20	16	6	4	6	3	6	4	2	2
4:Del:M:1	2	0	4	1	1	2	4	1	2	1	4	6	4	3	4	1	1	1	7	3	2	3	1	1	3	8	2	0	80	3	130	52	1	3	3	1	1	3	6	1	3	4	0	2	3	3	5	5	3	1	13	2	11	2	1	1	1	1	2	3	4	5	3	0	3	2	1	3	0	3	3	2	3	2	3	5	6	4	1	4	0	1	4	0	2
4:Del:M:2	2	5	6	3	2	8	5	3	2	0	7	6	0	5	2	3	4	5	4	3	4	0	2	3	2	6	3	6	88	3	123	58	0	2	3	2	4	1	6	2	4	3	0	2	4	9	5	4	2	4	8	3	10	5	0	3	0	1	2	3	11	6	2	1	2	6	2	4	5	4	2	1	2	5	3	8	15	2	2	1	2	5	3	2	2
4:Del:M:3	3	2	9	5	1	4	7	2	7	4	4	3	2	3	10	1	10	7	8	1	2	6	0	1	3	13	10	7	114	13	180	90	4	6	2	1	10	8	7	1	10	3	1	4	10	8	6	8	6	1	8	2	5	3	6	1	1	11	9	4	10	10	5	0	3	1	4	9	4	4	3	2	2	3	5	13	7	7	0	5	0	5	4	4	0
5:Del:M:1	7	13	10	11	8	23	7	9	3	3	22	16	27	18	17	8	19	25	58	14	10	19	4	15	15	26	24	56	90	27	129	74	22	5	13	8	13	25	19	18	9	72	13	42	11	36	35	43	12	9	31	7	87	30	38	10	10	16	11	10	20	56	18	8	11	18	13	132	10	13	2	9	10	20	10	30	129	11	17	9	3	22	16	13	8
5:Del:M:2	2	7	11	9	3	9	9	6	6	3	12	6	13	19	12	4	9	5	41	4	7	12	2	7	9	10	18	59	23	10	38	15	9	2	15	8	8	11	12	5	7	55	8	63	8	17	24	41	17	8	26	4	63	24	26	6	5	7	9	3	22	67	9	5	7	40	8	246	8	13	5	4	7	12	11	21	215	6	13	8	6	6	7	5	6
5:Del:M:3	3	11	10	9	3	14	6	4	3	1	7	8	11	9	10	6	4	6	41	5	5	5	1	8	5	16	16	53	40	4	56	26	4	1	5	3	3	6	5	3	2	42	3	53	3	17	12	39	8	3	22	4	20	16	28	6	2	5	6	8	11	72	4	4	2	41	3	189	4	4	1	3	4	14	9	19	178	4	4	9	3	5	5	2	1
5:Del:M:4	2	5	5	4	2	5	3	5	4	0	2	5	4	3	8	1	1	6	23	1	1	2	1	4	2	8	9	26	21	2	25	19	1	2	4	3	2	3	8	4	2	17	0	31	3	10	8	17	6	2	12	0	7	12	14	5	3	4	0	5	3	36	1	2	4	23	2	114	2	4	3	0	2	5	2	9	106	2	2	5	4	4	5	5	1
5:Del:M:5	4	4	4	9	2	7	2	2	2	2	9	3	5	5	8	2	2	6	27	1	5	10	3	13	7	14	13	17	22	3	43	11	3	6	10	5	3	5	5	7	8	26	2	23	7	17	12	30	5	7	30	0	10	18	15	2	2	12	3	2	17	35	1	0	3	19	5	92	4	0	3	1	4	10	6	10	107	13	6	9	1	1	1	2	3
