MutationType	DRUP01010001T	CPCT02010424T	CPCT02010349T	CPCT02020325T	CPCT02030246T	CPCT02070010T	CPCT02010370T	CPCT02010369T	CPCT02070013T	CPCT02060018T	CPCT02060022T	CPCT02070009T	CPCT02010398T	CPCT02010408T	CPCT02030246TII	CPCT02010386T	CPCT02020309T	CPCT02080045T	CPCT02020398T	CPCT02010392T	CPCT02090003T	CPCT02060274T	CPCT02020650T	CPCT02080181T	DRUP01340015T	CPCT02070436T	CPCT02050225TII	DRUP01070031T	CPCT02070278T	CPCT02010732T	CPCT02060181T	CPCT02080175T	CPCT02020903T	CPCT02070441T	CPCT02080181TII	CPCT02070290T	DRUP01090011T	CPCT02080297T	CPCT02010680T	CPCT02090064T	CPCT02020937T	CPCT02090065T	CPCT02060191T	CPCT02060192T	CPCT02011090T	CPCT02070463T	CPCT02011094T	CPCT02030458T	CPCT02060282T	DRUP01090012T	CPCT02090042T	CPCT02340078T	WIDE01010040T	CPCT02020683T	CPCT02020691T	DRUP01010077T	DRUP01050021T	CPCT02080206T	CPCT02060292T	CPCT02060290T	CPCT02090044T	WIDE01010138T	CPCT02130062T	WIDE01010160T	CPCT02020706T	CPCT02070313T	WIDE01010187T	WIDE01010169T	CPCT02100161T	CPCT02070317T	WIDE01010239T	WIDE01010233T	CPCT02070322T	WIDE01010262T	WIDE01010267T	WIDE01010293T	WIDE01010167T	CPCT02060211T	DRUP01080012T	WIDE01010356T	WIDE01010374T	WIDE01010393T	CPCT02090036T	CPCT02340018TII	CPCT02340088T	WIDE01010452T	CPCT02080227T	CPCT02060230T	CPCT02020750T	CPCT02060241T	CPCT02060245T	CPCT02070319T	CPCT02010856T	CPCT02090052T	CPCT02090053T	CPCT02070357T	CPCT02090057T	CPCT02270035T	CPCT02060254T	CPCT02070365T	CPCT02060258T	CPCT02080247T	CPCT02020794T	CPCT02020790T	CPCT02060253T	CPCT02020775T	CPCT02030513T	CPCT02380051T	CPCT02080248T	CPCT02070371T	CPCT02070366T	CPCT02050392T	CPCT02130147T	CPCT02020812T	CPCT02020820T	DRUP01090014T	CPCT02060240T	DRUP01060024T	CPCT02020848T	CPCT02010648T	CPCT02060130T	CPCT02010649T	CPCT02060127T	CPCT02340106T	CPCT02150034T	CPCT02030415T	CPCT02060235T	CPCT02010625T	CPCT02060275T	CPCT02340026T	CPCT02090063T	CPCT02010549T	CPCT02060066T	CPCT02020450T	CPCT02010406TII	CPCT02050167T	CPCT02110036T	CPCT02010599T	CPCT02010595T	CPCT02100091T	CPCT02060104T	CPCT02010600T	CPCT02110040T	CPCT02340018T	CPCT02050225T	CPCT02040141T	CPCT02340020T	CPCT02080139T	CPCT02060061T	CPCT02070051T	CPCT02010408TII	CPCT02010429T	CPCT02020438T	CPCT02040072T	CPCT02020428T	CPCT02010494T	CPCT02070095T	DRUP01070006T	DRUP01070005T	CPCT02020465T	CPCT02030325T	CPCT02090011T	CPCT02060071T	DRUP01070010T	CPCT02070111T	CPCT02070098T	CPCT02090012T	DRUP01090001T	CPCT02070108T	CPCT02010548T	CPCT02090014T	CPCT02010559T	CPCT02080102T	CPCT02030422T	CPCT02070249T	DRUP01070029T	CPCT02070247T	DRUP01010053T	DRUP01100003T	CPCT02070257T	CPCT02340046T	DRUP01080008T	DRUP01340002T	CPCT02010715T	WIDE01010465T	WIDE01010487T	WIDE01010492T	WIDE01010497T	WIDE01010521T	WIDE01010519T	WIDE01010527T	WIDE01010517T	WIDE01010699T	WIDE01010713T
1:Del:C:0	38	54	9	14	19	14	29	52	59	13	17	35	26	13	29	49	22	69	11	8	23	23	43	25	28	136	11	11	6	27	17	31	20	14	30	31	22	39	19	14	18	20	43	17	9	15	9	13	7	16	15	7	43	63	49	25	158	11	30	15	87	17	30	33	6	10	66	64	105	24	12	29	16	37	26	0	12	44	80	23	17	122	18	106	20	19	19	15	11	9	33	27	24	52	14	260	20	23	35	11	8	24	48	21	20	13	40	10	12	26	15	16	52	12	12	38	20	41	21	30	14	17	19	27	50	173	10	9	16	14	10	28	13	12	16	20	16	13	8	115	4	14	112	94	13	14	21	5	46	13	15	12	45	51	7	27	36	4	38	20	32	26	29	20	5	24	55	14	33	15	27	10	35	12	63	14	16	14	134	19	19	52	13	20	8	26	30	17	71	34	10	31	15	24
1:Del:C:1	20	23	6	8	15	9	6	32	38	6	10	21	13	16	20	15	17	56	5	8	2	19	30	18	10	48	14	10	9	12	12	24	9	5	25	14	13	18	17	6	5	13	29	15	7	7	2	10	3	12	12	4	41	46	23	10	82	8	22	7	42	10	15	18	2	9	52	28	63	7	15	12	12	41	14	0	17	19	57	15	13	71	5	36	15	19	21	11	9	5	15	21	10	15	12	83	10	10	21	11	7	20	27	22	9	12	18	5	13	10	6	6	38	3	12	19	16	27	8	7	13	8	14	9	29	88	10	12	9	12	10	16	6	4	11	11	10	7	8	68	6	7	40	29	16	5	9	5	28	8	13	10	26	22	4	15	21	5	27	7	16	17	14	13	13	16	20	8	15	4	11	9	19	7	45	5	7	13	81	17	8	28	15	10	3	5	8	10	39	28	5	16	2	16
1:Del:C:2	9	12	2	4	7	3	5	20	24	9	3	9	13	7	7	17	6	27	0	3	5	6	22	6	8	45	5	3	0	7	5	8	6	3	7	11	4	6	9	3	4	4	23	1	3	1	2	1	2	2	6	1	15	18	23	7	29	1	17	1	23	11	11	5	2	4	31	11	34	2	6	6	5	18	4	1	5	10	25	5	3	29	3	19	4	5	6	5	4	1	6	14	9	5	0	34	6	7	4	2	7	6	22	9	6	2	10	0	6	5	6	8	18	1	4	8	8	18	1	2	7	4	4	9	14	43	8	2	2	3	2	6	2	4	4	6	2	2	5	38	4	3	19	17	7	2	7	1	4	3	8	8	4	17	2	6	8	0	9	4	5	6	5	7	5	9	10	4	10	5	8	6	13	9	28	4	1	8	38	7	7	17	5	3	2	4	2	6	21	23	0	3	6	13
1:Del:C:3	6	3	3	1	6	4	3	11	4	2	2	8	7	1	6	9	3	10	1	5	2	4	9	8	5	23	4	4	3	6	3	6	2	2	11	8	2	4	1	2	0	0	11	5	1	5	2	1	2	5	2	2	9	15	10	6	22	0	3	1	9	4	7	3	0	2	9	9	13	3	3	3	1	8	7	0	2	2	11	9	2	16	4	11	3	3	1	4	0	0	6	4	1	4	2	19	3	6	2	1	2	2	7	3	1	2	4	2	2	4	2	4	14	0	2	8	4	9	0	7	4	3	6	4	16	21	2	1	1	7	1	7	1	3	4	3	4	6	1	24	0	1	12	5	1	1	4	2	3	2	3	2	8	8	4	5	4	1	4	2	4	5	8	1	2	5	8	1	4	1	4	2	6	5	12	1	0	5	31	5	1	13	5	1	1	1	3	1	11	16	0	3	1	8
1:Del:C:4	0	7	0	2	3	2	3	3	0	3	0	2	1	1	2	4	5	7	0	2	4	6	2	2	1	4	2	0	2	1	1	7	3	1	2	3	1	3	0	2	3	1	7	1	0	2	0	0	0	2	0	0	2	6	3	1	20	0	1	0	4	1	5	2	1	1	9	2	8	1	0	4	6	5	2	0	3	1	6	5	2	8	0	8	2	3	4	3	0	2	2	5	3	3	1	12	3	1	4	0	2	1	4	3	1	2	2	2	1	2	0	0	9	1	2	3	2	4	1	4	2	2	2	2	5	17	2	3	4	2	4	2	1	1	4	3	3	1	0	26	0	2	7	4	3	0	2	0	3	0	0	1	3	4	0	6	2	0	2	0	5	3	5	2	2	7	7	1	1	1	2	2	4	1	5	1	0	0	28	2	1	5	2	1	1	3	1	1	10	4	1	3	3	4
1:Del:C:5	2	6	1	1	2	0	0	3	0	0	1	4	3	5	2	0	1	11	0	2	2	4	3	3	2	9	2	0	1	2	3	1	0	4	4	2	2	2	3	2	2	1	5	0	1	0	0	2	1	1	3	0	3	2	6	2	35	1	1	0	7	2	4	6	0	1	5	5	12	4	1	3	0	1	2	0	1	3	10	5	1	6	4	6	3	3	4	5	1	1	7	3	3	3	2	12	1	2	5	2	2	4	6	1	3	4	3	1	2	3	3	7	2	2	2	9	4	3	1	4	3	3	1	3	5	33	3	2	0	1	1	1	1	0	1	0	4	7	0	19	4	2	8	5	1	3	1	1	6	1	5	1	1	3	2	1	1	0	4	1	3	5	1	2	2	6	3	1	1	1	7	1	6	4	3	2	0	2	26	6	1	5	1	1	0	3	4	0	10	5	0	1	0	5
1:Del:T:0	18	21	5	12	23	8	9	43	39	16	16	19	21	9	19	17	13	60	5	8	7	23	53	13	11	45	15	11	3	7	15	23	6	12	17	11	7	19	10	13	9	12	48	10	6	11	5	6	5	12	8	6	51	60	32	7	92	9	28	4	72	10	18	17	5	13	43	37	58	14	12	15	14	43	12	2	6	25	72	21	10	65	16	43	8	24	11	17	3	4	19	17	14	18	4	85	8	13	14	7	7	16	27	11	7	13	15	5	8	12	6	20	64	8	10	11	24	13	10	19	16	9	12	13	43	75	10	7	7	21	16	13	7	6	15	10	7	10	10	111	11	13	44	41	14	9	11	7	14	8	8	9	8	21	15	17	6	2	22	7	24	14	15	15	4	16	22	7	9	8	15	8	19	7	65	8	4	17	119	22	12	28	20	8	3	16	16	12	37	45	1	13	9	16
1:Del:T:1	24	34	7	5	6	8	0	25	34	5	13	8	28	6	9	8	5	52	1	10	6	12	21	15	6	32	9	5	5	7	7	11	9	10	13	21	2	8	8	7	4	8	24	2	1	8	3	10	5	4	7	1	41	51	20	5	296	2	17	2	251	7	5	7	5	2	33	27	50	7	4	15	5	36	13	2	7	13	58	9	9	43	3	21	10	6	6	9	4	5	7	14	9	24	3	42	4	4	8	4	2	7	19	12	8	4	6	4	8	16	8	7	47	4	7	13	13	25	18	10	10	2	5	7	24	120	4	10	4	8	8	8	8	2	12	11	7	3	4	79	3	4	22	22	7	8	9	3	4	10	4	9	12	12	5	10	9	0	8	2	6	4	8	6	1	8	10	5	15	6	8	6	16	4	45	2	5	10	93	7	7	21	9	4	3	6	10	9	41	26	4	10	3	8
1:Del:T:2	21	19	2	5	11	13	9	29	27	8	9	8	14	9	12	16	12	53	6	8	3	6	22	12	9	65	6	8	6	7	8	8	7	10	13	20	6	18	5	3	7	19	30	5	5	6	8	4	3	3	8	2	24	35	19	5	54	3	21	3	41	13	16	13	1	4	28	27	68	8	4	11	7	31	10	2	4	24	59	15	12	56	8	30	5	8	8	13	3	5	12	11	9	21	8	81	6	6	26	8	4	17	22	16	7	5	13	0	6	5	5	4	30	3	6	14	14	21	9	14	11	3	9	7	33	59	2	13	6	10	8	10	6	2	5	6	8	6	4	96	4	10	43	28	6	6	8	3	18	11	9	8	17	16	1	9	12	2	11	6	11	5	11	10	2	9	16	6	7	4	11	3	14	3	38	3	2	8	113	8	6	13	8	6	2	9	11	2	29	28	0	25	6	12
1:Del:T:3	22	23	7	5	13	8	13	27	24	9	4	23	15	4	14	21	16	36	4	3	12	7	14	15	9	68	9	5	5	9	7	8	4	9	16	18	4	13	8	4	3	12	24	4	7	14	5	9	1	3	6	1	19	25	19	9	85	3	13	3	46	14	18	6	2	4	23	34	54	8	2	13	13	36	15	0	4	32	41	14	16	61	6	27	3	8	4	15	6	3	14	16	11	20	16	107	5	4	33	6	4	18	36	11	7	6	13	4	8	5	8	10	32	5	8	13	18	21	6	12	8	7	11	9	27	43	6	9	8	17	8	16	5	7	4	6	7	10	0	48	2	6	63	36	9	7	10	1	15	4	4	8	21	14	2	7	26	2	23	7	9	9	9	19	3	17	25	10	11	4	12	4	15	3	27	7	2	4	58	6	9	14	17	6	4	4	19	9	38	18	4	7	5	14
1:Del:T:4	9	8	4	3	11	4	9	16	12	3	5	13	13	7	11	19	5	27	8	2	4	14	13	12	7	65	3	2	1	5	9	8	4	6	13	14	6	12	6	6	3	10	14	8	2	3	0	6	1	8	2	1	18	13	19	5	69	3	14	2	37	7	8	13	1	3	11	27	32	9	6	10	7	19	9	2	3	23	35	10	6	46	7	27	7	3	4	7	1	5	9	13	9	16	3	80	2	7	19	7	5	2	20	4	3	6	9	6	6	9	5	6	17	11	8	19	10	15	1	16	7	7	13	5	16	26	4	4	4	7	1	11	4	2	3	5	2	4	3	23	1	12	27	26	4	7	3	2	21	2	5	4	14	6	1	11	14	1	16	4	9	8	10	9	1	7	21	8	8	3	6	5	11	2	12	6	1	6	29	9	4	14	6	2	1	4	9	3	33	14	2	7	4	12
1:Del:T:5	27	25	4	17	22	23	21	53	62	9	20	38	44	11	25	61	38	87	21	7	16	58	22	18	15	179	28	13	10	27	39	25	25	25	24	32	5	25	17	23	22	31	72	9	8	15	4	5	8	18	7	3	38	58	69	15	741	9	27	10	40	22	34	68	3	27	36	108	123	48	25	98	11	60	64	0	5	74	109	21	22	111	137	70	31	16	17	14	4	34	45	20	31	62	35	261	6	23	89	21	6	34	44	14	11	20	16	21	38	42	9	21	70	25	12	98	33	54	5	34	28	24	21	12	77	68	7	10	45	23	17	28	12	3	15	27	11	36	27	37	2	17	92	71	29	12	40	3	214	14	11	5	32	33	9	23	35	4	38	1	26	61	32	17	9	47	48	27	24	8	39	8	64	9	34	33	3	16	48	76	7	66	21	7	11	17	34	8	114	27	0	17	9	84
1:Ins:C:0	0	5	1	3	4	3	1	5	4	6	3	2	6	2	3	5	5	9	1	0	3	3	3	3	88	13	2	3	2	2	4	2	4	6	31	4	7	6	4	4	1	5	4	3	5	3	2	0	4	6	1	4	3	5	2	3	45	3	5	2	17	5	6	7	0	1	4	3	6	1	4	8	1	1	3	1	2	4	10	4	4	6	2	7	3	4	5	2	0	1	2	5	1	6	3	5	0	0	5	1	2	8	8	3	8	3	5	3	1	2	1	1	11	4	6	2	6	6	2	7	5	0	3	5	7	17	3	3	3	3	0	1	3	0	0	4	4	2	0	22	0	6	13	11	2	4	3	1	3	4	4	1	2	5	3	3	2	1	4	4	4	6	2	5	2	2	4	1	1	0	1	6	9	1	6	3	2	6	26	5	3	27	4	3	1	5	5	3	4	5	1	1	4	6
1:Ins:C:1	4	8	1	0	2	0	1	6	5	1	1	2	4	1	1	1	1	4	1	1	2	2	1	2	32	10	1	1	1	4	1	3	2	1	11	2	2	5	1	0	0	3	1	1	0	2	0	3	3	0	3	0	3	1	4	3	11	2	0	2	9	1	0	3	2	1	1	1	12	4	2	4	0	2	4	0	3	2	5	5	3	10	5	8	3	2	1	2	3	1	1	6	2	6	1	4	0	2	3	1	1	4	3	1	1	3	4	0	4	0	1	1	6	0	1	1	2	6	3	1	6	1	1	1	5	3	2	0	3	1	2	3	0	0	0	2	0	0	2	4	0	0	4	4	0	2	2	2	3	1	3	0	3	1	2	3	2	0	2	2	1	4	5	3	1	5	0	4	4	1	1	3	1	0	8	3	5	1	7	3	1	8	3	3	2	5	1	4	5	2	0	0	1	1
1:Ins:C:2	2	4	1	0	0	3	1	9	1	1	0	0	0	5	2	0	1	4	0	0	1	1	5	1	5	8	1	0	1	0	2	2	0	1	5	4	4	2	0	0	3	2	0	2	0	4	0	0	0	0	1	1	5	6	2	0	3	0	1	0	4	1	1	2	0	1	11	6	2	2	0	1	0	2	0	0	1	1	7	2	1	4	0	0	1	1	1	1	0	0	2	3	2	1	0	3	0	1	0	1	1	4	1	2	1	3	3	0	1	3	0	2	8	2	1	1	2	1	0	4	0	1	1	4	3	4	1	2	0	2	1	1	0	0	1	0	0	2	1	4	0	1	3	2	1	1	0	4	0	3	5	3	1	0	0	0	3	0	0	1	1	2	3	2	2	4	1	0	0	1	0	2	2	0	10	1	1	1	5	1	1	5	5	0	1	1	1	2	2	3	2	2	0	4
1:Ins:C:3	2	2	0	1	1	1	1	1	0	3	2	1	4	0	2	0	0	4	0	0	3	0	1	0	8	4	2	2	1	1	0	2	1	2	1	1	0	2	1	0	1	1	4	0	0	1	0	1	3	0	0	2	3	2	0	1	1	1	2	0	3	2	2	2	0	1	5	3	3	3	2	0	1	0	0	1	0	0	6	0	1	3	0	0	2	1	0	2	0	2	0	1	2	5	1	3	2	0	0	1	0	2	3	4	2	0	1	0	2	1	3	1	4	0	1	3	2	1	2	1	0	5	0	2	2	4	2	0	2	0	2	3	0	1	0	4	1	2	2	1	1	1	3	1	1	1	1	1	1	1	1	0	0	2	0	1	1	1	1	1	1	0	5	0	2	0	0	2	0	0	1	1	3	0	7	2	2	2	1	3	1	5	1	1	0	1	0	0	2	1	1	0	1	3
1:Ins:C:4	1	1	0	0	0	1	1	0	2	0	0	3	1	0	0	1	0	2	2	0	0	0	0	1	13	1	1	2	3	0	1	1	1	0	2	2	0	1	0	0	0	3	6	0	1	1	0	1	1	0	2	0	1	3	2	4	2	0	1	0	0	1	1	0	1	3	0	0	4	1	0	0	1	0	2	0	0	1	4	1	0	1	0	2	2	0	2	0	2	1	0	0	1	7	2	7	1	0	2	0	0	1	2	1	3	2	1	0	0	1	2	1	1	1	1	1	1	3	2	2	0	2	1	0	2	0	1	3	0	0	2	1	1	0	1	0	0	4	3	2	0	0	2	1	0	2	0	0	2	3	0	0	1	0	0	1	1	0	3	0	1	2	1	2	2	0	0	2	0	1	2	0	0	1	1	0	1	0	1	0	0	1	1	0	0	0	0	1	4	1	0	0	0	2
1:Ins:C:5	3	6	1	8	1	1	0	4	2	0	1	6	3	4	3	11	4	8	5	1	2	6	5	1	24	7	2	6	5	11	5	5	0	5	6	2	2	5	3	6	4	4	8	0	2	4	1	2	4	0	3	3	2	6	12	13	19	2	5	2	2	7	5	6	3	7	9	14	14	3	2	7	3	5	4	2	0	3	9	1	2	5	11	2	2	6	4	4	1	4	2	1	4	2	2	14	1	5	2	4	1	3	9	3	4	2	6	5	4	4	3	6	13	2	2	11	6	13	1	2	2	14	9	3	13	4	0	11	4	3	3	2	2	1	0	3	3	4	5	4	1	3	21	2	2	2	2	1	6	1	4	0	4	1	2	2	3	3	7	2	0	7	8	4	1	3	1	6	0	1	8	3	2	0	2	5	2	4	6	9	1	4	4	1	2	2	1	1	19	4	0	0	1	16
1:Ins:T:0	5	6	1	9	3	6	2	6	5	2	3	8	10	1	4	2	9	6	3	1	5	6	3	3	41	17	2	8	3	5	7	7	9	4	24	3	5	3	4	7	2	5	6	5	5	5	1	2	2	5	5	2	10	8	8	5	88	0	5	3	41	9	6	7	2	4	7	11	17	8	5	10	3	3	6	2	5	5	9	5	5	12	7	14	4	3	7	1	5	0	4	3	5	2	2	16	2	5	7	4	6	4	8	2	5	2	3	4	5	3	9	2	7	8	8	12	10	9	4	4	5	7	9	7	9	37	8	3	10	2	3	3	2	0	4	3	1	1	1	6	0	7	18	6	2	7	3	2	5	5	4	4	9	6	6	3	4	5	10	2	4	7	3	11	2	6	5	4	2	1	6	7	7	3	10	3	4	6	10	7	1	16	4	6	8	4	5	7	9	8	1	22	8	19
1:Ins:T:1	6	9	2	8	5	6	6	14	10	5	3	10	6	4	6	5	8	10	2	7	6	15	4	11	24	12	6	8	3	3	2	8	3	6	16	7	5	6	4	4	5	9	6	8	3	4	7	9	1	12	4	2	4	12	11	5	23	1	2	4	23	7	8	9	2	3	11	8	21	7	3	2	6	9	9	4	7	4	16	8	5	16	2	20	3	4	11	3	4	5	2	3	8	14	6	14	3	10	6	6	6	9	10	0	10	7	7	2	2	2	3	6	11	4	7	11	5	11	13	7	6	7	2	11	8	19	8	8	4	4	6	3	4	3	5	3	1	4	4	28	4	6	15	13	8	10	2	1	4	4	4	4	7	1	7	7	2	3	10	4	11	11	3	8	1	5	7	3	4	5	11	7	28	5	17	2	4	11	32	6	5	22	2	7	11	7	3	8	12	7	5	6	4	16
1:Ins:T:2	6	4	1	2	0	3	1	8	7	3	0	4	2	2	3	7	4	7	1	2	0	12	5	5	12	6	2	3	2	5	1	4	1	2	4	1	2	3	0	0	2	3	4	4	5	1	2	5	1	0	2	0	5	4	8	4	22	1	4	0	22	2	9	8	1	2	12	5	23	2	1	5	3	6	4	2	1	3	9	4	3	5	1	20	4	1	2	3	2	2	5	4	1	7	0	8	3	2	5	3	1	4	3	1	1	3	1	2	3	1	1	2	8	1	3	12	1	8	2	2	1	2	3	5	3	14	2	2	2	5	1	4	4	2	1	3	1	3	0	16	2	8	7	8	1	2	1	1	5	2	2	3	2	6	3	4	2	1	5	1	3	7	9	2	1	1	2	0	3	4	12	1	28	1	17	3	2	2	25	6	5	18	4	3	0	1	4	2	10	3	0	6	3	10
1:Ins:T:3	7	3	0	3	3	2	1	11	4	3	1	1	4	7	0	4	4	5	1	3	1	3	3	3	4	8	2	2	2	3	2	5	3	3	2	6	4	1	0	0	3	1	6	4	2	6	2	1	1	2	3	0	7	3	4	2	28	2	1	0	25	2	7	4	1	2	3	8	8	2	4	3	1	1	1	1	3	4	9	0	0	6	3	8	2	4	1	1	3	0	2	0	2	5	3	9	2	3	3	5	3	2	4	2	4	9	3	0	2	2	1	2	4	0	7	8	3	2	2	4	3	5	4	3	4	19	3	2	2	4	4	0	2	0	1	2	2	1	0	11	0	1	3	1	0	3	0	1	2	0	8	2	3	1	1	0	3	1	1	1	4	6	3	8	3	3	1	2	3	1	3	3	10	1	3	4	5	7	17	3	0	8	2	6	5	3	2	3	2	1	1	0	2	11
1:Ins:T:4	3	2	0	1	3	1	1	2	5	3	2	7	2	3	2	4	2	3	1	1	2	5	3	3	6	14	1	2	4	3	1	2	2	3	4	2	3	2	1	1	0	3	3	2	0	1	2	2	1	4	2	1	2	4	2	1	28	1	4	1	14	2	0	4	0	2	4	12	6	6	2	1	1	2	5	1	0	2	4	1	0	9	5	1	0	5	0	4	0	1	3	1	3	2	0	11	1	2	2	0	2	2	4	1	1	2	1	0	1	1	0	4	14	3	5	6	2	11	2	2	3	5	1	3	3	4	1	1	2	2	1	1	1	1	0	0	0	1	3	4	0	2	11	4	0	0	2	1	9	3	3	1	0	1	1	1	2	0	6	1	4	5	6	3	0	0	3	1	0	2	4	1	3	0	0	2	1	1	6	10	0	4	1	1	0	1	2	1	6	2	0	1	0	6
1:Ins:T:5	60	92	10	58	40	72	13	136	91	51	59	96	41	51	58	145	132	81	32	9	95	104	81	54	48	164	68	146	31	108	39	88	24	91	61	76	86	42	30	56	99	84	107	16	23	46	15	28	30	127	48	13	48	80	111	97	568	27	100	15	76	69	55	124	7	40	58	259	332	99	131	169	37	36	125	2	23	52	93	41	28	113	237	70	40	131	78	204	12	32	45	38	69	48	27	260	3	95	92	31	28	81	132	35	28	46	83	21	50	16	22	32	257	67	53	188	122	294	2	17	52	216	105	53	199	67	38	119	69	21	59	30	28	27	10	57	10	42	47	65	2	118	227	65	80	74	38	3	181	50	50	45	43	47	157	52	86	12	93	9	101	79	169	93	11	91	59	87	22	41	132	98	112	32	108	112	15	86	86	189	12	114	15	38	65	30	27	19	246	52	1	8	46	257
2:Del:R:0	13	9	5	8	7	2	2	8	21	2	5	12	13	6	8	5	6	24	3	7	3	5	19	9	8	19	2	1	7	7	3	11	4	4	9	9	3	3	4	4	2	6	17	3	8	3	2	3	2	9	7	2	22	33	6	8	35	1	10	3	10	3	4	2	1	3	21	7	35	5	7	4	1	18	9	4	2	5	26	9	6	25	1	15	6	2	9	5	1	5	3	6	21	6	3	35	3	4	6	4	3	8	30	7	7	4	4	0	6	6	2	9	22	8	2	9	6	14	9	5	12	6	4	7	12	21	1	3	5	3	3	7	8	1	4	1	1	5	9	55	2	8	14	14	6	3	3	3	10	5	7	6	9	3	4	13	3	0	6	2	8	4	11	3	1	3	27	2	2	4	4	6	15	4	16	2	5	6	66	9	5	25	2	6	7	6	5	2	14	13	0	0	3	9
2:Del:R:1	15	14	4	8	6	2	4	24	17	3	5	6	20	10	9	4	9	20	4	5	2	5	9	9	8	25	12	1	3	4	3	5	7	7	8	7	2	4	3	4	2	4	13	10	4	6	4	4	2	6	5	2	15	29	8	4	60	3	10	2	10	2	4	5	2	8	12	16	30	7	3	6	4	16	9	1	2	3	24	3	7	15	2	10	11	4	6	3	3	8	3	5	57	6	6	20	5	5	8	1	1	10	51	3	2	2	8	1	3	5	3	7	19	4	4	4	12	10	8	4	12	8	6	4	10	16	4	7	3	4	5	2	4	4	4	10	2	2	4	22	1	10	12	10	11	7	2	3	11	1	10	6	8	5	1	23	4	0	6	4	4	5	12	3	2	6	32	5	3	1	13	4	18	4	19	3	4	6	32	8	5	25	4	4	9	9	6	4	22	14	1	2	6	11
2:Del:R:2	1	3	3	3	2	0	0	7	4	0	3	3	2	1	2	1	1	8	1	1	0	1	3	2	1	4	1	2	2	3	5	1	3	1	2	2	2	3	3	2	2	1	4	2	2	3	0	2	1	1	1	0	1	8	1	3	20	2	3	2	8	0	1	2	1	0	6	5	5	2	2	2	2	3	3	0	1	9	7	4	2	4	4	9	5	0	3	1	2	4	3	2	20	2	2	3	0	1	4	1	1	4	12	1	1	3	2	0	0	1	1	1	6	1	2	2	3	4	1	2	4	1	1	1	3	3	0	2	2	1	2	2	1	1	0	0	2	1	4	6	2	1	7	9	2	3	1	0	10	2	2	1	3	1	0	8	3	0	4	2	1	0	3	1	1	1	10	1	2	1	1	0	1	4	4	1	0	2	11	3	0	9	4	0	0	3	2	1	10	3	0	3	1	7
2:Del:R:3	2	0	1	1	2	0	0	4	1	2	1	1	2	1	1	0	2	2	3	0	0	0	1	0	0	12	1	0	2	2	2	1	1	2	2	2	3	0	1	1	0	2	1	2	1	0	0	0	0	0	1	2	0	2	1	0	3	1	2	1	1	3	0	1	1	2	1	3	2	2	0	0	3	1	1	0	2	1	3	3	3	1	0	2	2	3	2	2	1	1	1	3	7	6	2	3	0	2	1	0	1	3	3	1	0	1	4	2	1	0	0	1	2	0	1	2	1	0	0	0	1	1	0	0	2	5	3	1	4	1	1	0	0	1	2	5	3	1	2	1	0	1	3	1	3	4	1	0	1	1	2	0	2	3	2	2	3	0	0	1	2	5	1	2	0	1	5	1	1	1	1	3	1	1	0	1	1	0	2	1	0	2	0	1	2	2	2	2	2	1	1	2	0	2
2:Del:R:4	1	2	0	0	2	0	0	1	0	0	0	2	0	2	2	1	1	1	0	1	0	0	1	0	2	2	1	2	0	1	0	0	0	0	0	1	1	1	0	0	0	3	2	0	1	0	2	0	2	1	0	0	1	2	2	0	4	0	1	2	1	3	1	1	0	2	0	1	3	2	2	2	2	0	2	0	0	0	2	2	0	2	3	0	1	0	0	1	0	1	1	0	4	1	2	1	1	0	1	0	1	0	5	0	0	0	0	1	0	1	1	1	0	2	2	1	0	0	0	1	1	2	1	0	0	0	0	0	0	1	1	0	0	1	2	0	0	0	0	0	0	2	1	2	1	1	0	0	1	1	0	0	1	3	1	0	4	0	1	0	2	1	5	0	0	1	1	4	0	2	0	0	1	0	1	1	3	1	2	1	0	2	0	2	0	2	1	0	0	2	1	0	0	0
2:Del:R:5	1	1	0	4	0	0	2	5	2	1	0	3	1	0	0	2	2	4	2	1	3	0	2	3	5	6	4	3	0	1	3	10	8	3	4	3	2	2	2	3	3	2	2	0	2	1	1	3	0	1	3	1	5	0	9	2	3	2	2	5	0	1	2	1	2	2	3	12	1	2	2	6	0	3	4	1	1	1	5	6	0	4	3	1	1	2	6	5	1	2	2	2	4	3	2	8	3	9	6	0	2	5	3	1	7	5	1	1	2	4	3	0	0	4	2	4	3	9	1	2	1	2	2	3	0	0	3	0	5	10	1	2	1	2	1	1	2	4	1	2	2	8	11	5	3	1	1	1	4	0	2	1	2	1	2	4	3	0	5	1	4	2	3	1	0	0	1	2	2	2	0	6	2	2	3	1	2	4	4	6	3	1	4	7	7	2	12	1	3	6	0	1	1	4
3:Del:R:0	5	6	3	0	2	1	3	9	12	1	2	2	6	1	0	5	2	16	1	0	3	3	13	2	1	11	3	1	2	5	1	5	1	1	2	4	1	0	1	0	2	1	14	0	2	0	1	3	0	2	0	2	15	22	6	4	17	1	12	1	5	3	4	6	1	2	15	5	19	4	1	5	1	13	1	2	4	2	14	2	1	14	2	5	5	3	2	1	0	1	2	4	4	2	0	8	2	1	2	2	0	0	4	2	3	1	2	3	3	6	0	1	13	1	3	2	4	9	5	3	3	2	3	2	7	11	2	0	1	1	2	1	4	1	4	0	0	1	1	21	1	1	3	7	2	3	0	0	5	3	1	1	4	3	2	1	2	1	2	0	3	3	3	3	3	1	1	2	2	1	1	3	6	1	19	2	3	2	23	5	0	5	3	3	4	2	2	0	7	15	0	3	1	3
3:Del:R:1	14	4	3	3	5	4	0	4	10	2	3	5	7	5	6	5	5	4	8	5	4	6	5	4	1	13	4	2	4	6	4	4	8	1	5	7	6	3	3	4	4	5	5	2	2	1	1	3	1	1	5	3	9	9	5	8	46	1	4	2	7	3	0	5	2	2	4	6	11	5	4	8	5	4	8	0	1	6	6	3	1	8	1	15	9	4	4	7	6	3	3	3	1	2	3	10	3	3	5	2	2	14	9	2	2	6	7	2	2	3	4	3	7	1	3	2	6	7	6	4	7	4	2	3	7	8	0	2	2	3	2	0	3	2	4	1	2	6	2	10	1	5	4	13	8	2	5	3	15	6	5	2	16	5	5	3	2	1	4	7	3	2	8	4	6	3	2	9	8	5	6	3	9	2	6	4	0	4	13	10	2	14	3	2	4	6	2	5	10	7	1	0	1	7
3:Del:R:2	4	1	1	2	0	0	0	1	2	2	0	0	1	0	1	3	1	1	3	0	1	2	1	2	0	5	1	1	2	2	0	0	1	1	2	1	0	1	1	2	0	3	1	1	0	1	1	1	0	1	0	0	1	1	1	3	22	0	2	0	2	1	0	1	1	1	0	3	4	2	1	2	0	1	3	0	0	0	1	0	1	0	0	2	4	0	0	0	0	0	2	0	0	0	0	5	2	0	0	2	1	2	1	1	0	1	1	1	1	0	1	1	2	0	1	0	1	1	1	1	0	1	0	0	0	0	4	1	2	1	1	0	0	0	2	0	1	1	0	1	0	1	0	2	2	0	1	0	3	0	0	1	2	1	0	1	2	0	0	2	0	0	4	0	2	0	0	2	2	0	1	2	1	0	0	0	0	1	2	3	0	2	1	0	1	1	3	1	5	0	0	0	0	3
3:Del:R:3	2	0	0	0	1	0	0	3	1	0	0	0	0	0	1	0	0	1	0	0	2	0	0	0	1	1	0	0	0	0	0	0	1	0	0	0	0	0	0	0	1	0	0	1	0	0	1	0	0	0	1	0	1	0	0	0	2	0	1	0	0	0	0	0	0	0	0	3	0	0	1	0	0	1	1	1	1	0	1	0	0	0	1	1	0	0	0	0	0	0	0	0	0	1	0	0	1	0	2	0	0	1	0	1	1	0	0	0	0	0	0	0	1	1	0	0	1	2	1	0	0	0	0	1	0	0	0	0	0	0	0	0	0	1	0	0	0	0	0	0	0	0	0	2	0	0	1	0	0	0	0	0	1	0	0	0	0	0	0	0	0	0	0	0	0	0	0	0	0	0	0	2	1	0	0	1	1	0	0	1	0	2	0	0	0	0	0	0	0	0	0	1	0	0
3:Del:R:4	0	1	0	1	0	0	0	0	0	0	0	0	0	0	0	0	0	0	0	0	0	0	1	0	0	1	0	0	0	0	0	0	1	0	0	0	0	0	0	0	0	0	0	0	0	0	0	0	0	0	1	0	0	0	1	0	1	0	0	0	0	0	0	0	0	0	0	1	0	0	0	0	0	1	0	0	0	0	1	1	0	1	0	1	0	0	0	0	0	0	0	0	0	0	0	0	0	0	0	0	0	0	0	0	0	0	0	0	0	0	0	0	0	0	0	1	1	0	0	0	0	0	0	0	0	0	0	0	0	0	0	0	0	0	0	0	0	1	0	0	0	0	0	1	0	0	0	0	1	0	0	1	1	1	0	0	0	0	0	0	0	0	0	0	0	0	0	0	0	0	0	0	0	0	0	0	0	1	0	1	0	0	0	0	0	0	0	0	0	0	0	0	0	0
3:Del:R:5	0	0	0	0	0	0	0	0	0	0	0	0	0	0	0	0	0	1	0	1	0	0	0	0	0	0	0	0	0	1	0	0	1	0	0	1	2	0	0	0	0	0	0	0	0	0	0	0	0	0	0	0	1	0	1	1	1	0	0	0	0	0	0	1	1	0	0	1	1	0	0	0	1	0	0	0	0	1	1	1	0	0	0	0	0	0	0	0	0	0	0	0	0	0	0	0	0	1	0	0	1	0	1	1	0	0	0	0	1	0	0	0	0	1	0	0	0	0	0	0	0	0	0	0	1	1	1	0	1	0	0	0	0	0	0	1	0	0	0	0	0	1	0	0	0	0	0	0	0	2	0	0	1	0	0	0	0	0	1	0	0	0	1	0	0	0	0	0	0	0	0	0	1	0	0	0	0	0	0	1	0	1	0	0	0	0	2	0	0	0	0	0	0	0
4:Del:R:0	3	6	4	1	0	1	4	9	10	2	1	0	5	2	2	2	2	19	2	0	1	3	8	1	5	8	2	2	1	2	1	4	2	2	2	4	2	0	2	2	2	2	10	2	3	3	1	2	0	4	3	1	12	22	5	1	16	0	9	3	5	1	8	3	0	3	7	6	21	3	1	4	3	13	4	1	2	2	19	1	3	9	2	5	4	1	4	2	1	3	0	2	2	0	0	11	3	2	0	1	1	1	6	2	0	1	2	2	0	1	4	0	12	0	3	3	3	6	9	3	4	4	1	1	6	8	0	0	0	2	3	3	2	0	0	1	1	0	1	15	1	4	6	3	2	5	2	0	4	2	3	2	3	1	2	1	1	1	2	0	2	4	1	0	1	1	3	1	2	2	1	3	2	0	14	2	2	1	16	2	5	7	1	1	1	3	5	6	8	8	0	0	0	7
4:Del:R:1	10	5	1	2	3	2	2	0	4	3	4	3	5	11	3	2	5	7	3	5	6	3	5	3	6	12	8	4	2	10	0	1	6	2	3	1	4	1	4	2	4	3	3	5	1	3	5	3	3	2	2	4	6	5	4	3	17	3	1	3	1	2	0	4	0	1	8	7	11	7	1	7	4	3	8	1	1	5	8	9	0	6	3	8	8	3	2	1	2	0	2	9	5	0	2	6	3	3	1	3	4	9	12	9	0	6	2	6	4	5	2	6	7	0	5	3	5	2	1	0	4	1	3	7	3	2	5	1	0	4	2	2	3	2	6	6	2	3	6	9	2	9	7	8	12	3	3	0	5	4	10	1	9	2	0	9	0	1	5	2	1	2	5	3	4	1	6	0	2	5	6	2	8	1	2	0	6	2	10	5	1	6	4	5	5	7	3	1	8	3	2	5	1	3
4:Del:R:2	3	3	0	0	0	0	1	3	1	1	2	0	0	2	0	0	3	2	1	1	1	1	2	1	2	0	2	0	1	2	0	2	3	1	0	1	0	0	3	0	4	3	0	3	2	0	2	0	0	1	1	1	2	0	0	0	7	1	0	2	0	0	0	1	0	0	1	0	4	2	3	4	2	0	5	2	3	0	2	1	1	1	1	4	3	0	1	2	1	0	1	0	0	1	0	5	0	1	1	0	0	1	4	3	0	1	5	1	0	0	1	2	2	2	1	0	0	1	1	2	1	3	0	0	1	2	0	1	1	1	0	0	3	0	0	0	3	1	2	1	0	2	1	5	2	1	0	0	2	1	2	1	1	2	0	2	0	0	0	3	0	0	4	2	1	1	2	2	2	0	2	0	1	0	2	0	3	2	1	3	0	2	0	0	3	0	1	0	0	1	0	0	2	1
4:Del:R:3	0	0	1	0	1	1	0	2	0	0	2	1	0	1	1	0	0	1	1	2	0	0	0	1	2	1	1	2	0	0	0	1	1	0	1	1	0	1	0	0	0	2	0	1	1	0	1	0	0	1	1	0	2	0	0	0	2	0	1	0	0	1	0	0	0	1	1	1	1	0	0	1	0	1	1	0	2	0	3	0	0	0	1	2	0	0	0	2	0	0	0	1	0	0	1	0	1	1	0	0	1	1	2	2	0	1	3	0	0	0	0	1	1	0	0	2	1	0	0	2	0	0	1	1	0	0	3	0	2	0	0	0	1	0	1	0	0	0	0	0	0	2	0	2	2	0	0	0	2	1	0	0	3	2	0	1	0	0	1	0	0	0	0	0	1	1	1	0	1	0	1	3	0	0	2	0	0	1	0	1	1	0	0	1	2	1	1	0	1	1	1	1	2	1
4:Del:R:4	1	0	0	0	0	0	0	1	1	0	0	0	0	1	0	1	1	1	0	0	1	0	0	0	0	1	0	0	0	1	0	1	0	0	0	1	1	0	1	0	0	0	0	1	0	0	0	0	0	1	0	1	1	1	0	0	1	0	0	0	0	1	0	0	0	0	1	0	0	0	1	0	1	0	0	0	0	0	0	0	0	0	1	0	0	1	0	0	0	0	0	0	0	0	0	0	0	0	0	0	0	0	1	0	0	1	0	0	0	0	1	1	0	0	0	0	0	0	0	1	1	0	0	0	1	0	0	0	0	0	0	0	1	0	0	0	0	0	0	1	0	1	0	0	0	1	0	0	2	0	1	0	0	0	1	1	0	0	0	1	0	0	0	1	0	0	2	1	0	0	0	2	0	0	1	1	0	0	1	0	1	0	0	0	1	1	0	0	1	0	0	0	1	0
4:Del:R:5	0	0	0	0	0	0	0	0	0	0	1	0	0	0	0	0	1	0	0	0	0	0	0	0	0	0	0	1	2	0	0	0	0	0	0	0	0	0	1	0	0	1	0	0	0	1	0	0	0	1	0	0	1	0	0	0	0	0	0	0	0	0	0	0	0	0	0	0	0	0	0	0	0	1	0	0	0	0	0	0	0	0	0	0	0	0	0	0	0	0	1	0	0	1	0	0	0	0	0	0	0	0	0	0	0	0	0	1	0	0	0	0	0	0	1	0	0	0	0	0	0	0	0	0	0	0	0	0	0	0	0	0	0	0	0	1	2	0	0	0	0	1	1	0	0	0	0	0	0	0	0	0	0	0	0	1	0	0	0	0	0	0	0	0	1	0	0	0	0	2	0	0	0	0	0	1	0	0	0	1	0	0	0	0	0	0	0	0	0	0	0	0	0	0
5:Del:R:0	24	43	7	11	17	8	15	63	80	7	15	25	97	16	10	29	40	109	13	36	13	12	75	17	10	108	11	8	12	20	18	30	6	7	17	22	29	12	19	4	7	13	88	30	6	22	3	26	1	14	18	11	90	201	55	15	191	9	62	5	78	34	31	30	29	10	80	19	128	7	6	4	24	58	7	2	8	35	222	17	43	86	19	95	19	15	40	27	12	20	20	25	23	10	13	109	14	15	6	16	13	32	37	16	11	14	30	14	28	42	17	29	137	6	27	22	34	68	12	37	26	30	9	25	35	129	10	26	13	16	24	46	14	3	18	11	13	7	3	104	5	16	44	94	14	52	28	33	11	51	15	15	21	18	5	16	12	5	17	8	7	10	44	14	12	7	6	9	22	8	8	25	26	21	95	35	29	14	243	19	36	90	24	42	5	14	5	18	51	81	3	13	15	25
5:Del:R:1	5	1	4	0	1	2	1	6	3	3	8	2	4	9	1	4	3	3	2	1	1	4	1	3	0	21	4	3	1	3	1	3	3	3	6	3	0	2	4	2	3	2	3	2	0	7	3	2	1	1	2	3	3	9	5	3	12	0	4	1	2	7	0	2	2	4	3	0	4	0	3	4	2	2	5	3	3	5	6	1	0	3	7	11	4	3	1	3	1	4	5	2	2	1	3	22	1	3	3	3	4	10	1	2	4	5	6	1	1	3	2	2	4	0	4	1	3	5	3	15	2	3	1	0	2	1	0	2	2	1	2	0	2	1	2	2	2	3	2	9	1	4	7	11	4	5	2	1	5	1	9	0	5	6	2	3	0	2	2	1	3	1	5	0	1	2	2	4	1	3	8	2	1	0	1	1	3	2	11	0	1	5	1	1	2	1	5	5	14	2	1	2	5	1
5:Del:R:2	0	0	0	1	1	0	0	1	0	1	1	2	1	4	0	1	0	4	1	0	0	1	1	1	0	5	0	0	1	0	0	1	1	0	1	0	0	0	0	1	1	1	1	0	0	0	0	0	0	1	0	1	0	1	0	1	3	0	0	0	0	1	1	2	0	0	1	1	0	0	2	2	2	1	4	0	0	1	3	2	0	0	0	1	0	0	0	1	1	0	1	0	0	0	0	3	0	1	1	1	0	2	2	0	0	0	1	1	0	0	0	1	1	0	1	1	1	0	0	2	0	0	0	1	0	1	0	0	0	0	0	0	1	0	0	0	3	0	0	0	0	1	7	1	0	0	0	0	0	0	4	0	2	2	0	3	1	0	0	0	2	1	0	0	0	1	0	0	2	1	2	0	1	1	0	0	0	1	0	2	0	1	1	1	1	1	0	1	2	1	0	0	2	1
5:Del:R:3	0	0	0	1	0	0	0	0	1	0	0	0	0	0	0	0	0	1	0	0	1	0	0	0	0	2	3	0	0	0	0	0	0	0	0	1	1	0	0	0	0	0	0	0	0	0	0	0	0	0	1	0	0	0	1	0	1	0	0	0	0	1	0	1	0	0	0	0	0	2	0	0	0	0	1	0	0	0	1	3	1	1	0	0	0	0	0	1	0	0	0	0	1	0	0	1	0	0	0	0	0	0	1	1	0	0	0	0	0	0	0	0	0	0	0	0	0	0	0	0	0	0	0	0	1	0	0	0	0	0	0	0	0	0	0	0	0	0	0	0	0	0	0	2	2	0	0	0	0	3	0	0	0	0	0	0	0	0	1	0	2	0	0	0	1	0	0	0	0	0	0	1	0	0	0	0	0	0	0	0	0	0	0	0	0	0	0	0	0	1	0	0	0	0
5:Del:R:4	0	0	0	0	0	0	0	0	0	0	0	0	0	0	0	0	0	0	0	0	0	0	0	0	0	0	0	0	0	0	0	0	0	0	0	0	0	0	0	0	0	0	0	1	0	0	0	0	0	0	0	0	0	0	0	0	1	0	0	0	0	0	0	0	0	0	0	0	0	0	0	1	0	0	1	0	1	0	0	0	0	0	0	0	0	0	0	0	0	0	0	0	0	0	0	0	0	0	0	0	0	0	1	0	0	0	1	0	0	0	0	1	0	0	0	0	0	0	0	0	0	0	0	0	0	0	0	0	0	0	0	0	0	0	1	0	0	0	1	0	0	0	0	0	0	0	0	0	0	0	0	0	0	0	0	0	0	0	0	0	0	0	0	0	0	0	0	0	0	0	0	0	0	0	0	0	0	0	0	0	0	0	0	0	0	0	0	0	0	0	0	0	1	0
5:Del:R:5	0	0	0	0	0	0	0	0	0	0	0	0	0	0	0	0	0	0	0	0	0	0	0	0	0	0	0	0	0	0	0	0	0	0	0	0	0	0	0	0	0	0	0	0	0	0	0	0	0	0	0	0	0	0	0	0	0	0	0	0	0	0	0	0	0	0	0	0	2	0	0	0	0	0	0	0	0	0	0	0	0	0	0	0	0	0	0	0	0	0	0	0	0	0	0	0	0	0	0	0	0	0	0	0	0	0	0	0	0	0	0	0	0	0	0	0	0	0	0	0	0	0	0	0	0	0	0	0	0	0	0	1	0	0	0	0	0	0	0	0	0	0	0	0	0	1	0	0	0	0	0	0	0	1	0	0	0	0	0	0	0	0	0	0	0	0	0	0	0	0	0	0	0	0	0	0	0	0	0	0	0	0	0	0	0	0	0	0	0	1	0	0	0	0
2:Ins:R:0	7	5	2	11	5	1	4	11	5	4	1	9	6	9	4	6	8	9	6	0	9	7	7	4	44	9	6	5	5	3	9	5	5	5	30	9	7	4	4	6	7	8	7	1	3	2	2	5	4	11	3	6	4	3	10	7	33	4	2	1	19	11	4	12	2	7	8	12	12	7	10	9	3	4	7	3	4	9	11	13	1	8	7	8	5	4	3	3	3	2	3	5	3	6	4	14	2	7	4	7	5	12	9	4	5	5	8	6	5	5	3	3	8	2	5	8	11	14	2	4	5	9	3	5	5	38	8	5	3	1	4	7	6	1	5	3	3	3	3	15	2	10	17	9	3	10	6	5	1	3	10	4	4	8	11	2	5	0	10	8	7	6	3	7	0	2	8	5	3	6	9	7	6	6	10	4	9	8	25	11	4	28	7	7	8	10	7	7	4	8	1	5	2	7
2:Ins:R:1	3	2	3	1	4	2	1	4	4	6	4	8	4	1	3	2	6	2	1	0	2	5	4	0	4	12	2	2	2	6	3	3	2	1	0	2	2	0	2	5	5	1	8	6	3	3	2	4	2	5	2	2	4	4	1	6	15	3	4	2	6	2	7	2	1	3	7	4	11	2	1	2	0	1	5	1	1	2	5	5	0	5	3	3	2	0	1	2	2	5	0	0	2	7	3	5	2	3	4	5	3	3	4	0	2	3	4	6	2	0	0	2	9	1	2	5	2	6	0	0	3	4	0	8	2	12	3	2	0	6	2	0	1	0	1	2	1	2	2	7	1	1	10	3	1	3	1	1	3	0	1	1	4	2	4	4	3	1	7	1	2	4	5	2	0	5	0	3	1	5	5	0	4	0	12	4	2	1	11	4	0	18	4	1	1	4	2	1	4	3	0	0	3	6
2:Ins:R:2	0	6	1	1	1	2	1	5	1	1	0	2	0	1	1	1	3	3	0	1	0	1	0	1	1	7	0	2	1	3	0	1	2	2	1	3	1	2	1	1	1	1	0	2	0	0	0	1	1	0	4	0	3	1	4	2	3	0	3	0	4	1	1	1	2	0	4	3	0	0	1	4	0	2	5	1	0	0	12	2	0	2	1	3	0	1	2	0	0	2	0	2	1	3	2	4	1	2	2	2	1	2	2	1	0	3	2	1	0	1	0	0	1	0	1	0	1	2	2	1	1	0	3	1	0	1	0	3	0	0	4	2	0	1	0	3	1	1	0	4	0	2	3	5	0	0	0	0	2	3	1	3	1	1	3	0	1	0	1	0	0	2	1	0	0	0	2	4	2	0	4	2	5	1	2	1	2	1	4	4	0	6	0	1	0	2	2	0	4	0	0	1	1	4
2:Ins:R:3	2	2	0	1	0	0	2	2	1	1	0	4	2	0	0	0	2	0	0	0	0	4	0	0	0	6	2	1	0	1	0	4	1	0	0	0	1	1	4	0	2	2	0	0	0	2	0	1	0	1	0	1	1	1	1	0	3	0	0	0	2	2	0	1	0	0	2	2	0	0	1	1	0	3	3	0	0	2	2	0	0	1	1	2	0	1	0	2	1	2	1	0	2	2	0	1	1	0	0	0	0	4	0	0	0	1	0	0	0	1	0	1	2	0	0	1	3	3	0	2	2	3	0	0	1	4	1	0	0	0	2	1	1	0	1	0	3	1	0	1	0	1	1	2	3	0	0	1	1	1	0	0	1	0	1	0	2	1	2	0	0	2	2	0	0	1	2	2	1	0	0	1	0	1	0	1	3	3	1	1	0	3	0	1	3	0	0	0	1	0	0	0	0	3
2:Ins:R:4	0	1	0	1	1	0	0	1	2	0	1	2	2	1	2	3	1	3	2	1	1	2	1	1	1	5	2	3	0	0	0	0	0	2	1	1	0	0	0	1	0	2	4	0	1	0	1	0	1	2	0	0	2	2	3	0	4	1	0	1	0	1	0	2	0	1	1	2	2	2	0	3	3	1	2	0	0	0	2	0	1	2	4	1	1	2	1	1	1	2	0	1	2	1	1	3	0	2	4	1	0	2	2	0	1	2	1	2	0	1	0	1	1	3	0	0	1	1	0	0	1	2	0	1	1	2	0	3	1	0	0	1	0	0	0	0	3	0	1	1	0	3	6	2	1	1	0	0	1	0	1	0	1	1	0	2	0	0	2	1	1	3	1	1	0	2	0	1	0	2	4	2	4	2	1	1	0	2	2	2	0	2	0	0	2	1	1	0	3	1	0	0	0	5
2:Ins:R:5	3	6	0	4	0	1	1	7	6	6	7	7	3	5	3	19	8	6	2	0	6	11	7	3	7	15	6	9	2	12	9	2	5	7	6	5	3	4	2	1	9	10	5	5	0	3	1	2	2	10	2	1	6	9	9	11	30	2	7	2	4	1	8	10	1	6	2	17	37	5	6	7	4	3	18	4	3	5	9	6	0	4	27	3	2	8	5	6	1	5	3	5	5	17	10	20	0	7	11	4	1	6	13	5	1	6	5	11	4	4	1	1	8	5	6	8	7	17	0	3	4	12	6	4	9	7	4	8	16	0	3	2	3	1	2	3	3	3	3	4	1	6	20	5	8	3	1	0	4	3	4	1	0	7	1	4	2	0	9	1	11	11	11	7	0	2	6	11	2	0	8	5	2	2	7	10	4	7	7	18	3	1	1	6	2	2	1	1	12	6	0	0	2	16
3:Ins:R:0	3	2	0	2	1	2	2	2	2	3	4	7	1	5	4	4	2	2	1	2	2	4	2	3	14	10	3	2	3	4	7	3	2	1	7	4	4	1	4	0	3	4	1	0	3	3	2	0	3	4	5	2	2	2	7	6	19	0	3	1	5	4	4	4	2	3	2	2	5	2	4	4	2	5	4	2	1	1	4	5	0	5	1	3	3	0	2	4	2	3	1	4	2	3	4	8	1	3	3	3	0	1	5	5	4	0	2	0	5	2	1	2	1	1	2	2	1	6	4	1	5	1	2	2	3	13	3	1	2	2	3	1	2	1	1	1	3	0	0	5	0	3	3	2	3	2	0	0	4	1	4	1	4	2	2	1	7	0	6	1	3	2	3	4	1	3	0	3	2	5	0	1	5	2	4	0	3	2	12	5	1	10	3	3	0	2	5	5	4	5	0	0	0	5
3:Ins:R:1	2	1	0	3	3	3	0	5	0	2	2	1	4	1	4	2	1	3	1	0	2	5	3	2	2	5	0	0	1	3	0	1	1	1	2	2	1	1	1	0	0	0	1	4	2	1	2	1	0	1	1	1	2	4	4	4	5	2	0	1	1	1	3	1	1	4	3	3	1	1	3	3	3	3	0	0	0	2	6	2	3	3	2	5	5	0	1	0	1	3	1	1	0	3	3	1	0	2	1	1	1	0	2	1	3	2	2	0	1	0	0	2	1	1	2	3	3	3	0	2	4	1	2	1	4	4	3	3	2	2	1	3	0	0	0	1	1	1	0	1	0	2	8	6	1	2	1	0	2	1	1	1	1	2	5	1	1	1	2	0	4	3	2	2	0	2	2	0	4	0	1	2	5	1	6	0	1	0	3	0	0	10	2	0	3	0	4	2	0	1	0	0	2	2
3:Ins:R:2	0	0	0	1	1	1	0	2	0	0	0	0	0	0	1	0	0	1	1	0	0	2	0	2	1	3	0	0	1	1	0	0	0	0	2	1	1	1	0	0	1	0	1	0	0	1	0	0	0	1	0	0	1	0	1	0	1	0	1	1	2	0	2	0	0	0	0	0	0	0	2	0	1	2	0	0	0	0	3	0	0	1	1	0	0	0	0	0	0	0	1	0	0	1	0	0	0	0	1	0	1	1	0	0	0	0	1	1	0	0	0	0	0	0	0	0	0	1	0	0	0	0	0	0	0	1	0	0	0	1	2	0	1	0	1	0	0	0	1	2	0	0	1	0	0	0	0	0	0	0	0	1	0	1	0	0	0	0	0	0	1	1	0	0	0	0	2	0	0	0	2	0	1	0	0	0	0	1	2	0	1	1	1	0	1	0	0	0	0	0	0	1	0	0
3:Ins:R:3	0	0	0	0	0	0	1	0	0	0	0	0	0	1	0	0	0	0	0	0	0	0	0	0	0	0	0	0	0	0	0	0	0	0	0	0	0	0	0	0	0	0	0	0	0	0	0	0	0	0	0	0	0	0	0	0	0	1	0	0	0	0	0	0	0	0	0	0	0	0	0	0	0	1	0	0	0	0	1	0	0	0	0	0	0	0	0	0	0	0	0	0	0	1	0	0	0	0	0	0	0	2	0	1	0	0	0	0	0	0	0	0	0	0	0	0	0	0	0	0	0	0	0	0	0	0	0	0	0	0	0	0	0	0	0	0	0	0	0	0	0	0	0	0	0	0	0	0	0	0	1	0	0	0	0	0	0	0	0	0	0	0	1	0	0	0	0	0	0	0	0	0	0	0	0	0	0	1	1	0	0	0	0	0	0	0	0	0	0	0	0	0	0	0
3:Ins:R:4	0	0	0	0	0	0	0	0	0	0	0	0	0	0	0	0	0	0	0	0	0	0	0	0	1	0	0	0	1	0	0	0	0	0	0	0	0	0	1	0	0	0	0	0	0	0	0	0	0	0	0	0	0	0	0	0	1	0	0	0	0	0	0	0	1	0	0	0	0	1	0	0	1	0	0	0	0	0	0	0	0	0	0	0	0	0	0	0	0	0	0	0	0	0	0	0	0	0	0	0	0	0	0	0	0	0	0	0	0	1	0	0	0	0	0	0	0	1	0	0	0	0	0	0	0	0	1	0	0	0	0	0	0	0	0	0	0	0	0	0	0	0	1	0	0	0	0	0	0	0	0	0	0	0	0	0	0	0	0	0	0	0	0	0	0	0	0	0	0	0	0	0	0	0	0	0	0	0	0	0	0	0	0	0	0	0	0	0	0	0	0	0	0	0
3:Ins:R:5	0	0	0	0	0	0	0	0	0	0	0	0	1	0	0	0	0	0	0	0	0	1	1	0	0	0	0	0	0	1	1	0	1	1	1	2	0	0	0	0	0	0	1	0	0	1	0	0	1	0	3	0	0	0	0	1	0	0	0	1	1	0	0	1	0	0	0	2	0	0	0	0	0	0	1	1	0	0	0	2	0	2	2	1	0	0	0	0	0	1	0	0	1	2	1	3	0	0	1	1	0	0	1	0	0	0	1	1	0	0	1	0	1	1	1	0	1	1	0	0	1	1	1	0	0	0	0	0	1	1	0	0	0	0	0	0	0	0	0	0	0	0	0	1	0	0	0	0	1	1	0	0	0	0	0	0	0	0	0	0	2	0	0	0	0	1	0	2	0	0	1	0	0	0	1	0	0	0	0	0	0	0	1	0	0	0	0	0	0	2	0	0	0	2
4:Ins:R:0	1	5	2	5	3	7	1	13	4	0	3	7	5	8	3	3	4	5	5	2	4	2	3	3	18	14	8	3	1	7	8	3	4	5	7	2	3	2	5	1	11	4	6	3	4	1	2	5	2	4	9	0	4	6	7	9	45	4	1	2	26	5	4	4	4	3	3	10	8	2	8	7	5	0	7	1	6	8	6	0	1	7	3	9	9	3	1	7	2	5	3	3	2	0	5	16	1	7	4	2	2	19	6	0	2	4	3	3	2	4	1	2	3	5	8	3	8	7	1	3	4	3	5	8	5	42	8	1	6	12	1	5	1	0	1	1	5	4	1	8	4	7	22	11	7	2	1	3	4	4	6	1	3	7	2	6	3	0	5	4	2	2	4	3	0	2	4	3	1	5	4	3	4	2	5	4	3	6	15	4	3	15	6	6	9	10	5	4	5	3	1	6	4	1
4:Ins:R:1	1	9	0	2	2	1	1	6	3	1	0	1	3	6	3	3	1	5	1	0	0	10	0	0	2	9	3	0	5	3	2	2	1	3	2	6	1	3	0	0	2	0	2	0	0	0	0	2	0	3	0	1	2	2	1	2	17	1	0	0	8	2	7	2	1	3	0	3	5	0	2	3	0	2	1	0	0	1	14	3	1	4	0	3	0	1	1	0	0	2	0	4	3	1	3	0	1	3	1	3	0	2	1	0	4	3	3	0	0	1	1	1	0	0	0	6	2	2	0	0	2	0	4	1	6	7	3	5	0	3	1	1	2	0	0	0	0	2	2	5	0	5	3	3	4	0	3	0	1	1	4	0	1	1	3	0	2	0	3	0	0	6	1	2	0	2	2	2	1	0	5	2	5	2	6	2	2	1	7	4	0	6	2	1	1	1	2	0	2	1	0	6	0	6
4:Ins:R:2	0	0	0	1	0	0	1	2	1	0	0	1	0	0	0	0	0	0	0	0	2	1	0	0	0	3	0	0	0	0	1	1	1	0	0	2	1	0	0	2	1	0	0	0	0	0	0	1	0	0	1	0	1	0	0	0	0	0	0	0	0	0	1	0	0	0	0	0	1	0	0	0	0	0	0	0	0	1	2	0	0	1	1	0	1	0	1	0	0	0	0	1	1	0	0	2	0	0	1	2	0	1	0	0	0	0	0	0	0	0	0	1	0	0	0	0	0	0	0	0	0	0	0	2	0	0	1	1	0	0	0	0	0	0	0	0	0	0	0	1	0	1	0	0	0	0	0	0	0	0	0	0	1	0	0	0	0	0	1	1	1	1	0	0	0	1	0	0	1	0	0	0	0	0	0	0	0	0	1	0	0	1	0	0	0	1	1	0	1	0	0	0	0	2
4:Ins:R:3	0	0	0	0	2	0	1	0	0	2	0	1	0	0	1	0	0	0	0	1	0	0	0	0	0	1	0	0	0	0	0	0	0	0	0	1	0	0	0	0	0	1	0	0	0	0	0	0	0	1	0	0	0	1	0	0	1	0	0	0	0	0	2	1	0	0	0	0	0	1	0	0	0	0	0	0	0	0	0	1	0	0	0	0	0	0	0	1	1	0	0	0	2	1	0	1	0	0	1	0	0	1	0	0	0	0	0	0	0	1	0	1	0	0	0	0	0	0	0	0	0	0	1	0	0	0	1	0	1	0	0	1	0	0	0	0	0	0	0	0	0	0	0	1	0	0	0	0	0	0	0	0	1	0	0	0	0	0	0	0	1	0	0	1	0	1	0	0	0	0	0	0	1	0	0	1	1	0	0	1	0	0	0	0	0	0	0	0	0	0	0	1	0	0
4:Ins:R:4	0	0	0	0	1	0	0	0	0	0	0	0	1	0	0	1	0	1	2	0	0	0	0	0	0	0	0	0	1	0	0	0	0	0	0	1	0	0	0	1	0	0	1	0	1	0	0	0	0	1	0	0	0	0	2	0	1	0	0	0	0	1	1	1	0	2	0	1	0	0	2	0	0	0	1	1	0	0	0	0	0	1	0	0	1	0	0	0	0	0	0	0	0	0	0	1	0	1	0	0	0	1	0	0	0	0	0	1	0	0	0	0	0	0	1	0	0	1	0	0	1	0	1	1	0	0	0	1	0	0	0	0	0	0	0	0	0	0	0	1	0	0	1	0	0	0	0	0	0	0	0	0	0	0	0	1	0	0	0	0	1	0	0	0	1	0	0	1	0	0	0	0	0	0	0	0	0	0	1	0	0	0	0	0	0	0	1	0	2	0	0	0	0	0
4:Ins:R:5	0	0	0	0	0	0	0	0	0	1	0	2	1	0	0	1	0	1	1	1	0	0	2	1	0	0	1	0	1	1	0	0	0	0	1	0	0	0	1	1	0	0	0	0	0	1	0	0	0	0	0	0	0	1	0	0	1	1	0	0	1	0	2	0	0	2	3	0	2	0	0	0	0	0	0	0	0	1	0	0	0	0	1	0	0	1	0	1	0	0	0	0	1	0	1	3	1	0	0	0	1	0	2	0	0	0	0	0	0	0	0	0	0	1	0	1	0	0	0	0	0	0	0	0	0	0	0	0	2	0	0	0	0	0	0	0	0	0	0	0	0	0	0	0	1	0	0	0	0	0	0	1	0	0	0	0	0	0	1	0	0	2	0	0	0	0	0	0	0	1	2	0	0	0	0	1	1	1	0	2	0	0	0	0	0	1	1	0	2	1	0	0	2	1
5:Ins:R:0	13	15	4	40	30	25	14	45	40	27	25	55	62	38	12	26	88	20	18	57	42	24	42	25	43	76	40	29	25	46	29	46	23	19	20	37	70	8	40	9	27	23	37	52	11	13	11	34	7	52	27	29	13	89	74	29	119	31	14	10	57	36	42	25	57	35	15	27	45	29	32	34	45	26	21	7	17	77	227	28	3	29	37	120	29	18	75	36	25	30	54	50	24	27	27	60	17	36	25	14	23	67	51	27	23	20	54	26	45	35	35	50	31	24	50	38	39	39	27	30	29	70	36	47	28	164	12	41	30	45	7	97	15	8	14	14	28	20	7	34	11	26	93	80	34	98	44	57	21	34	24	21	19	21	7	20	20	19	31	11	22	30	27	29	25	11	11	16	24	17	17	34	35	35	30	69	42	34	290	53	65	155	47	95	22	23	25	17	23	20	11	14	6	27
5:Ins:R:1	5	13	3	3	6	2	3	7	7	4	5	8	1	11	6	5	8	7	4	3	2	3	4	1	5	44	3	4	4	5	6	6	9	5	5	10	9	6	6	2	8	7	5	4	3	3	5	2	1	7	5	1	8	3	8	5	50	2	2	7	13	2	7	11	3	5	9	7	12	1	5	3	2	7	5	3	4	4	8	6	2	14	4	16	7	9	7	6	3	4	6	3	9	0	5	8	1	8	11	2	4	12	14	9	5	3	8	2	3	4	3	5	13	4	4	3	4	14	3	11	10	5	5	2	12	15	4	4	3	4	7	5	3	7	3	0	2	2	5	11	1	4	17	17	4	3	5	1	3	5	10	6	7	1	3	2	2	2	8	2	9	7	14	4	6	2	7	3	6	2	10	9	4	4	6	1	4	3	12	0	2	9	2	3	8	5	10	5	8	6	1	4	3	22
5:Ins:R:2	0	0	1	0	1	0	0	0	1	1	0	1	1	0	1	1	0	1	0	0	1	0	0	1	0	4	0	0	0	0	0	0	1	2	0	1	1	1	0	1	0	1	1	2	0	0	0	0	1	0	0	2	0	1	0	0	1	0	0	2	1	4	0	2	0	0	0	1	0	0	0	0	0	1	1	0	1	0	2	0	0	2	1	0	2	0	0	0	0	0	0	1	1	0	0	0	0	0	2	0	0	0	0	0	1	0	0	3	0	1	0	0	1	0	0	1	0	2	0	0	0	0	1	1	0	0	2	1	0	1	0	0	0	1	0	0	0	0	0	1	0	0	1	1	0	0	0	0	0	2	0	0	1	0	1	0	1	1	0	1	0	0	2	1	1	0	1	2	0	0	2	0	0	0	0	0	1	1	1	2	0	1	0	1	1	2	0	0	2	0	0	2	0	2
5:Ins:R:3	0	0	0	0	0	0	0	0	0	0	0	1	0	0	0	1	0	1	0	1	0	1	0	0	0	0	0	0	0	0	1	1	0	0	0	0	0	0	0	0	1	1	0	0	0	0	0	0	0	1	0	0	0	0	0	0	0	0	0	0	0	0	0	0	0	0	0	0	1	0	0	0	0	1	1	0	0	0	1	0	0	1	1	0	0	0	0	0	0	0	0	0	1	0	0	2	0	1	0	0	0	1	0	0	2	0	0	0	0	0	0	0	0	0	0	0	0	0	0	0	0	1	0	0	0	0	0	0	0	0	1	0	0	0	0	1	1	0	1	0	0	0	0	0	0	0	0	0	0	0	0	0	0	0	0	0	0	0	0	0	0	0	0	0	0	0	0	0	0	0	1	0	0	0	0	0	0	0	0	0	1	0	0	0	0	1	0	1	3	1	0	1	0	0
5:Ins:R:4	0	0	0	0	0	0	0	0	1	0	0	0	0	0	1	0	0	0	0	0	0	1	0	1	0	0	0	0	0	0	0	0	0	0	1	0	0	0	0	0	0	0	0	0	0	0	0	0	0	0	0	0	0	0	0	0	1	0	1	0	0	1	1	0	0	0	0	0	0	0	0	0	0	0	1	0	0	0	0	0	0	0	0	0	0	0	0	0	0	0	0	0	0	0	0	0	0	0	0	0	0	0	2	0	0	1	1	0	0	0	0	0	0	0	0	1	0	0	0	0	0	0	0	0	0	0	0	0	0	0	0	0	0	0	1	0	0	0	0	0	0	0	1	1	0	0	0	0	0	0	0	0	0	0	0	0	0	0	0	0	0	0	0	0	0	1	0	0	0	0	0	0	0	0	0	0	0	0	0	0	0	0	0	0	0	0	0	0	0	0	0	0	0	0
5:Ins:R:5	0	0	0	0	0	0	0	1	0	0	0	0	0	1	0	1	1	0	1	0	0	1	0	0	0	0	0	0	0	0	0	0	0	0	0	0	0	0	0	0	0	0	0	0	0	0	0	0	0	0	0	0	0	0	0	0	0	0	0	0	0	0	1	0	0	0	0	0	0	1	0	0	0	0	0	0	0	0	0	0	0	0	0	0	0	0	0	0	0	0	0	0	0	0	0	0	0	0	1	0	0	0	0	0	0	0	0	0	0	0	0	0	0	0	0	0	0	0	0	1	0	0	0	0	0	0	0	0	1	0	0	0	0	0	1	0	0	0	0	0	0	0	0	0	0	0	0	0	0	0	1	0	0	0	0	0	0	0	0	0	0	0	1	0	0	0	0	0	0	0	1	0	0	0	0	0	0	0	0	0	0	0	0	0	0	0	0	0	0	0	0	0	0	0
2:Del:M:1	18	12	4	9	4	6	1	26	7	5	7	8	16	5	5	6	7	30	6	3	1	5	18	7	6	21	9	4	0	7	7	5	14	5	8	6	6	3	3	2	6	7	10	5	8	6	3	7	3	3	9	1	26	22	13	7	44	4	9	4	13	5	2	8	2	7	19	14	29	7	6	5	2	13	9	0	5	11	31	5	5	26	3	10	6	4	5	1	5	7	2	8	75	9	6	25	8	4	3	7	2	6	86	4	8	5	15	5	7	4	4	4	22	1	5	6	9	10	8	8	8	12	2	6	7	16	9	3	6	7	4	2	6	3	3	8	8	5	2	35	2	4	16	10	8	7	6	2	18	8	5	2	20	5	6	25	8	2	12	0	8	6	6	6	9	3	35	5	3	5	4	11	13	2	23	4	7	1	37	6	4	21	4	3	10	6	5	4	21	14	0	5	5	18
3:Del:M:1	8	2	2	3	0	1	2	7	11	2	2	2	5	0	0	1	1	16	1	3	0	2	7	1	2	12	3	0	1	1	2	2	1	2	1	1	0	0	0	1	0	2	9	3	0	0	0	3	1	1	1	1	11	21	8	1	12	0	5	1	6	1	1	3	1	2	13	1	24	0	1	1	0	5	2	0	2	3	17	2	2	19	1	3	4	1	2	3	1	2	0	2	2	2	2	16	1	0	1	2	4	1	3	2	2	0	3	0	0	3	0	0	16	0	1	3	1	11	11	3	2	2	0	1	8	4	0	0	2	0	2	0	0	0	2	2	3	1	1	13	1	1	3	3	2	2	1	0	4	1	0	0	2	2	1	1	1	0	2	0	2	3	4	2	1	2	1	2	3	1	1	1	2	2	23	1	1	1	21	1	2	4	1	1	0	0	0	1	10	11	0	0	1	1
3:Del:M:2	8	5	1	4	3	3	2	5	7	2	4	0	5	1	3	3	0	12	5	3	2	1	2	5	1	20	4	3	1	4	1	1	0	1	5	5	2	1	2	2	1	5	7	1	0	0	4	3	3	2	3	0	10	17	4	4	16	2	4	3	4	2	2	4	0	2	5	7	26	5	1	5	1	7	1	0	0	8	15	6	0	8	0	4	9	3	1	2	2	2	1	1	2	0	2	11	2	3	1	3	1	3	8	5	2	4	4	0	3	5	2	2	12	2	1	0	5	4	0	2	6	2	3	2	4	6	3	2	0	3	2	1	1	0	3	2	0	5	2	13	0	2	3	5	5	0	5	0	4	2	1	1	8	3	1	4	1	0	0	2	3	2	5	3	2	3	3	3	1	1	2	5	0	1	11	2	3	3	12	5	1	5	5	1	5	4	2	2	7	10	1	5	2	11
4:Del:M:1	7	5	1	4	1	0	2	7	5	1	1	2	5	4	3	2	0	13	1	1	2	4	9	2	4	20	0	2	1	2	2	0	1	1	2	4	2	2	2	2	3	2	10	1	0	4	2	3	3	4	2	2	9	8	4	3	14	1	7	1	2	4	5	4	1	0	14	3	17	3	1	3	2	7	2	1	2	1	13	5	1	10	0	3	3	0	2	1	1	2	1	4	1	2	0	22	2	2	1	5	2	1	3	1	3	2	5	2	4	5	3	4	18	0	3	0	2	12	4	1	2	2	1	4	9	5	3	2	0	2	1	1	2	1	2	0	4	3	2	19	2	2	3	4	1	2	0	0	5	2	3	3	4	1	2	1	4	0	2	1	2	1	5	1	0	0	2	2	2	2	1	3	4	2	13	2	3	0	23	3	0	11	2	0	1	3	3	3	10	8	1	2	3	7
4:Del:M:2	9	2	0	2	1	1	0	2	3	3	3	3	2	4	1	2	2	7	3	1	3	3	8	1	3	23	3	2	1	3	4	4	1	1	1	1	2	1	0	2	2	3	2	2	2	2	4	2	1	1	4	2	9	12	4	2	10	1	5	2	1	0	3	4	0	0	5	6	7	3	3	2	0	2	4	1	0	1	10	6	4	12	0	4	2	3	1	5	1	0	2	1	2	1	2	10	2	2	3	3	1	3	11	2	2	3	3	1	1	5	0	3	5	1	2	0	3	6	1	3	4	2	1	3	5	3	1	2	2	2	3	3	3	0	0	1	2	1	2	14	2	4	4	7	3	3	4	2	6	1	5	0	4	0	0	4	3	0	4	1	0	1	2	3	4	0	3	2	2	0	2	2	4	0	6	1	0	2	14	2	0	11	1	3	1	1	3	2	8	7	0	4	1	1
4:Del:M:3	5	3	0	3	4	3	0	3	5	0	5	8	3	6	4	3	3	7	5	0	1	1	4	6	2	14	3	1	3	5	5	8	5	7	7	1	4	2	2	4	3	5	2	3	1	3	9	2	0	5	2	1	7	8	2	4	17	2	2	1	2	2	2	1	3	4	5	3	7	3	4	6	3	9	7	2	1	1	10	6	2	7	0	4	6	3	0	6	0	3	1	1	4	1	1	6	2	2	3	2	1	9	13	7	5	1	2	1	0	1	1	5	4	2	5	3	4	6	0	4	7	3	7	0	5	2	5	2	1	1	4	0	1	0	4	4	3	3	0	8	2	6	3	4	3	1	4	1	6	0	4	4	11	6	1	9	0	1	7	4	3	2	5	2	1	2	1	7	2	2	1	1	2	1	5	3	2	1	11	3	2	5	0	1	3	4	3	4	7	8	0	0	0	7
5:Del:M:1	23	41	5	10	12	6	18	48	73	5	10	23	54	11	9	11	16	109	13	17	15	17	49	7	12	184	9	7	3	20	8	22	9	9	7	13	12	14	11	6	6	14	53	15	3	18	4	9	3	10	9	5	91	130	36	15	170	10	60	6	45	23	15	23	17	15	64	23	115	6	7	9	11	77	8	1	13	20	158	31	45	89	12	105	9	8	26	7	8	5	11	21	13	8	8	97	9	12	4	2	3	23	25	7	13	2	16	5	12	28	14	22	125	9	29	11	22	85	17	18	12	13	9	12	33	96	8	8	8	6	14	20	11	8	7	11	16	6	4	99	5	6	16	98	9	31	12	10	8	25	11	13	26	11	7	10	16	5	16	9	6	11	26	10	8	4	10	9	11	6	9	8	18	8	94	15	10	15	166	13	15	28	10	24	7	15	8	16	53	66	4	8	14	28
5:Del:M:2	16	19	4	6	9	6	8	35	38	4	3	8	32	11	8	11	6	70	10	4	6	18	24	6	5	395	5	4	4	12	5	13	6	4	6	8	12	7	2	6	2	11	42	9	2	21	1	10	0	6	7	4	53	80	22	9	97	4	33	3	34	15	13	15	8	3	36	22	64	6	4	9	6	43	9	0	5	3	87	35	31	49	12	84	15	4	11	5	6	6	9	9	4	2	6	91	6	4	5	4	5	7	18	4	0	2	13	4	7	21	8	6	74	8	13	5	12	50	9	18	9	5	3	12	18	49	3	1	4	8	7	9	10	4	9	8	4	5	7	102	5	7	13	109	6	9	8	4	6	4	14	7	34	12	4	10	10	1	11	4	4	11	21	10	2	11	7	3	11	4	8	12	14	6	54	7	3	4	155	5	5	17	12	8	2	6	3	12	47	43	2	12	6	14
5:Del:M:3	18	9	1	2	7	4	3	14	19	2	6	9	13	5	4	6	5	35	6	2	5	6	8	3	5	326	4	1	3	7	2	5	11	3	3	4	6	2	3	4	1	4	23	1	1	15	3	1	1	1	4	0	25	37	14	5	60	2	19	2	9	10	10	7	4	3	20	8	28	1	6	12	3	28	1	1	1	5	41	26	7	28	6	50	5	8	6	1	0	1	1	6	4	2	2	68	2	2	2	5	6	8	15	10	5	3	12	3	4	4	1	3	42	4	19	5	6	25	6	11	11	1	4	9	11	22	3	2	2	3	6	4	3	2	7	2	3	6	1	77	1	3	9	65	6	3	6	4	7	3	5	4	18	5	1	4	9	1	10	2	2	15	16	6	5	1	4	0	4	2	7	7	13	1	34	5	4	5	103	3	3	13	3	3	2	3	1	6	15	30	3	7	6	11
5:Del:M:4	3	4	3	2	5	0	2	19	9	1	1	4	8	2	7	2	3	13	2	1	3	4	5	4	3	166	2	2	3	3	1	2	2	0	4	3	1	1	2	2	0	1	9	2	2	14	2	2	0	1	1	0	9	27	6	2	23	1	9	1	10	9	5	5	2	2	10	6	13	3	8	5	6	4	3	0	0	2	15	13	4	14	0	33	2	7	5	3	0	2	2	4	3	1	1	28	5	3	4	2	0	2	7	1	4	2	4	1	2	1	2	1	16	2	10	6	2	9	4	13	7	3	4	3	7	12	4	2	2	0	2	1	1	3	0	3	4	3	1	42	2	1	9	47	2	0	4	2	2	2	2	2	7	3	2	6	1	2	4	3	2	3	7	5	1	2	5	2	2	1	3	4	7	1	12	1	1	3	53	2	3	6	2	0	5	4	0	3	5	11	1	1	2	8
5:Del:M:5	4	6	2	4	3	2	12	20	11	4	2	2	6	6	5	3	4	11	9	3	3	9	5	1	6	155	6	1	0	8	3	6	4	6	1	5	0	1	2	4	0	2	12	2	2	6	2	5	4	7	4	1	4	8	10	4	31	2	4	2	6	30	5	2	6	2	10	5	4	2	5	8	1	12	0	4	0	4	17	13	2	13	2	30	7	2	10	3	3	4	1	5	6	1	2	47	1	2	5	4	4	2	7	1	1	0	7	3	4	5	4	2	16	1	1	8	7	10	2	46	4	1	1	4	11	14	1	5	4	1	4	3	1	0	0	1	0	3	0	31	1	6	30	23	4	1	3	1	2	4	4	2	6	7	2	3	2	1	6	0	5	4	7	5	3	2	2	3	3	4	6	4	9	2	11	4	4	5	41	2	3	8	0	2	0	4	4	7	13	13	2	3	9	9
