MutationType	SP99325	SP18310	SP17172	SP96133	SP110242	SP21017	SP22383	SP81312	SP19215	SP16886	SP17905	SP18121	SP96118	SP21400	SP18946	SP80615	SP102897	SP98845	SP107012	SP55142	SP53810	SP116697	SP102133	SP125732	SP125746	SP125770	SP77956	SP124384	SP135287	SP85122	SP84384	SP84982	SP84392	SP84439	SP95454	SP94741	SP90209	SP90989	SP93540	SP93227	SP94348	SP94933	SP92364	SP94917	SP92460	SP89909
[Del(C):R1]A	110	97	28	83	98	84	77	22	45	20	74	72	13	19	40	40	36	21	50	366	459	50	20	8	35	25	7	36	35	86	133	34	78	112	23	42	36	42	60	38	42	38	39	29	12	18
[Del(C):R1]T	84	49	51	51	89	67	53	72	27	56	321	48	7	42	100	194	40	18	18	258	241	94	27	9	31	45	2	129	18	55	45	38	39	45	10	25	57	27	50	76	28	38	29	34	9	13
[Del(C):R2]A	81	25	13	27	51	29	27	81	22	51	247	48	5	51	109	107	29	23	40	422	462	30	9	3	14	17	0	23	25	26	68	20	30	64	9	25	56	6	25	127	16	12	19	21	6	5
[Del(C):R2]T	92	34	21	33	47	54	31	20	26	11	82	51	1	20	35	48	43	19	28	258	315	36	6	5	15	15	3	44	16	35	72	23	29	56	11	26	32	16	32	52	28	26	17	14	11	8
[Del(C):R3]A	139	66	7	49	101	63	63	31	50	17	79	99	10	11	29	33	28	26	49	366	541	29	7	2	31	17	2	23	26	60	99	34	69	117	12	29	56	17	39	115	29	11	14	25	12	10
[Del(C):R3]T	103	71	23	42	77	57	45	21	54	9	48	66	5	13	14	26	25	20	30	185	223	13	5	4	21	10	0	27	36	49	71	32	68	91	18	34	39	28	43	65	37	16	27	25	10	10
[Del(C):R(4,5)]A	1240	1103	135	622	1015	972	679	61	637	16	92	816	130	24	65	56	114	106	265	268	265	43	19	44	354	55	0	238	451	657	1220	421	939	1546	235	415	597	274	732	722	425	137	297	222	123	126
[Del(C):R(4,5)]T	1054	1096	138	521	900	796	563	29	570	9	58	685	107	13	23	30	133	100	246	136	136	30	18	43	346	41	0	187	380	676	1338	368	911	1205	218	434	470	259	719	558	427	135	333	171	148	135
[Del(C):R(1,5)]G	396	348	53	198	384	299	185	26	199	5	43	225	31	12	17	29	54	46	71	177	272	14	7	16	123	21	1	84	137	311	486	137	309	509	91	183	163	131	281	195	155	44	156	61	53	70
Del(C):R(6,9)	4401	5168	965	2274	4163	3715	2271	83	2265	20	71	2694	430	45	100	64	455	400	884	84	83	50	129	183	1814	235	2	924	1722	3774	5268	1764	4469	4713	1114	2005	3129	1369	3768	2366	2105	895	1576	694	575	576
A[Del(T):R(1,4)]A	541	412	149	309	522	434	281	147	289	105	1170	409	54	132	379	396	121	38	124	128	111	72	55	25	189	71	4	217	221	294	321	177	360	442	104	196	1631	163	319	3195	160	185	222	98	59	69
A[Del(T):R(1,4)]C	280	217	78	155	229	191	190	159	195	78	934	213	35	97	272	259	77	30	67	44	14	56	23	32	68	53	2	46	110	188	221	107	165	257	32	73	581	79	142	1411	78	82	131	45	20	30
A[Del(T):R(1,4)]G	251	277	69	166	216	167	168	49	163	35	540	178	37	48	145	145	61	17	70	57	65	22	13	30	74	26	1	58	103	154	178	99	185	215	38	83	483	77	149	1247	71	58	101	23	26	32
C[Del(T):R(1,4)]A	328	277	66	190	280	223	211	15	250	8	132	247	26	10	46	60	56	36	69	104	160	34	15	31	81	41	3	76	153	210	214	142	229	329	61	122	334	114	155	703	77	63	198	53	26	30
C[Del(T):R(1,4)]C	353	335	84	218	382	265	236	20	327	7	126	271	40	17	33	52	69	41	86	80	83	31	23	49	96	63	1	74	162	274	296	178	300	380	61	129	261	147	195	430	101	84	221	50	43	61
C[Del(T):R(1,4)]G	270	250	45	189	256	186	186	8	249	4	56	210	28	13	16	32	46	28	60	134	154	30	19	23	72	43	3	42	123	162	185	125	223	284	58	92	184	97	159	380	92	47	150	50	39	36
G[Del(T):R(1,4)]A	271	221	44	186	229	264	252	41	179	22	218	155	38	39	111	102	36	40	84	70	54	42	17	17	67	31	1	98	131	151	321	188	231	357	39	71	1185	73	105	1673	50	31	92	42	23	20
G[Del(T):R(1,4)]C	254	187	57	137	211	254	281	62	236	11	153	172	25	33	59	65	37	48	58	43	24	34	16	37	59	34	0	40	135	152	306	178	216	307	37	71	772	81	82	1128	55	28	84	21	25	15
G[Del(T):R(1,4)]G	266	187	49	188	263	300	243	22	211	10	98	178	29	54	34	50	37	42	55	72	54	31	12	24	61	38	1	37	123	137	283	164	207	334	25	79	537	83	100	908	71	45	86	27	29	27
A[Del(T):R(5,7)]A	6529	7256	1981	4939	6243	5316	4867	541	5184	229	2324	5283	963	352	1255	851	528	352	1403	51	19	217	267	598	2465	743	11	1081	3878	6178	5988	2933	5924	6028	1486	2459	12816	2656	4976	16389	2610	1719	3076	868	769	790
A[Del(T):R(5,7)]C	3212	3100	1006	1880	2574	2634	2479	286	2327	128	1112	2326	364	255	552	515	266	211	726	26	11	197	176	327	890	427	7	488	1806	2264	3937	1633	2648	3154	567	933	3633	1087	1928	4427	1029	820	1253	364	301	278
A[Del(T):R(5,7)]G	4353	5658	1395	3353	4197	3474	2949	193	3206	99	969	3310	614	154	528	404	404	336	930	38	9	108	130	411	1618	363	6	742	2442	3843	4477	1986	4226	4269	910	1734	5842	1687	3478	7564	1676	1013	1730	503	466	487
C[Del(T):R(5,7)]A	3556	4577	946	2947	3671	2988	2542	436	2871	102	598	2842	585	272	564	272	290	193	755	40	18	96	109	283	1377	276	6	618	2271	3308	2955	1654	3536	3630	720	1476	3657	1488	2942	3791	1263	827	1651	474	390	458
C[Del(T):R(5,7)]C	3289	3469	947	2217	3001	3153	2596	182	2691	39	277	2328	389	114	297	148	278	263	741	41	14	180	106	313	949	319	2	477	2144	2611	3864	1911	2906	3330	577	1134	2308	1290	2101	2487	1036	674	1406	403	266	338
C[Del(T):R(5,7)]G	3187	4639	1075	2710	3469	2707	2228	66	2659	29	267	2682	488	61	178	81	273	195	658	34	17	53	80	290	1325	253	0	566	2055	3224	2884	1411	3320	3315	659	1397	2511	1394	2924	2644	1210	783	1359	376	321	437
G[Del(T):R(5,7)]A	2558	2462	684	1929	2373	2571	2431	139	2083	35	306	1920	354	87	252	143	188	233	544	24	8	110	50	254	860	215	3	363	1900	2113	3169	1634	2534	2990	498	759	4264	848	1452	4401	763	420	896	283	236	175
G[Del(T):R(5,7)]C	1985	1801	633	1178	1614	1817	1745	113	1526	30	187	1321	215	56	157	92	155	210	494	27	7	108	79	229	571	184	2	284	1227	1286	2575	1256	1788	2120	295	572	1904	692	1065	1957	591	457	685	213	156	178
G[Del(T):R(5,7)]G	1990	2174	624	1487	1932	2020	1700	74	1601	27	168	1382	258	55	151	87	135	252	450	29	8	67	51	209	747	173	4	347	1295	1606	2406	1111	2009	2064	391	644	2767	787	1333	2980	663	400	734	216	178	186
A[Del(T):R(8,)]A	9211	10207	3835	5474	9213	8554	6080	631	5679	112	402	7338	268	299	862	382	806	452	1854	17	1	185	446	420	3576	801	6	1462	4670	8602	6073	3866	7215	5198	2361	4306	7137	4866	8448	7479	4668	3211	4850	1205	1081	900
A[Del(T):R(8,)]C	5771	6077	2368	3210	5224	5911	3978	238	3036	63	243	4021	114	129	415	224	486	350	1364	19	1	261	344	386	1870	569	8	801	3110	4779	5457	3288	5001	3904	1071	2198	2796	2574	4260	3091	2148	2087	2587	659	488	454
A[Del(T):R(8,)]G	5508	6923	2409	3524	5761	5134	3317	101	3203	26	156	4338	164	58	196	126	462	379	1054	7	2	70	237	254	2180	378	4	860	2580	4928	3575	2346	4394	2897	1178	2858	3236	2980	5081	3285	2693	1871	2828	669	584	583
C[Del(T):R(8,)]A	6436	8367	2353	4627	6927	6669	4165	317	3501	56	172	5429	251	166	377	163	675	356	1654	13	0	96	257	249	3022	395	3	1205	3804	5617	4139	2665	5505	4602	1559	3565	3818	3227	6274	3177	3078	2069	2943	929	654	641
C[Del(T):R(8,)]C	6717	7979	2395	4581	7217	8187	5282	182	3696	27	77	5096	207	57	188	114	571	553	1670	11	2	221	289	371	2708	487	4	1094	4311	5613	6590	4313	6195	5577	1336	2878	2685	3264	5129	2428	2672	1935	2809	808	563	487
C[Del(T):R(8,)]G	7461	10281	2894	5726	8478	7284	4519	53	4333	22	65	6271	361	46	128	44	685	560	1594	4	2	44	210	377	3369	422	1	1524	3818	6853	4796	2965	6387	4724	1859	4510	3299	4199	7894	2565	3759	2192	3483	1003	780	885
G[Del(T):R(8,)]A	3622	3844	1376	2370	3537	3946	2990	176	2259	33	92	2452	119	86	217	92	317	271	874	6	1	76	169	209	1500	250	6	587	2279	3179	3286	2180	3312	2883	739	1550	1908	1902	2752	1836	1509	1029	1552	452	346	293
G[Del(T):R(8,)]C	2780	2916	1157	1619	2537	2852	2191	80	1575	15	49	1762	81	30	100	48	243	230	655	3	1	113	141	216	993	256	3	428	1648	2209	2733	1709	2445	2135	538	1110	1130	1278	1988	1153	1038	884	1231	287	220	226
G[Del(T):R(8,)]G	2792	3197	1121	1765	2938	2923	1916	38	1722	5	34	1962	76	23	56	28	241	270	659	0	0	32	99	132	1154	171	2	459	1402	2399	2290	1425	2402	1846	630	1370	1320	1465	2364	1109	1216	755	1218	328	263	265
A[Ins(C):R0]A	136	23	56	52	29	36	15	388	14	430	543	98	0	273	212	935	1	1	0	7	4	11	16	3	9	4	1	10	10	22	22	52	28	220	5	7	9	9	13	14	8	24	25	13	1	1
A[Ins(C):R0]T	45	3	16	15	5	4	1	8	6	15	33	40	0	7	20	141	1	1	0	5	6	0	0	0	0	5	0	1	0	1	2	18	9	82	0	0	0	1	0	6	0	4	1	4	0	0
Ins(C):R(0,3)	298	135	120	120	197	148	119	43	79	69	172	154	11	60	67	188	43	48	83	63	88	44	150	17	100	94	2082	82	64	116	143	79	133	182	22	102	109	59	102	121	80	415	165	29	28	18
Ins(C):R(4,6)	1083	1013	254	625	1206	827	601	39	720	44	121	694	121	48	64	125	133	120	248	59	70	118	618	113	415	712	104	225	571	960	1147	384	957	1079	238	436	591	313	637	689	390	1458	701	135	154	129
Ins(C):R(7,)	806	763	337	475	1108	941	479	21	417	11	20	558	39	25	36	60	77	110	182	7	3	115	612	59	397	504	0	182	410	894	808	458	846	680	283	488	543	395	516	428	373	1194	708	147	139	92
A[Ins(T):R(0,4)]A	238	193	83	161	219	161	108	45	109	94	329	165	19	62	114	246	61	17	99	34	28	54	132	21	76	120	378	45	100	121	124	46	133	184	42	108	296	68	131	353	98	308	168	56	29	20
A[Ins(T):R(0,4)]C	209	103	33	81	134	98	54	20	61	31	132	142	13	22	37	78	47	15	73	21	23	57	72	13	45	78	394	36	58	74	87	27	70	178	31	47	222	22	72	256	44	176	66	24	15	22
A[Ins(T):R(0,4)]G	392	210	38	127	240	161	142	37	139	75	341	247	30	48	94	271	63	33	137	130	230	68	113	23	106	173	446	69	81	131	157	70	199	291	66	99	271	68	128	562	52	269	160	73	30	36
C[Ins(T):R(0,4)]A	164	94	31	60	114	54	57	80	54	129	444	75	18	138	169	317	21	13	88	18	36	29	43	9	50	37	177	28	41	58	69	31	83	84	18	37	269	22	37	395	31	127	41	24	16	9
C[Ins(T):R(0,4)]C	318	122	18	72	109	65	76	94	64	122	382	115	24	111	116	296	33	33	94	19	39	29	70	4	61	56	312	43	63	92	103	39	111	166	42	56	339	26	63	460	56	209	70	30	20	18
C[Ins(T):R(0,4)]G	628	198	30	147	239	139	132	37	108	74	315	231	40	63	93	215	69	68	209	145	233	35	90	14	135	105	341	62	79	137	163	63	162	274	72	102	282	41	122	418	81	367	87	73	41	38
G[Ins(T):R(0,4)]A	59	25	10	27	37	24	19	9	18	5	26	22	6	8	13	17	12	5	31	24	31	10	30	9	21	16	207	10	24	25	29	8	32	30	9	17	36	12	22	20	13	59	25	6	4	2
G[Ins(T):R(0,4)]C	77	34	9	24	47	25	18	6	16	8	14	38	4	4	8	16	6	9	39	20	15	9	18	3	20	16	275	13	13	14	15	7	26	30	8	14	36	11	17	40	12	49	29	13	9	3
G[Ins(T):R(0,4)]G	236	160	39	89	145	120	92	8	83	11	36	160	28	9	17	31	41	17	91	138	207	27	83	12	69	76	264	49	68	87	105	55	127	178	56	82	94	42	94	134	60	279	97	24	42	19
A[Ins(T):R(5,7)]A	1623	1589	535	971	1866	1274	903	818	871	676	1630	1895	269	977	942	1408	202	85	503	32	10	422	1006	137	620	832	50	337	905	1203	1100	515	1197	1244	404	684	6390	487	1047	4446	612	2152	1004	318	243	166
A[Ins(T):R(5,7)]C	1471	1115	327	688	1507	1003	652	557	594	516	1253	2015	202	666	693	1038	173	89	469	47	14	554	738	99	484	801	37	262	632	793	731	267	827	1163	315	521	3707	248	727	3080	376	1510	645	336	192	135
A[Ins(T):R(5,7)]G	2008	1651	502	933	2086	1439	818	275	841	253	712	3078	244	378	359	631	281	171	649	80	30	494	953	148	774	1050	40	361	827	1087	1101	399	1305	1610	506	719	3708	384	1111	2919	571	2275	933	387	262	194
C[Ins(T):R(5,7)]A	615	643	243	402	774	555	366	538	394	458	1100	530	91	663	626	965	70	30	207	24	7	198	362	72	245	369	23	138	361	524	433	208	534	492	189	316	1856	203	439	1969	282	962	374	119	109	69
C[Ins(T):R(5,7)]C	764	632	185	405	884	540	375	522	314	389	965	837	107	598	526	844	98	44	270	37	11	321	379	51	287	440	28	162	341	413	397	165	424	613	190	264	1559	132	363	1830	193	879	379	179	84	73
C[Ins(T):R(5,7)]G	949	835	254	502	1043	750	451	226	457	177	512	1050	108	251	243	426	143	84	320	33	21	290	508	70	368	535	24	166	374	644	519	202	614	819	245	379	1362	216	548	1549	286	1141	470	202	137	87
G[Ins(T):R(5,7)]A	835	798	304	522	953	724	450	397	472	296	759	854	104	422	458	565	106	64	258	14	5	153	508	89	354	440	20	173	484	652	563	246	602	533	231	384	2317	254	572	1668	331	1172	487	161	149	76
G[Ins(T):R(5,7)]C	933	811	217	471	1037	767	458	389	456	333	772	1215	128	498	415	711	118	69	313	22	10	216	542	61	421	540	14	181	450	576	533	174	576	647	260	406	2072	167	499	1702	273	1111	445	221	143	91
G[Ins(T):R(5,7)]G	1794	1505	437	770	1988	1366	796	190	837	167	383	2164	172	227	262	359	262	166	597	29	21	257	853	114	770	897	19	317	741	1087	974	396	1056	1037	519	739	2210	354	989	1797	552	2140	889	371	238	149
A[Ins(T):R(8,)]A	1429	1134	522	710	1588	1277	613	303	536	254	402	1557	24	349	472	540	173	72	414	16	3	225	1041	52	601	574	6	233	586	937	614	300	864	404	391	780	2605	485	1002	1839	647	2292	1061	273	205	122
A[Ins(T):R(8,)]C	1188	1011	413	552	1362	1053	620	380	457	333	470	1435	23	366	506	628	158	62	381	26	2	212	752	34	446	529	12	180	488	862	509	253	663	390	340	684	2701	381	754	2006	531	1725	870	243	200	101
A[Ins(T):R(8,)]G	1177	971	457	549	1361	1045	497	117	435	116	175	1494	12	149	213	243	185	90	438	11	8	149	772	39	488	548	8	213	410	846	479	254	647	364	385	716	1881	389	879	1264	556	1932	930	189	204	120
C[Ins(T):R(8,)]A	739	624	318	363	946	706	400	155	311	107	185	708	7	146	230	260	100	37	251	10	3	113	609	14	310	328	0	140	301	485	313	181	389	164	260	502	1399	332	558	1206	372	1422	677	171	138	88
C[Ins(T):R(8,)]C	856	705	314	399	1006	764	379	257	309	218	310	969	15	242	352	429	112	62	276	9	2	113	640	21	328	395	3	140	289	554	278	178	439	167	301	501	2490	309	627	1983	403	1374	727	179	142	84
C[Ins(T):R(8,)]G	969	894	439	487	1238	980	439	97	393	67	118	1174	21	123	148	210	178	139	309	11	4	90	858	29	486	568	8	246	340	754	439	245	517	233	361	698	1898	437	708	1438	581	2142	1024	217	203	129
G[Ins(T):R(8,)]A	703	679	278	332	869	745	340	138	293	93	151	867	11	123	161	206	125	36	224	6	1	77	596	23	328	301	4	134	288	496	245	159	410	184	286	523	1113	277	628	737	381	1386	676	161	153	76
G[Ins(T):R(8,)]C	767	596	259	331	810	732	366	126	290	107	177	852	12	164	235	281	105	56	222	12	2	66	546	10	308	293	1	108	300	519	280	154	396	188	289	508	1391	241	540	1005	369	1182	577	131	130	65
G[Ins(T):R(8,)]G	948	885	373	430	1126	993	458	94	324	67	72	1150	17	70	115	139	149	97	270	6	1	77	771	23	432	406	2	213	262	730	318	194	512	226	358	690	1302	404	710	824	555	1776	952	182	186	99
Del(2,4):R1	245	230	90	113	207	176	95	5	124	16	19	135	18	10	19	37	60	13	27	80	63	78	12	12	97	48	1	67	79	176	127	58	136	114	34	94	86	66	195	85	90	73	104	39	32	17
Del(5,):R1	37	27	13	21	39	20	15	7	5	8	8	10	7	5	14	31	55	20	24	61	20	120	16	7	16	128	6	73	13	25	15	13	17	19	7	12	11	20	23	14	7	30	17	7	15	17
Del(2,8):U(1,2):R(2,4)	1511	904	102	493	646	472	532	24	480	21	34	506	102	13	52	38	303	99	194	184	165	136	41	69	407	69	10	171	412	614	1085	345	718	968	235	422	426	370	1024	431	442	166	390	245	164	162
Del(2,):U(1,2):R(5,)	3864	3615	284	1349	2588	2837	1498	23	1764	6	15	1870	160	7	36	19	147	68	316	35	22	28	70	23	798	81	1	238	1332	2306	2406	1046	2854	2436	541	1186	1334	1061	2928	1213	1030	440	871	416	277	211
Del(3,):U(3,):R2	678	436	19	234	313	177	256	12	216	13	23	171	58	11	25	23	226	27	105	48	6	190	26	24	245	51	8	121	229	320	557	149	289	331	119	210	182	176	537	153	224	77	190	151	97	105
Del(3,):U(3,):R(3,)	639	340	8	210	292	267	192	6	184	8	8	204	32	3	15	11	116	27	73	15	3	48	20	5	183	46	2	87	159	281	365	167	299	265	99	196	175	183	445	148	197	61	205	89	77	69
Ins(2,4):R0	97	75	52	52	106	72	21	81	12	94	97	39	3	51	76	202	15	6	16	21	10	12	57	5	33	39	2	25	18	62	30	19	37	33	15	52	63	28	49	57	41	158	61	11	8	5
Ins(5,):R0	7	13	10	9	34	16	6	11	4	22	13	4	0	15	20	43	9	1	4	9	2	14	13	0	18	18	4	7	2	15	10	3	7	3	4	7	14	13	16	11	9	36	17	6	1	5
Ins(2,4):R1	33	15	17	33	42	25	21	17	14	16	19	22	0	12	11	24	25	4	14	21	10	31	25	4	13	13	3	16	9	34	26	24	26	19	8	31	20	7	20	12	24	65	21	6	9	7
Ins(5,):R1	4	10	29	23	23	19	25	9	5	5	18	7	0	16	21	24	11	2	7	33	6	44	13	2	4	9	7	29	7	24	2	9	14	16	5	6	12	5	15	5	8	13	26	2	8	1
Ins(2,):R(2,4)	325	384	103	271	454	338	199	42	171	35	138	203	30	24	98	107	72	39	127	26	22	48	254	13	172	153	6	99	215	369	249	100	328	228	116	224	283	146	283	271	176	592	289	50	61	52
Ins(2,):R(5,)	1789	1872	338	1128	2455	1551	797	71	831	69	146	1103	121	68	228	185	239	97	522	11	3	89	1291	46	825	705	9	396	798	1735	1022	458	1375	834	660	1185	1654	738	1645	1387	993	3713	1657	209	333	191
Del(2,5):M1	318	196	32	149	212	126	107	12	102	7	8	95	33	9	24	35	82	23	44	93	43	100	27	15	132	33	3	79	100	189	180	80	112	135	52	98	95	83	226	94	83	89	97	71	47	50
Del(3,5):M2	428	223	16	143	205	107	132	8	136	10	10	119	32	10	14	19	149	29	55	37	12	113	25	6	127	46	4	68	135	204	307	95	147	217	79	120	99	95	292	83	132	58	116	80	54	50
Del(4,5):M(3,4)	103	90	6	38	98	41	34	6	31	4	5	36	17	5	10	12	49	16	26	21	5	79	10	2	76	24	4	23	39	63	94	42	51	55	33	47	31	37	102	32	40	32	43	22	16	23
Del(6,):M1	16	14	11	20	24	18	16	4	8	4	2	6	4	4	8	23	28	12	9	76	18	111	10	2	14	143	2	59	8	18	11	4	15	11	6	13	14	16	15	10	6	16	13	15	15	6
Del(6,):M2	14	5	10	14	24	9	14	9	4	6	5	7	1	3	8	39	18	12	14	129	16	218	13	3	3	282	3	38	4	21	9	9	15	10	7	11	6	10	13	9	12	7	7	10	8	2
Del(6,):M3	12	5	5	10	19	8	7	5	5	0	1	5	2	0	3	18	12	3	7	95	3	134	5	2	5	196	2	11	5	9	7	6	11	9	5	6	8	8	2	6	5	11	5	5	6	1
Del(6,):M(4,)	24	27	10	12	22	24	10	8	17	3	3	5	3	2	3	28	12	8	11	76	8	183	10	4	10	243	5	45	7	18	17	7	32	11	5	16	7	10	11	8	9	17	9	3	1	5
Complex	0	0	0	0	0	0	0	0	0	0	0	0	0	0	0	0	0	0	0	0	0	0	0	0	0	0	0	0	0	0	0	0	0	0	0	0	0	0	0	0	0	0	0	0	0	0
