MutationType	SP97749	SP49235	SP50177	SP97775	SP97685	SP97747	SP97771	SP97681	SP98082	SP49334	SP49124	SP115501	SP98305	SP49247	SP49328	SP98092	SP120755	SP49417	SP49175	SP49223	SP49187	SP49157	SP49379	SP49541	SP98164	SP49481	SP98078	SP106677	SP106743	SP98359	SP98192	SP98053	SP106631	SP49551	SP49651	SP98265	SP98297	SP98060	SP98289	SP115498	SP98096	SP49114	SP98090	SP49286	SP49469	SP49205	SP98327	SP49449	SP49391	SP49531	SP49322	SP49433	SP109384	SP98065	SP49591	SP49385	SP98313	SP49119	SP109301	SP115830	SP49229	SP98853	SP98855	SP98859	SP98865	SP98879	SP98871	SP98867	SP98861	SP98877	SP98889	SP98887	SP98875	SP98851	SP98833	SP98873	SP98883	SP98849	SP98869	SP98893	SP98847	SP98881	SP98841	SP98845	SP98839	SP98843	SP98863	SP98891	SP98885	SP107047	SP107050	SP99261	SP107052	SP99269	SP99271	SP107056	SP107060	SP99279	SP107063	SP107068	SP107071	SP107073	SP98896	SP99003	SP107076	SP107078	SP107080	SP98898	SP107084	SP107088	SP107091	SP107094	SP112224	SP107097	SP107101	SP98900	SP107104	SP107109	SP107111	SP107115	SP98902	SP107119	SP98904	SP98909	SP107121	SP107123	SP98907	SP107132	SP107136	SP107141	SP98913	SP107146	SP107150	SP98915	SP107152	SP107155	SP112125	SP98921	SP112130	SP112133	SP98925	SP112138	SP112141	SP98927	SP112147	SP112152	SP112156	SP98933	SP112160	SP98937	SP112165	SP112168	SP98941	SP112170	SP112174	SP98945	SP112178	SP112180	SP98949	SP112182	SP98953	SP112186	SP98955	SP112188	SP112190	SP112192	SP112194	SP98959	SP112196	SP112198	SP112201	SP98965	SP112205	SP112208	SP98967	SP112210	SP112211	SP98973	SP112213	SP50097	SP112215	SP112217	SP98975	SP112219	SP112221	SP112228	SP50099	SP98981	SP112234	SP98985	SP112237	SP98989	SP112241	SP112245	SP98991	SP112248	SP112051	SP98997	SP112252	SP99001	SP112257	SP99007	SP112261	SP50101	SP112265	SP112268	SP99011	SP112269	SP99013	SP112273	SP112274	SP50105	SP112276	SP99019	SP99021	SP112283	SP112288	SP99025	SP112290	SP99029	SP99033	SP99037	SP99041	SP99045	SP112300	SP99049	SP112304	SP50107	SP112310	SP99053	SP99057	SP99061	SP50109	SP99065	SP106993	SP50111	SP99069	SP99073	SP99077	SP99081	SP99085	SP99089	SP99093	SP99097	SP99101	SP106998	SP99105	SP99109	SP50113	SP50115	SP50117	SP107004	SP99117	SP99121	SP107007	SP99125	SP99129	SP99133	SP50119	SP99137	SP50121	SP50123	SP99141	SP50125	SP99145	SP99149	SP50129	SP99153	SP99157	SP99161	SP99165	SP50131	SP50133	SP99169	SP50135	SP50137	SP99173	SP99177	SP99181	SP50139	SP107010	SP99189	SP50141	SP99193	SP50145	SP50147	SP107012	SP50149	SP107017	SP107019	SP107023	SP50151	SP50153	SP99197	SP50155	SP99201	SP50157	SP99205	SP50159	SP50161	SP107025	SP107028	SP50163	SP99217	SP50165	SP107030	SP50167	SP99229	SP99233	SP107032	SP50169	SP50171	SP50173	SP50175	SP107034	SP50179	SP99237	SP107037	SP107041	SP50181	SP99249	SP99253	SP50183	SP99257	SP107044	SP50185
[Del(C):R1]A	8	12	18	34	14	16	23	14	18	7	13	10	23	27	14	11	8	24	10	5	15	24	11	18	25	6	27	16	4	12	3	19	5	22	9	16	30	4	10	28	15	34	54	13	10	3	17	2	5	27	9	8	9	18	7	20	6	16	22	10	5	17	8	8	4	15	12	16	24	11	14	28	17	1	10	23	15	7	4	17	17	17	12	21	10	13	4	13	13	26	30	12	11	18	13	20	8	19	16	14	36	4	30	16	31	14	25	24	25	6	14	7	16	18	47	25	17	6	12	0	22	25	9	26	39	17	31	1	22	8	16	19	24	7	26	19	15	15	12	15	8	6	29	28	21	8	17	16	10	5	16	43	41	34	11	5	36	15	31	17	14	17	43	11	25	22	23	7	18	20	7	17	16	24	9	25	15	40	22	29	24	25	12	33	10	22	17	11	33	31	10	4	6	7	11	16	22	28	19	8	3	7	8	15	9	17	38	25	8	23	9	18	8	19	15	8	16	20	36	18	33	5	22	21	13	17	22	30	17	12	6	51	9	13	39	12	15	13	18	17	20	16	15	6	9	23	8	23	27	16	11	21	24	24	23	14	19	16	24	27	19	23	18	13	5	18	16	11	11	13	22	20	8	4	5	4	18	24	8	10	16	14	0	16	14	31	50	13	4	15	13	19	37	23	32	6	14	6	28	19	21	5	16	4	22	23	10	14	7	5	37	29	7	3	21	17	12	21	12	10	14	11	19	20	9	13
[Del(C):R1]T	9	9	5	33	14	14	19	18	24	11	14	15	24	22	17	15	8	15	7	1	7	19	6	25	25	4	16	10	8	11	3	21	5	12	13	21	23	6	16	30	15	36	53	17	18	8	8	9	6	20	22	8	10	10	18	21	7	12	26	10	11	15	13	10	8	16	5	16	41	14	10	15	12	3	13	22	13	9	7	21	12	18	5	18	11	12	2	15	9	23	13	15	9	14	10	25	15	9	12	10	22	2	22	13	27	6	15	13	8	3	17	4	10	11	42	11	8	8	20	1	16	11	6	19	22	6	23	6	11	3	23	18	9	8	14	9	11	10	15	11	6	7	12	16	23	6	11	11	8	4	8	24	23	20	7	4	17	8	18	6	22	14	29	8	28	18	11	6	24	8	4	14	15	14	8	13	15	41	17	36	13	29	6	18	9	11	7	9	17	14	25	4	10	8	9	10	17	12	20	6	1	9	9	17	15	19	19	16	17	29	4	18	5	22	11	9	16	15	21	8	17	5	15	14	13	18	14	24	13	6	4	37	9	8	17	9	12	17	17	14	15	9	14	5	7	20	6	21	41	11	11	9	25	20	20	9	15	8	15	14	9	15	13	18	5	7	19	6	14	10	10	28	6	2	9	2	18	16	11	6	19	4	1	4	20	17	18	20	7	18	10	16	15	54	22	7	12	8	18	19	22	2	12	3	15	15	14	9	5	2	12	11	5	2	4	11	14	15	7	7	12	17	40	15	2	10
[Del(C):R2]A	11	20	15	29	11	29	21	25	15	11	9	9	37	37	20	14	3	16	24	3	25	44	21	22	43	7	33	16	6	14	2	28	13	23	4	16	33	1	26	39	31	32	84	23	10	7	22	3	4	40	11	9	6	14	10	22	10	18	37	12	8	31	13	8	3	26	11	45	30	42	35	32	29	2	13	43	21	5	11	21	22	20	16	23	22	16	6	32	36	48	31	21	12	28	23	49	21	33	9	17	52	4	38	15	50	7	20	37	33	7	28	11	14	23	58	17	20	4	23	0	30	26	22	48	36	37	40	3	23	8	28	20	23	11	29	11	16	20	23	13	12	9	54	25	26	8	18	18	25	6	12	47	58	57	9	18	47	19	51	27	20	29	68	24	48	30	30	8	24	27	10	22	29	24	19	35	19	43	35	61	41	48	22	55	15	27	21	16	40	53	7	8	12	4	5	25	30	51	27	10	1	4	10	13	10	26	46	16	6	50	8	27	10	25	31	10	23	24	65	46	47	6	33	25	8	31	23	42	28	21	7	73	19	15	54	5	28	26	20	16	32	17	41	2	4	47	13	17	41	23	14	39	28	39	28	31	26	20	30	55	17	24	15	22	9	28	25	19	16	11	22	33	13	9	20	4	30	38	16	8	15	12	2	22	15	48	40	22	11	26	19	18	46	19	60	4	19	8	18	40	22	7	23	5	31	23	29	12	12	5	43	38	16	3	23	21	14	24	16	28	16	38	30	49	12	12
[Del(C):R2]T	10	10	11	22	7	8	19	15	8	15	14	10	18	24	16	9	4	10	6	5	9	24	11	20	24	2	17	8	6	9	7	19	9	15	7	14	28	6	21	16	17	38	37	24	7	1	9	5	8	24	7	5	8	16	6	10	11	10	21	11	3	15	9	7	5	16	4	16	9	12	13	22	16	2	9	24	21	6	6	15	10	18	6	19	8	11	6	18	17	21	12	17	8	15	12	20	14	6	6	7	9	2	19	8	26	2	18	15	16	2	10	2	21	11	30	14	9	6	14	0	12	16	2	29	27	6	22	7	14	6	9	12	21	10	19	7	11	7	10	14	8	1	20	8	12	9	7	8	10	6	8	23	24	34	7	2	30	15	30	10	16	15	24	6	23	14	17	5	10	7	4	16	17	19	10	21	9	29	18	69	20	27	12	18	8	18	12	5	24	19	11	5	7	7	5	15	12	25	16	4	2	7	8	15	7	16	19	14	10	20	3	8	3	8	9	7	11	15	24	13	28	4	11	17	5	20	10	21	19	14	6	44	5	9	35	7	11	19	11	14	14	14	31	3	7	21	8	17	25	6	7	15	14	14	20	19	14	15	13	26	14	13	9	15	7	12	20	7	6	7	13	22	9	5	10	1	14	18	15	3	16	6	0	7	12	13	28	12	8	14	12	8	14	19	19	7	13	5	15	26	7	7	14	3	13	10	12	4	7	0	19	14	13	3	15	15	4	22	8	15	11	11	42	16	1	14
[Del(C):R3]A	4	7	5	13	7	22	14	21	12	10	13	2	15	25	17	7	0	8	8	2	15	27	12	15	31	6	19	8	1	7	6	22	9	23	4	11	29	3	17	33	19	32	43	13	5	3	15	0	5	37	8	7	8	12	5	15	0	14	30	7	4	25	5	4	4	12	5	14	32	21	19	24	23	4	9	17	7	5	5	13	14	16	18	26	10	18	2	16	23	28	14	20	14	19	18	27	15	18	10	13	24	4	35	14	27	10	7	14	14	3	14	4	8	10	29	6	7	4	12	0	25	21	8	41	29	17	28	1	21	6	20	14	9	9	33	8	12	8	14	19	5	2	26	25	16	7	9	13	14	3	8	35	33	30	3	7	21	18	29	17	18	18	43	13	24	20	22	5	17	12	6	13	15	9	13	14	16	31	23	45	18	29	6	24	9	22	19	11	35	28	6	8	12	12	4	26	17	34	18	8	2	8	6	14	2	26	38	18	2	32	4	18	5	10	17	4	9	12	40	26	25	6	16	28	6	17	9	27	14	9	2	49	8	9	36	4	15	20	9	14	16	18	30	0	1	24	5	18	28	11	8	26	12	22	23	16	14	21	14	31	10	16	6	14	6	15	13	10	8	7	9	25	11	3	8	5	11	16	11	9	8	5	0	14	10	30	49	25	7	9	16	12	36	23	33	4	8	11	18	21	16	4	9	4	27	14	25	9	3	3	24	29	16	1	11	11	8	30	9	14	7	12	18	24	7	3
[Del(C):R3]T	6	6	6	13	2	7	12	12	14	5	6	4	14	5	9	5	3	5	5	0	11	18	5	9	11	2	11	4	2	6	3	9	5	9	1	5	15	2	4	11	4	19	31	8	3	0	11	1	5	8	2	3	8	5	4	8	1	1	15	3	2	11	8	5	1	8	5	8	13	6	4	7	10	1	8	8	9	7	1	7	5	9	7	20	8	6	1	8	4	13	4	9	4	7	9	15	7	9	7	7	16	0	10	9	11	7	7	10	13	4	9	5	5	3	13	9	2	3	6	1	17	6	7	14	7	4	18	2	8	2	11	8	7	2	10	5	10	4	6	3	1	4	15	11	4	2	5	8	7	3	6	14	12	13	5	3	8	3	24	6	6	4	21	7	21	10	5	3	13	8	3	3	6	7	4	2	6	11	10	22	17	13	2	9	3	7	4	5	17	9	4	6	6	3	3	7	13	21	6	3	0	1	1	9	6	10	8	5	4	15	0	8	0	3	3	1	7	6	19	8	6	2	10	13	2	6	8	13	11	7	2	18	3	7	18	3	10	10	8	4	7	9	8	3	2	8	5	5	15	2	8	5	6	6	12	2	8	9	8	8	4	8	9	6	2	8	2	8	5	3	4	10	3	0	4	0	7	6	3	5	11	4	1	6	2	12	30	4	4	8	12	7	12	4	15	3	2	2	11	6	6	2	6	6	10	7	6	5	6	2	14	16	2	0	6	7	3	4	4	5	5	8	14	7	3	3
[Del(C):R(4,5)]A	9	1	5	14	5	6	12	21	7	6	11	4	8	18	16	12	2	15	3	4	18	23	17	18	21	1	14	4	0	9	0	14	15	7	2	10	19	1	14	21	15	24	37	11	10	2	16	2	6	16	7	6	2	4	1	11	5	5	25	6	3	9	6	2	2	12	4	12	24	8	12	28	14	3	4	25	15	2	4	15	14	9	15	106	10	14	3	21	12	19	15	13	10	7	5	13	11	17	7	9	18	1	17	11	30	7	13	16	9	3	11	3	20	16	28	6	8	0	8	0	23	17	6	17	20	9	23	3	5	1	8	10	7	8	20	4	6	6	10	15	6	6	26	6	13	2	8	9	5	6	9	22	16	20	1	5	22	11	33	8	7	15	25	6	20	8	15	3	16	13	1	12	12	16	7	10	7	17	20	42	22	21	7	15	3	23	13	10	17	18	2	5	7	9	5	12	16	34	22	6	0	4	6	8	8	23	25	12	8	19	3	17	4	16	13	3	7	12	31	13	17	2	8	12	5	17	12	25	21	4	0	32	7	10	28	5	12	18	9	7	13	17	18	4	1	17	7	15	19	5	10	16	10	17	19	8	6	14	10	19	2	10	7	10	5	18	8	12	5	6	6	12	8	4	4	3	6	14	7	1	17	2	1	7	8	26	265	9	2	7	9	8	30	10	18	5	8	5	5	15	11	2	9	1	13	9	10	4	3	2	19	18	5	2	2	7	8	19	6	11	5	14	16	15	6	8
[Del(C):R(4,5)]T	4	4	8	8	1	6	11	4	3	5	4	2	11	9	10	7	1	8	4	1	10	7	9	10	14	1	10	5	2	4	2	3	1	5	7	5	11	0	10	19	10	18	21	6	4	1	12	0	3	14	2	3	1	2	3	6	6	8	10	6	2	9	7	1	1	6	1	4	10	8	5	12	12	2	3	13	7	8	2	7	4	4	7	100	9	10	2	7	7	6	9	8	5	6	4	14	2	11	2	7	8	0	8	7	12	2	7	6	7	3	4	2	5	8	15	2	4	1	3	0	12	8	2	13	10	6	13	0	13	4	9	7	5	3	8	5	5	3	7	10	2	0	11	5	9	5	3	5	5	5	2	11	9	12	2	1	8	8	13	9	5	9	11	2	13	7	3	3	15	5	6	6	6	3	3	10	12	14	6	25	10	15	1	8	4	8	6	5	11	7	2	4	3	1	1	6	4	12	10	4	1	2	2	8	3	9	14	10	2	6	2	6	2	4	3	1	8	7	19	6	12	2	11	12	1	6	2	18	7	6	1	27	10	5	15	4	10	10	4	2	5	7	9	1	0	9	2	5	18	7	4	8	9	16	15	10	10	7	8	12	5	16	7	5	3	7	5	3	6	5	2	6	1	1	3	3	6	5	3	3	1	3	1	3	9	14	246	4	5	4	5	3	10	11	12	3	4	1	5	9	6	2	5	0	7	2	3	1	4	0	10	17	2	0	5	5	5	15	4	5	1	9	16	7	1	5
[Del(C):R(1,5)]G	1	8	9	17	2	11	12	11	8	8	7	3	10	15	8	3	0	9	8	0	8	17	12	19	23	1	16	2	3	7	1	7	9	9	3	8	20	0	7	15	8	18	34	6	9	3	6	4	1	17	6	1	2	9	3	7	4	13	10	6	2	11	4	6	1	8	4	10	12	10	9	13	13	1	6	23	12	3	2	10	14	6	11	46	9	8	2	11	7	15	3	12	2	10	8	15	10	7	6	8	11	1	16	10	17	4	8	17	15	1	18	2	10	4	18	9	4	1	4	1	9	12	5	20	16	5	28	2	12	2	17	8	4	1	13	5	9	5	6	9	2	7	20	13	7	5	6	8	8	4	6	10	19	14	5	3	13	10	21	9	8	7	20	8	21	14	12	1	18	10	7	15	11	4	7	9	9	14	16	23	23	9	11	18	0	9	14	7	15	11	4	6	5	0	2	10	14	22	13	4	0	6	4	8	2	8	17	6	3	24	3	11	1	7	9	3	4	7	18	18	15	2	6	11	6	10	7	20	12	4	1	28	10	2	16	6	18	6	6	4	15	7	10	0	6	5	7	8	17	4	6	16	4	16	11	8	8	4	3	13	3	18	6	7	2	10	5	3	7	9	11	11	13	3	4	2	8	9	3	4	8	2	1	7	4	18	71	9	3	13	7	6	11	12	21	4	6	5	4	10	10	3	6	7	10	7	12	4	1	1	18	14	4	1	8	3	5	10	5	8	5	10	13	14	5	5
Del(C):R(6,9)	0	3	1	7	2	4	2	3	6	3	2	2	11	8	6	1	1	5	2	2	5	4	5	12	8	1	8	0	3	4	0	8	3	2	2	5	1	1	2	7	6	7	11	2	3	2	6	0	1	9	2	1	2	4	2	2	0	2	8	4	0	5	2	0	0	8	1	5	1	10	8	8	6	0	3	3	3	3	3	9	4	2	4	400	3	3	2	10	6	7	3	5	0	3	2	15	1	4	1	1	6	0	8	4	6	1	3	5	5	2	4	1	0	3	4	2	0	0	5	0	7	6	1	9	6	4	7	1	5	1	9	4	4	2	5	6	3	3	4	3	1	4	9	6	4	2	4	3	3	2	2	5	5	3	2	4	3	2	4	3	4	7	5	2	3	1	7	0	7	5	1	6	5	4	3	7	3	11	5	10	9	5	6	7	1	1	6	2	6	7	3	1	3	0	3	6	3	9	9	3	0	1	0	3	2	4	8	5	3	10	2	2	0	3	3	0	0	5	8	2	6	0	4	5	2	4	3	7	4	1	0	5	2	5	4	0	4	4	1	3	5	2	10	0	4	1	2	2	14	7	1	6	8	10	8	4	5	0	5	8	1	6	2	3	3	3	4	2	3	3	1	7	3	1	4	2	5	8	3	0	5	1	0	2	4	3	884	5	2	1	6	1	9	5	9	1	8	0	6	7	3	0	5	3	10	6	3	2	1	1	4	5	2	0	1	2	3	3	3	4	5	6	7	2	1	2
A[Del(T):R(1,4)]A	13	12	27	26	19	17	15	18	26	13	26	5	16	26	12	18	8	18	14	5	9	22	16	9	19	4	18	17	1	19	5	19	15	6	10	24	21	2	23	25	16	38	24	15	16	10	19	2	10	22	16	12	9	23	12	23	17	13	11	7	2	19	18	15	6	13	9	23	21	9	24	22	16	1	8	22	13	10	15	17	10	17	11	38	33	8	4	13	19	26	17	14	14	15	8	18	18	11	14	21	29	0	20	12	34	12	11	15	16	11	12	3	17	11	31	7	9	8	18	0	18	16	16	20	35	15	34	2	30	7	26	9	18	6	17	17	12	11	16	22	7	11	17	21	12	6	11	17	12	5	17	25	24	23	9	6	29	14	30	12	21	9	55	15	25	11	13	9	19	10	7	17	13	23	13	37	17	38	15	25	17	22	14	25	5	13	10	8	27	20	16	9	12	5	8	15	21	25	19	16	1	10	8	24	14	27	24	20	18	28	8	17	3	13	9	11	17	15	29	13	10	4	14	22	6	20	12	22	20	14	1	31	26	8	34	12	22	14	17	22	23	13	18	5	11	25	7	7	37	13	17	16	10	24	23	14	18	15	11	17	10	19	13	24	5	17	17	16	9	10	15	23	15	2	11	5	6	9	12	8	19	10	0	14	13	31	124	17	13	21	12	10	19	30	26	8	16	6	21	11	15	6	18	14	16	14	25	11	13	4	33	16	12	2	4	18	15	19	8	17	8	11	24	23	9	12
A[Del(T):R(1,4)]C	7	7	11	22	8	15	21	22	15	15	21	1	14	16	7	13	4	12	6	8	6	10	9	8	20	4	16	8	3	17	7	13	8	6	11	11	20	0	11	12	8	12	11	12	9	8	17	1	9	13	8	3	6	17	7	19	5	14	13	3	3	16	9	6	4	8	11	15	13	10	15	18	24	1	4	21	12	5	8	10	3	17	5	30	6	11	1	7	7	16	11	14	7	10	8	7	8	6	2	4	11	1	22	11	32	5	11	19	17	5	13	4	17	15	30	8	7	5	13	0	24	13	3	23	26	11	19	2	13	6	18	13	13	6	17	10	13	8	14	17	3	5	20	15	8	7	5	5	13	3	7	19	14	14	6	5	20	16	22	14	15	13	43	3	17	16	11	3	15	12	2	11	4	18	9	16	19	29	11	20	10	16	5	27	6	6	3	3	17	10	3	5	11	4	7	13	21	26	16	8	0	1	8	9	10	15	17	13	9	14	3	11	5	11	11	5	16	5	24	7	14	5	13	14	2	16	13	28	33	4	2	22	16	7	21	6	7	14	13	19	19	5	24	2	3	29	3	14	33	14	9	11	13	23	21	11	12	14	11	7	3	12	9	12	8	10	10	5	11	7	8	17	3	7	10	2	11	11	9	4	10	9	2	7	7	17	67	9	9	15	9	9	13	17	31	6	18	12	9	7	13	3	10	3	11	5	12	7	9	2	15	16	10	1	8	17	4	16	8	9	14	10	11	19	10	8
A[Del(T):R(1,4)]G	9	7	15	17	4	5	17	13	11	13	12	5	12	17	5	7	6	18	7	1	5	15	8	11	24	5	27	9	6	9	3	12	7	6	5	15	14	3	18	13	9	21	20	16	8	4	20	1	7	16	11	7	1	20	4	11	3	11	12	0	5	13	3	12	3	8	8	14	17	8	18	17	12	1	3	10	9	4	7	3	7	15	5	17	6	7	4	7	9	10	14	11	8	10	6	18	12	16	5	5	11	0	11	10	19	5	11	13	12	2	14	4	8	13	28	13	11	5	8	0	15	15	5	11	18	18	11	1	16	4	9	9	8	6	12	7	10	5	8	12	2	4	13	5	10	2	6	10	10	5	11	13	19	16	8	4	22	10	8	7	8	6	44	7	21	12	10	6	12	7	5	11	10	13	3	12	9	26	9	13	12	10	5	13	4	7	7	5	13	19	10	3	11	6	4	10	9	22	17	7	2	9	5	12	12	15	23	13	9	18	3	15	5	17	7	5	7	16	21	9	9	2	9	10	2	13	19	17	20	5	1	22	7	7	15	5	17	14	10	12	13	11	16	5	4	16	3	11	12	6	9	9	8	14	17	15	10	7	7	15	4	10	4	18	5	12	10	7	8	16	10	13	9	8	11	3	10	10	15	8	8	5	0	8	10	13	70	9	7	15	8	9	11	23	13	7	8	4	9	10	8	2	8	3	2	8	7	7	9	3	15	7	6	1	2	9	6	12	10	4	11	11	14	20	4	10
C[Del(T):R(1,4)]A	9	7	13	14	9	11	13	13	11	16	27	8	19	22	9	8	1	13	9	4	2	9	16	16	10	9	19	9	5	7	7	12	9	11	7	19	13	1	9	13	10	30	24	19	15	6	10	4	7	23	10	7	5	15	5	16	5	13	11	6	6	16	9	9	7	13	5	13	17	4	11	15	10	3	3	9	13	1	6	25	13	9	7	36	16	8	3	4	9	17	9	8	9	9	8	13	5	10	8	10	12	0	13	15	35	5	8	5	6	8	14	5	10	9	19	12	5	3	21	0	18	9	17	19	20	7	20	4	24	8	11	12	6	3	10	1	14	6	7	14	4	7	12	11	14	8	8	8	6	5	9	15	19	12	8	7	23	6	14	11	3	13	38	8	13	16	4	6	7	7	6	14	10	16	12	10	8	28	14	21	13	22	6	18	5	12	11	6	14	14	9	6	7	7	2	11	14	21	17	7	3	6	11	7	8	14	10	17	7	15	2	12	5	8	3	3	14	10	20	5	13	5	11	11	5	25	12	16	10	9	5	24	19	6	25	9	10	8	12	7	29	11	19	2	1	20	4	8	21	13	4	12	9	13	16	12	10	5	6	17	6	18	11	17	9	16	15	8	2	8	9	9	8	1	10	4	14	7	7	5	13	3	0	12	15	16	69	12	5	16	14	3	11	34	16	9	9	5	16	18	9	5	8	5	16	11	15	10	12	2	18	9	8	3	5	7	9	8	3	17	2	21	10	17	8	9
C[Del(T):R(1,4)]C	12	6	7	9	11	8	6	11	7	11	32	6	20	16	6	7	3	10	3	1	1	12	14	9	16	7	10	8	1	5	0	12	5	8	3	7	10	5	10	10	8	27	29	11	4	1	9	2	6	8	5	4	3	11	6	9	4	7	9	5	6	13	8	4	2	10	6	8	8	15	12	22	21	2	5	10	8	5	4	9	5	17	4	41	9	7	2	9	17	14	13	13	8	7	6	13	12	17	2	8	15	0	17	16	23	0	11	10	5	5	8	4	8	17	19	13	7	7	10	1	13	9	3	10	22	8	15	0	15	8	6	7	6	2	12	6	2	7	9	7	2	7	19	11	7	4	6	8	7	5	6	15	20	11	5	5	18	10	15	11	8	8	46	9	19	9	10	9	12	8	7	11	13	10	11	17	19	12	14	23	21	17	7	16	5	6	6	6	12	12	3	7	6	4	5	12	8	19	16	5	3	6	6	8	4	12	13	7	8	12	8	19	5	8	8	2	17	8	18	6	8	0	9	18	6	16	7	13	19	5	2	21	9	3	16	3	12	11	7	13	24	11	15	0	6	29	5	10	23	6	4	9	9	8	14	12	9	7	9	11	6	12	10	11	5	14	11	22	11	8	6	15	6	1	8	1	6	10	13	5	8	6	1	7	6	14	86	7	11	12	7	7	7	35	34	5	6	3	9	6	12	1	7	3	8	12	9	2	5	0	12	8	8	0	7	14	8	11	3	7	9	6	9	17	8	13
C[Del(T):R(1,4)]G	5	6	21	26	7	11	19	22	12	8	18	10	21	14	4	7	3	14	9	3	9	12	11	9	20	7	13	4	3	8	3	19	11	7	11	15	26	3	10	18	10	28	30	8	10	1	13	3	10	19	11	10	4	14	7	14	3	17	18	12	8	18	12	9	3	14	18	8	8	7	12	26	28	2	6	10	14	13	4	28	6	9	6	28	11	7	6	12	13	18	12	9	7	8	8	11	14	12	7	12	17	3	24	13	38	6	11	10	8	6	11	3	8	8	27	10	7	7	8	0	19	11	5	18	24	5	19	3	13	6	17	9	18	8	14	8	10	8	13	8	2	3	16	10	15	4	9	17	10	4	10	16	28	11	7	5	20	14	24	13	16	8	36	4	28	12	9	4	13	16	4	10	8	11	7	20	25	24	12	32	13	17	10	16	8	13	8	7	22	15	12	5	9	9	5	14	16	17	12	6	4	7	10	9	16	20	19	14	7	23	2	13	2	8	9	5	10	3	23	14	19	3	7	12	6	27	9	19	17	8	1	28	26	9	18	7	9	18	14	12	22	10	10	2	5	34	2	8	24	12	15	8	12	11	18	14	16	10	9	6	6	18	9	8	1	13	10	7	5	2	6	24	6	2	7	4	20	10	6	5	13	2	0	4	7	26	60	15	15	9	11	7	14	29	14	4	14	7	15	16	14	1	13	7	9	13	9	6	11	4	15	11	9	6	9	15	10	18	6	14	5	12	14	23	11	6
G[Del(T):R(1,4)]A	8	5	9	9	4	11	6	11	6	4	10	6	7	13	10	6	6	4	10	2	5	15	6	9	7	2	13	6	1	8	2	11	7	6	3	10	13	1	9	12	6	16	11	7	8	1	6	0	4	9	4	7	5	9	3	5	2	7	11	10	6	18	6	2	0	5	1	12	11	8	9	9	14	1	3	9	2	3	1	7	7	3	2	40	4	5	1	5	2	5	4	7	6	10	7	12	8	5	7	6	5	0	6	8	18	7	7	9	9	4	7	4	8	3	15	4	3	2	8	0	14	4	9	5	13	5	17	3	9	3	7	7	7	3	3	7	8	7	6	10	2	1	9	7	6	8	5	2	6	3	5	7	7	9	4	1	16	4	11	7	5	7	17	0	12	9	8	3	13	6	3	10	9	3	2	9	11	22	6	15	9	12	1	7	5	7	7	3	6	4	4	3	8	2	5	8	9	5	10	4	1	3	5	11	5	5	9	9	4	12	3	9	3	2	2	2	4	5	7	2	6	1	6	11	5	13	6	12	11	7	3	10	7	9	15	2	6	2	6	10	3	6	10	0	4	9	4	8	12	6	9	7	5	16	8	10	9	4	14	11	3	6	7	8	2	6	7	3	3	6	2	12	3	4	5	2	6	3	3	1	3	3	1	4	5	14	84	3	9	7	4	6	13	19	12	5	7	4	7	8	6	2	10	0	6	12	10	0	10	1	13	5	4	0	3	7	4	5	0	7	2	7	8	10	1	4
G[Del(T):R(1,4)]C	8	4	7	7	5	4	11	6	2	1	12	6	7	6	1	11	1	4	0	1	4	4	8	6	9	1	5	5	2	0	2	3	2	4	6	7	6	2	8	7	4	9	15	7	7	3	6	1	7	10	4	2	6	3	4	8	2	5	12	5	3	4	1	2	3	5	7	4	6	7	7	8	7	0	7	7	1	3	4	2	3	7	1	48	6	5	2	4	5	9	7	5	2	3	4	4	2	4	3	5	7	0	7	7	27	1	4	7	3	2	8	2	6	3	8	5	4	0	4	0	6	3	5	12	4	4	11	0	6	4	3	2	9	7	6	2	4	6	7	8	2	0	10	9	4	3	3	6	9	2	9	4	9	13	2	4	9	4	13	4	10	4	13	3	6	5	8	1	3	5	1	6	5	7	5	11	6	10	8	9	5	10	1	11	3	3	7	5	7	8	3	1	4	4	2	4	4	11	6	0	1	3	7	9	0	7	4	3	3	10	0	4	4	4	5	2	13	2	7	8	8	3	2	6	3	3	5	11	8	4	3	16	3	3	9	1	6	5	5	4	10	5	10	2	4	7	3	5	10	0	3	5	3	6	11	3	4	4	4	12	2	7	6	7	5	2	4	2	7	4	4	7	3	1	6	3	2	2	7	1	5	3	0	6	5	6	58	6	1	12	5	4	6	14	15	2	8	3	10	6	8	2	6	2	2	1	5	0	4	1	4	4	4	0	5	3	1	7	3	9	3	4	8	10	4	5
G[Del(T):R(1,4)]G	2	2	9	10	4	4	7	13	7	6	15	0	13	7	7	4	2	8	6	1	7	10	6	2	10	2	10	5	1	5	4	7	6	6	3	6	15	3	17	6	4	15	18	6	10	3	10	1	4	16	7	4	3	7	3	9	4	8	8	8	2	5	5	6	3	8	5	3	7	3	7	14	6	2	4	6	3	4	4	7	6	8	7	42	4	3	4	6	4	7	7	7	6	5	4	10	4	7	4	4	4	0	14	10	14	5	7	4	11	3	7	4	3	7	13	5	8	3	10	0	7	3	5	10	7	7	6	3	6	1	13	6	5	4	6	5	2	3	5	13	4	8	7	7	6	4	5	7	13	1	3	8	11	5	2	3	12	7	11	5	5	3	17	3	16	7	7	1	7	6	2	5	6	11	6	10	2	12	6	12	8	17	5	8	3	8	7	2	10	6	8	1	2	6	4	8	10	14	7	5	0	7	7	3	6	9	11	8	6	7	0	5	3	8	4	3	7	4	15	3	10	2	6	4	4	7	6	7	6	8	5	12	2	0	10	2	8	6	8	4	4	8	11	4	3	11	2	6	15	4	7	7	5	7	10	6	3	4	6	6	3	9	4	4	4	10	5	4	4	3	6	12	1	0	4	3	7	7	6	2	7	3	0	7	3	12	55	2	4	5	4	5	8	21	10	5	9	5	5	4	3	3	7	5	3	7	5	3	7	1	12	5	4	1	3	6	1	13	2	4	10	6	7	7	2	3
A[Del(T):R(5,7)]A	2	5	6	8	8	6	8	2	5	5	9	7	8	11	6	5	4	5	6	1	4	4	2	9	9	3	1	5	3	5	2	8	3	4	4	11	8	1	9	10	4	8	24	5	8	4	9	5	3	13	12	2	6	10	10	8	8	4	9	7	0	6	2	4	2	2	2	7	11	6	12	9	5	3	3	4	6	3	11	8	5	9	6	352	14	3	1	10	11	10	5	1	3	3	2	6	4	2	5	6	8	2	16	7	10	6	6	3	6	2	10	1	8	7	14	6	4	1	6	0	10	7	7	7	12	5	7	2	9	1	9	3	3	4	6	0	3	2	8	4	5	7	5	8	7	3	3	8	11	0	7	3	7	10	4	6	11	2	11	6	4	5	17	4	6	8	6	1	5	7	6	3	10	12	4	5	8	42	3	10	9	6	2	10	3	8	4	3	15	7	4	6	4	2	1	7	4	7	11	1	1	7	2	6	7	5	8	6	7	9	0	3	1	5	5	2	6	4	5	6	9	0	6	10	4	5	7	17	5	5	1	15	6	5	11	5	8	6	2	7	2	2	5	2	4	2	2	5	13	6	6	8	9	9	7	6	9	10	8	6	1	16	15	13	3	5	8	0	10	3	11	13	2	1	2	1	2	5	6	1	7	2	0	2	9	9	1403	8	2	5	5	8	10	20	6	6	6	2	6	6	7	1	5	2	13	5	5	2	4	0	9	4	4	0	1	3	7	3	5	5	8	9	6	12	1	9
A[Del(T):R(5,7)]C	2	4	6	3	4	2	4	5	3	1	5	3	7	5	4	2	0	2	7	2	3	6	4	3	4	3	3	2	3	3	0	4	1	4	2	4	5	2	3	6	7	3	9	2	6	3	3	2	2	15	3	4	3	3	4	4	4	5	4	7	2	2	4	1	2	4	1	6	5	5	2	5	5	1	1	2	5	4	5	9	5	6	3	211	2	1	1	6	8	3	0	7	4	3	1	4	4	4	1	2	6	0	6	6	8	1	6	2	4	3	2	1	5	2	9	6	1	3	5	0	2	3	0	6	6	2	2	0	4	1	6	2	2	3	2	4	1	0	2	4	5	4	4	4	5	7	3	3	2	1	2	3	2	6	3	4	7	5	8	2	7	5	7	2	4	3	5	1	6	4	2	9	4	1	2	5	2	11	6	12	1	4	6	10	1	0	3	4	9	1	4	1	2	1	6	6	11	4	10	3	0	3	3	1	3	5	6	7	3	12	0	4	0	5	4	1	3	7	8	3	6	3	7	5	2	5	4	5	2	5	0	8	1	3	9	3	1	8	4	4	3	3	5	0	1	3	3	4	12	0	6	5	5	5	4	0	3	4	3	10	3	7	6	6	4	4	2	2	7	4	2	14	1	0	2	2	4	4	3	1	4	1	0	1	3	5	726	3	4	9	5	0	5	10	8	3	3	3	8	4	3	2	3	2	3	1	3	5	1	0	7	8	2	1	4	2	3	4	3	1	3	8	6	10	1	3
A[Del(T):R(5,7)]G	2	2	3	8	3	1	7	5	2	6	3	4	5	3	2	4	1	3	1	1	2	3	3	7	7	1	4	6	1	2	0	3	3	4	3	6	1	1	3	12	4	7	8	2	8	3	7	2	3	10	6	4	2	9	4	0	1	6	2	4	2	5	3	2	2	6	4	2	4	1	10	3	5	0	4	7	3	1	2	3	1	8	3	336	1	1	0	4	3	6	4	6	3	5	1	7	3	2	3	3	6	0	4	4	13	3	4	2	4	2	2	0	2	4	6	0	0	3	7	3	8	3	5	3	5	2	2	1	4	3	3	4	3	1	6	1	1	2	1	2	2	6	4	5	4	0	4	5	4	1	1	6	6	3	1	0	8	5	4	2	7	6	3	1	8	11	3	2	7	3	0	8	2	4	0	4	6	18	4	7	4	5	1	6	1	9	5	5	4	6	7	2	1	2	1	7	4	5	9	1	1	2	1	5	4	6	4	5	4	11	2	2	0	5	2	3	3	2	7	3	4	1	2	4	6	2	6	7	5	0	0	9	4	3	3	6	3	5	2	5	5	3	2	3	1	9	1	3	8	3	2	2	3	2	1	4	4	2	10	6	0	9	6	8	3	5	2	1	2	2	2	13	1	3	4	3	4	1	1	0	8	1	0	1	6	7	930	5	3	3	3	4	9	8	11	2	2	2	2	6	1	0	4	3	3	4	8	0	2	0	5	5	1	0	1	1	1	7	3	1	8	2	1	10	1	2
C[Del(T):R(5,7)]A	2	4	1	8	3	6	5	4	4	1	7	6	6	7	7	3	0	6	1	0	3	5	2	7	5	0	3	4	1	2	2	1	2	5	1	6	9	1	8	8	4	6	15	5	7	1	2	3	3	3	4	5	2	4	3	2	2	3	3	8	1	4	1	1	3	2	4	5	3	3	1	4	5	0	2	3	3	0	8	1	2	6	0	193	5	4	0	4	6	3	3	4	2	5	1	10	6	7	3	4	4	0	8	6	7	4	4	4	2	0	4	3	3	1	5	2	4	1	3	1	9	3	2	5	8	1	8	0	5	2	1	3	4	1	4	5	2	3	3	5	5	5	5	3	5	3	1	4	5	0	4	0	5	4	3	0	2	6	4	1	5	3	11	3	5	13	2	2	9	1	1	5	3	11	4	5	3	14	4	6	2	3	2	5	0	5	1	3	6	4	3	3	5	0	3	3	5	8	10	2	1	5	1	3	5	5	6	9	1	9	0	3	0	2	6	2	3	3	4	0	3	0	2	6	2	1	0	10	8	3	0	10	3	1	6	4	4	3	0	2	2	4	4	3	2	2	2	6	5	3	5	4	5	7	5	1	3	2	5	4	1	3	4	2	3	4	5	1	3	4	4	10	3	2	3	1	5	2	1	1	0	2	0	4	3	2	755	6	7	4	2	1	5	8	6	5	3	1	4	4	5	1	3	3	2	3	3	2	3	1	4	6	1	0	3	0	3	3	4	2	8	6	4	8	0	1
C[Del(T):R(5,7)]C	3	2	0	7	0	5	3	8	2	5	4	4	5	5	0	7	1	8	3	2	1	2	5	4	12	1	2	1	1	2	2	3	3	0	1	4	3	0	4	6	5	4	10	1	6	0	2	2	1	5	2	1	0	2	0	4	2	7	4	3	1	3	1	4	2	1	3	5	4	2	4	7	3	0	2	5	2	0	2	5	2	3	3	263	2	5	0	3	3	3	5	3	2	4	1	4	1	4	0	5	4	0	2	5	6	4	4	3	4	2	6	3	3	1	9	4	0	2	3	0	3	1	1	2	7	4	7	0	4	2	6	3	2	1	3	3	2	4	3	4	1	5	4	5	4	3	3	4	3	1	2	5	4	3	2	2	9	7	3	2	4	2	11	2	5	5	4	3	4	1	2	6	3	11	6	9	6	15	3	7	3	6	2	7	3	2	4	3	4	6	4	1	6	4	2	3	5	10	5	1	2	4	3	2	0	4	1	6	4	9	3	5	2	7	2	0	3	7	6	2	7	1	3	10	3	2	1	6	5	4	1	4	6	2	10	2	2	2	2	3	4	4	3	1	2	10	1	5	9	0	3	4	5	4	9	3	2	6	7	7	4	8	4	2	3	4	3	3	5	1	3	15	0	1	2	2	4	1	3	3	2	2	0	3	1	12	741	10	4	3	4	3	6	9	7	2	2	2	2	3	2	1	3	3	0	4	3	2	3	0	2	2	4	0	4	4	2	3	3	1	3	5	3	6	3	2
C[Del(T):R(5,7)]G	1	1	2	2	5	1	6	7	5	2	5	2	5	5	4	3	0	5	2	1	4	2	4	2	5	1	4	6	2	1	2	2	0	3	1	4	4	0	2	6	3	5	4	5	3	2	3	1	1	5	2	4	1	4	3	2	4	5	3	2	1	6	0	2	0	2	3	2	6	2	2	6	3	0	1	4	3	0	1	4	1	5	0	195	1	4	3	0	3	4	0	3	4	1	1	6	2	3	2	2	2	0	3	2	5	1	2	0	0	0	9	1	8	3	3	2	2	0	5	0	7	3	0	5	3	3	10	0	6	2	3	3	0	3	3	2	1	2	2	0	0	5	4	1	3	5	1	0	5	1	1	3	6	6	2	0	10	3	5	3	2	2	7	1	3	4	3	1	6	3	1	5	2	4	0	3	2	9	2	3	3	1	0	5	0	4	3	4	7	4	2	0	0	1	1	4	2	4	1	2	0	2	1	2	0	2	3	2	0	6	1	5	0	2	1	0	5	4	4	2	4	0	1	5	2	5	3	4	9	2	0	9	3	2	9	7	7	5	1	6	5	0	3	2	1	2	0	8	7	2	4	2	2	2	3	3	4	2	1	5	0	5	2	1	2	4	1	0	1	2	1	9	3	2	1	0	2	2	2	0	4	2	0	4	4	4	658	3	0	2	1	1	3	7	6	1	6	2	5	7	5	0	1	0	2	3	3	2	2	0	2	1	3	0	3	3	0	3	1	3	2	1	2	7	2	2
G[Del(T):R(5,7)]A	3	1	6	7	1	2	5	4	4	2	1	2	7	9	1	6	0	3	2	3	3	2	4	3	3	1	6	1	1	2	0	5	2	2	2	4	7	0	1	1	6	5	6	1	2	1	1	1	0	5	3	0	1	4	3	2	4	1	4	5	0	7	2	2	1	4	3	4	3	2	3	6	1	1	1	1	5	1	0	5	3	7	5	233	4	4	1	0	1	6	5	1	4	2	1	3	3	1	1	2	6	0	5	5	8	0	2	4	6	4	1	1	4	1	2	1	3	5	3	0	3	3	3	1	3	4	3	1	4	3	2	5	5	1	0	3	1	1	4	7	1	2	3	4	2	2	1	6	5	0	2	3	2	6	3	1	3	7	4	2	4	6	9	1	1	3	5	0	6	1	0	4	5	8	1	6	6	6	2	2	4	2	0	2	2	4	2	8	7	2	6	0	3	1	2	5	5	4	5	0	0	2	2	2	2	6	1	4	3	4	6	2	4	6	5	1	2	6	3	0	3	0	1	1	3	5	3	9	2	5	1	5	3	4	5	3	2	3	2	4	2	2	4	0	1	5	1	3	6	6	4	3	1	4	3	3	3	1	1	1	0	4	2	5	6	6	3	2	1	4	2	6	0	0	5	1	1	2	1	0	3	1	0	1	4	4	544	5	1	5	2	1	2	9	3	4	3	1	2	5	7	0	4	3	9	1	4	2	5	1	0	0	0	0	2	2	3	4	1	4	3	1	8	6	3	3
G[Del(T):R(5,7)]C	1	1	1	3	0	2	1	5	3	3	5	2	3	5	1	1	0	2	0	1	4	3	2	6	2	0	3	2	0	2	0	6	3	1	0	5	3	0	0	8	3	5	4	2	6	3	0	3	0	4	4	1	3	3	3	2	3	3	7	2	0	3	0	2	2	2	1	1	2	0	9	6	2	1	2	5	1	0	3	3	1	1	0	210	2	0	0	1	2	5	1	2	1	2	1	2	2	4	1	2	3	0	1	2	8	3	1	2	4	2	1	2	2	1	6	3	2	2	4	0	3	3	2	3	2	2	2	1	2	2	5	2	1	0	0	2	3	2	0	3	3	5	3	3	2	5	1	3	4	0	6	4	1	2	1	2	4	4	2	2	2	3	5	4	4	4	2	2	2	0	4	4	4	4	2	4	1	9	7	7	4	1	2	5	1	5	5	2	6	1	2	1	0	0	1	4	3	1	3	2	1	4	1	3	5	4	4	2	3	6	1	6	0	1	2	0	5	1	4	2	4	2	3	6	1	5	0	4	4	2	1	2	0	3	11	1	3	0	0	4	4	2	2	1	2	3	2	1	3	1	0	3	2	2	7	6	1	1	9	5	0	4	1	3	1	5	1	2	5	2	4	4	1	0	3	3	1	4	1	1	3	1	0	1	2	5	494	3	0	3	2	2	3	6	7	2	1	2	0	1	0	0	2	0	4	6	2	1	1	0	6	3	1	0	0	5	4	4	2	2	3	5	2	3	2	3
G[Del(T):R(5,7)]G	0	1	1	4	3	2	2	2	6	1	8	1	3	5	5	8	0	3	1	1	3	3	1	4	1	2	3	4	1	6	1	2	1	2	2	3	1	1	4	7	4	1	9	4	6	1	3	5	1	6	2	1	3	3	1	1	2	3	7	1	1	4	1	1	0	3	2	4	7	1	2	4	2	0	1	0	3	0	2	8	2	2	2	252	4	2	0	2	2	3	3	2	2	4	3	2	3	0	2	1	3	0	4	7	5	1	3	3	3	1	3	0	3	0	2	3	2	2	2	0	1	2	0	1	3	1	2	1	3	1	1	0	5	3	3	3	3	2	2	2	2	1	4	3	2	5	0	3	1	2	3	4	4	3	2	2	2	2	4	6	2	3	10	0	3	3	3	1	2	1	0	4	2	6	3	4	4	13	4	5	2	3	3	6	1	1	0	2	2	2	2	0	3	1	0	3	3	3	6	0	0	2	2	3	2	4	2	0	3	7	0	1	0	6	3	1	2	3	3	3	3	2	0	5	0	2	2	3	5	2	1	5	4	3	3	2	2	0	5	5	3	1	1	0	2	2	1	3	10	2	2	4	5	2	2	2	2	0	4	2	0	3	9	5	4	2	4	0	0	2	5	6	2	1	3	2	3	3	1	1	4	4	0	3	0	3	450	2	0	1	4	2	3	6	1	0	1	1	5	2	5	0	3	1	6	5	4	3	2	0	2	0	0	0	1	2	2	2	0	2	2	3	3	2	1	2
A[Del(T):R(8,)]A	0	3	1	1	1	0	0	2	0	2	4	1	1	0	2	0	0	2	3	0	0	1	2	5	1	0	0	1	0	8	1	1	0	2	1	3	1	0	1	2	0	2	8	2	4	3	0	4	1	6	2	2	0	4	4	0	1	2	4	3	1	2	2	5	3	1	2	3	4	2	2	0	0	1	2	0	1	0	1	2	1	0	1	452	0	1	0	4	1	0	1	0	2	1	0	2	1	1	0	7	2	0	2	2	1	1	1	2	1	1	1	1	1	1	2	4	0	1	0	0	0	3	0	1	5	0	0	0	2	0	3	0	2	3	0	0	1	0	2	2	0	1	4	3	2	2	0	0	0	0	1	2	1	3	0	0	1	4	1	0	5	1	4	0	4	2	3	1	0	2	0	3	3	3	1	1	4	20	1	1	1	2	1	5	0	0	1	0	3	2	2	0	1	0	1	1	6	0	4	0	0	0	0	2	1	1	4	0	1	7	1	1	0	1	2	1	0	1	0	0	2	0	0	2	0	0	1	4	1	0	0	2	0	4	3	1	0	2	0	3	3	1	0	0	1	1	3	3	3	1	2	0	5	1	1	1	1	1	5	2	0	10	6	2	4	3	2	0	0	1	0	10	0	0	3	1	0	3	0	0	2	0	0	0	1	2	1854	2	0	1	2	2	3	2	1	0	0	0	3	0	0	0	1	0	0	0	1	1	2	0	0	1	0	0	0	0	6	1	1	0	2	5	3	3	0	0
A[Del(T):R(8,)]C	0	0	0	3	0	2	0	2	3	0	1	1	4	2	3	1	1	1	3	1	1	1	0	2	2	1	2	2	1	6	0	4	2	0	1	2	1	0	2	6	4	1	6	2	1	0	1	0	0	5	5	2	1	2	5	1	2	2	4	1	2	0	0	2	2	3	0	1	0	1	4	2	0	0	0	0	2	0	5	2	1	4	0	350	0	2	0	2	1	0	1	1	2	0	0	2	0	1	0	0	1	0	2	2	4	1	2	3	3	3	2	0	2	1	1	0	0	0	3	0	3	7	0	2	0	1	2	0	0	0	5	2	1	2	1	1	0	1	1	2	0	1	1	0	1	5	0	3	2	0	0	0	1	3	0	1	3	1	1	3	5	0	1	0	5	1	0	1	5	2	1	0	1	5	0	2	4	23	1	5	0	0	0	0	0	1	1	0	0	3	2	2	0	0	1	4	0	0	3	2	0	1	0	0	4	1	1	0	0	4	0	0	0	0	0	0	1	3	0	0	2	0	1	1	1	1	0	1	2	0	0	5	0	2	1	1	1	0	0	2	2	3	1	1	1	1	0	1	5	1	2	3	1	0	1	1	3	1	3	0	0	4	7	0	2	2	0	1	0	0	1	23	0	0	1	1	0	3	0	1	1	1	0	1	0	2	1364	4	1	2	0	2	2	4	1	3	1	0	1	1	1	0	1	0	1	3	1	2	1	0	0	4	0	0	1	1	2	2	2	0	3	2	0	6	1	2
A[Del(T):R(8,)]G	0	1	0	3	1	0	1	1	2	0	4	2	2	1	0	2	0	3	0	0	0	0	0	1	0	0	1	0	2	0	2	3	1	3	1	2	3	0	1	2	0	0	4	1	2	2	2	1	0	2	1	1	0	0	1	0	2	1	1	1	3	1	0	0	0	0	0	1	1	0	1	1	0	1	1	1	1	0	0	2	1	0	0	379	0	0	0	1	1	0	1	0	0	0	0	1	2	0	0	0	0	0	3	1	1	0	1	1	1	1	1	0	1	1	0	0	0	1	1	0	0	0	0	0	2	0	1	0	3	1	1	3	0	0	0	0	0	0	0	0	0	5	2	1	0	3	0	0	2	0	0	0	1	0	1	0	1	1	1	1	4	0	0	0	1	1	0	0	1	0	0	0	1	2	1	0	1	12	1	3	0	0	0	3	1	0	0	1	2	0	0	0	0	1	0	0	0	2	2	0	0	1	0	0	0	1	1	1	2	4	0	1	0	2	1	0	1	1	1	0	1	0	0	3	0	0	0	1	0	0	0	4	0	1	0	2	1	1	0	1	1	1	0	1	1	0	0	1	1	0	0	0	3	0	2	0	1	0	1	2	0	1	2	0	1	2	0	0	2	1	0	7	1	0	1	0	0	2	0	0	1	0	0	0	0	0	1054	3	0	2	0	1	3	4	2	0	1	0	2	1	0	1	0	1	1	0	1	2	0	0	0	0	0	0	1	1	2	0	0	0	5	2	0	7	0	2
C[Del(T):R(8,)]A	0	1	0	1	1	1	1	3	2	0	1	1	4	2	0	0	0	0	1	0	1	0	1	4	1	0	2	1	1	5	1	0	0	2	0	1	1	0	1	4	4	2	5	0	1	2	1	0	0	2	2	0	1	2	0	0	2	1	0	0	2	0	0	0	4	0	1	1	1	0	3	2	0	0	0	2	3	0	2	4	1	2	0	356	0	0	1	0	1	0	0	1	0	0	0	1	1	0	0	0	2	0	2	3	1	1	4	0	1	0	0	0	0	0	2	1	1	0	1	0	0	2	1	0	2	2	1	0	0	0	1	4	1	1	1	2	1	2	0	0	1	2	0	0	0	1	2	0	2	0	1	0	0	4	0	0	0	3	2	0	3	0	1	1	3	1	4	0	4	1	0	1	1	2	1	4	2	9	0	2	3	3	0	4	1	1	1	0	0	3	1	0	1	1	0	1	1	3	1	0	0	0	0	0	2	0	1	1	2	7	0	2	0	2	0	0	1	1	1	0	0	0	1	1	1	0	1	1	3	1	0	1	0	2	5	1	0	0	0	0	2	1	3	1	3	0	2	1	3	0	0	1	0	1	1	1	0	0	2	1	0	3	1	0	4	0	1	0	1	0	2	8	0	0	0	1	0	1	0	0	2	0	0	0	0	2	1654	3	0	1	1	1	2	1	0	2	2	1	4	0	1	0	0	0	3	1	1	0	1	0	0	2	0	0	0	0	2	2	0	0	2	2	0	4	0	0
C[Del(T):R(8,)]C	0	0	0	1	0	0	3	1	0	1	1	4	2	3	1	1	0	0	0	0	1	2	1	1	2	1	0	3	0	4	0	2	0	0	0	2	1	0	1	0	0	2	3	2	1	1	0	0	0	7	2	0	0	1	4	0	1	0	2	3	1	1	0	1	1	0	1	2	2	2	1	2	1	0	0	3	0	0	1	4	1	0	0	553	0	0	1	2	3	0	0	1	0	0	0	1	2	0	0	1	0	0	2	2	0	2	3	1	2	1	2	0	0	0	1	0	0	0	0	0	1	0	1	2	1	3	0	0	1	0	2	0	0	2	1	0	0	0	1	0	0	4	2	1	2	3	0	3	0	0	2	0	0	1	0	1	2	1	0	0	5	1	0	0	2	5	4	0	3	0	0	2	2	1	2	1	1	6	3	3	0	6	1	1	0	2	2	3	0	0	4	0	1	1	1	2	0	1	3	0	0	1	1	2	1	2	2	1	0	3	0	0	0	0	1	0	2	2	0	0	1	1	1	1	0	4	0	1	2	1	0	3	1	4	4	0	0	1	0	1	1	1	1	0	2	1	0	4	3	0	0	2	2	1	0	0	0	1	1	0	0	1	2	1	1	2	0	0	2	0	2	5	1	0	4	1	0	2	0	0	1	0	0	0	1	2	1670	2	2	1	0	1	0	1	2	2	0	1	2	0	0	1	1	0	1	0	0	2	0	0	2	0	1	0	0	0	0	2	0	2	0	1	2	4	0	0
C[Del(T):R(8,)]G	0	0	0	0	0	0	0	0	0	0	0	0	4	0	0	1	1	1	0	0	0	0	0	0	0	0	0	1	0	2	1	0	0	0	0	2	0	0	0	1	2	1	3	0	1	1	0	1	0	4	2	0	1	1	1	0	1	1	1	0	1	1	1	0	1	1	1	1	0	1	0	0	2	0	0	1	0	0	0	2	0	1	1	560	0	1	0	2	0	0	0	0	1	0	1	3	3	0	0	2	1	0	0	1	1	0	0	0	0	1	2	0	0	1	2	1	0	0	1	0	0	0	0	1	0	1	0	0	1	0	0	5	1	0	0	0	0	0	0	0	1	4	1	0	0	4	0	0	1	0	0	1	0	0	0	0	0	0	0	0	4	0	1	1	0	1	1	0	1	1	0	0	0	1	1	0	0	8	1	0	0	3	0	0	0	0	1	1	1	0	1	1	0	2	0	1	2	1	2	0	0	0	0	0	0	0	2	0	0	5	0	0	0	0	1	0	1	0	0	1	0	0	1	1	0	0	1	0	3	2	0	3	0	2	0	1	1	0	0	0	0	0	0	0	1	2	0	1	3	0	1	0	0	2	0	1	0	1	0	3	0	1	2	0	4	0	1	0	3	1	2	3	0	0	0	0	0	1	0	0	0	0	0	0	1	0	1594	3	2	0	0	0	0	0	0	1	0	1	3	1	0	0	0	1	0	0	3	0	1	0	0	0	0	0	0	1	2	1	0	1	0	3	1	4	1	0
G[Del(T):R(8,)]A	0	0	0	2	1	1	0	0	0	0	1	2	0	3	0	0	0	0	0	0	1	0	0	0	2	0	0	0	1	3	1	1	0	0	0	3	0	0	0	1	1	0	3	0	0	1	0	0	0	3	1	0	0	1	2	0	1	2	1	1	3	1	1	0	1	0	0	0	1	0	0	0	1	1	0	2	3	0	1	2	0	0	0	271	0	0	1	0	1	1	0	0	0	1	0	1	0	0	0	1	1	0	0	0	0	0	2	0	0	1	0	0	1	0	1	0	0	0	0	0	0	0	0	1	0	0	0	0	1	0	0	2	1	0	1	0	0	1	1	0	0	1	1	2	0	0	1	0	0	0	0	1	0	0	2	1	1	0	0	0	1	0	1	0	0	0	1	1	1	0	0	0	0	2	0	0	1	3	0	0	0	1	0	1	0	3	2	3	1	0	0	1	0	0	1	1	0	0	1	0	0	3	1	0	0	0	0	0	0	2	0	1	0	3	0	0	0	0	0	0	2	0	0	1	1	0	0	1	1	2	0	2	0	2	3	0	0	0	0	1	1	0	1	0	1	0	0	0	0	0	2	1	1	0	3	2	1	0	0	0	1	2	3	0	0	1	3	0	0	0	1	2	0	0	0	0	0	1	0	0	0	0	0	0	0	0	874	0	0	2	0	0	1	0	1	0	0	1	2	0	0	0	1	0	1	0	0	1	0	0	0	0	0	0	0	0	0	0	2	1	0	2	0	4	0	0
G[Del(T):R(8,)]C	0	0	0	1	0	0	1	0	2	0	0	0	4	1	1	0	0	0	0	0	0	1	0	2	0	1	0	3	0	0	0	1	1	0	0	0	0	0	1	0	4	1	2	0	1	1	0	0	0	0	0	0	0	1	2	1	4	0	0	2	0	0	0	2	0	1	0	0	0	1	0	0	1	1	0	0	3	0	2	1	1	0	0	230	1	0	0	1	2	0	0	1	0	2	0	0	2	0	1	0	1	0	1	0	0	0	0	2	0	1	1	0	0	2	1	0	0	0	1	0	1	0	0	0	1	0	0	0	2	0	1	1	0	0	1	0	0	0	0	2	0	3	0	0	1	4	0	0	0	0	0	0	0	0	0	0	0	0	2	0	1	0	0	0	1	1	0	0	1	0	1	1	0	0	1	2	0	3	0	0	0	3	2	4	0	0	0	0	1	1	0	0	1	1	0	0	0	2	2	0	0	0	1	0	0	1	0	1	0	1	0	0	0	1	1	0	0	0	0	0	0	0	1	0	0	0	0	1	0	1	0	4	0	0	0	1	0	0	0	1	0	1	0	0	1	0	0	0	0	1	0	1	1	1	1	1	0	0	1	1	0	1	3	0	2	0	0	0	1	0	0	4	0	0	0	0	0	1	0	0	0	0	0	0	0	0	655	0	0	2	0	0	0	2	2	0	0	1	1	0	0	0	0	1	0	2	0	0	1	0	0	0	1	0	0	0	1	0	0	0	1	4	2	3	0	1
G[Del(T):R(8,)]G	0	0	0	1	0	0	0	1	0	0	0	2	1	2	1	0	0	0	0	0	0	0	1	1	1	0	0	0	0	1	0	0	0	0	0	2	1	0	0	0	0	0	3	0	1	1	0	0	0	2	2	0	0	0	0	0	2	0	1	0	0	1	1	1	1	0	0	0	0	1	0	1	1	1	1	0	1	0	0	2	1	0	0	270	0	0	0	1	1	0	1	0	0	0	0	0	1	0	0	0	0	0	2	0	0	0	0	0	1	0	0	0	1	0	0	0	0	0	0	0	0	0	0	1	0	0	1	0	1	0	0	0	0	0	0	0	0	0	0	0	0	2	1	0	0	1	0	0	0	0	0	0	0	0	0	0	0	0	3	0	0	0	0	0	0	1	0	0	1	1	0	0	0	0	1	0	0	0	0	1	1	0	1	1	0	1	0	0	2	1	1	0	0	1	0	0	0	0	0	0	0	0	0	1	1	0	0	0	0	3	0	1	1	1	0	0	0	1	1	0	0	0	0	1	0	0	0	1	0	0	0	0	0	0	1	0	0	1	1	0	0	1	0	1	3	1	0	0	0	0	0	0	1	0	0	0	0	1	2	0	1	1	1	0	2	0	0	0	0	0	1	0	0	1	0	0	0	0	0	0	1	0	0	1	0	1	659	0	0	0	0	0	1	1	1	0	0	0	0	1	0	0	0	0	1	1	2	1	0	0	0	0	0	0	0	0	0	0	0	0	1	0	0	2	0	0
A[Ins(C):R0]A	1	1	0	2	0	0	1	1	0	1	5	1	3	1	2	2	0	1	0	1	0	1	2	2	3	0	2	0	1	3	0	1	2	0	1	4	1	0	1	2	2	3	4	1	2	0	3	2	0	3	3	1	0	0	0	2	2	1	1	0	0	2	0	0	0	0	0	3	2	2	3	1	3	0	1	1	1	1	0	4	3	2	2	1	0	2	0	0	0	0	0	0	0	0	0	1	0	1	0	0	1	0	1	2	2	0	5	0	0	0	3	0	0	2	2	4	2	1	3	0	0	1	1	0	2	1	0	0	5	1	1	0	2	2	2	1	0	0	1	0	0	0	2	0	1	3	0	0	2	0	1	2	1	1	0	0	0	3	0	0	1	0	2	1	1	2	0	1	0	0	0	2	1	4	0	0	1	8	5	0	0	2	0	0	0	2	1	2	1	1	1	0	0	0	0	0	0	2	1	0	0	1	0	0	0	1	2	1	1	5	0	0	0	1	2	0	1	0	0	1	0	0	0	1	0	1	2	2	2	0	0	2	0	1	2	0	1	0	0	1	0	4	1	0	1	2	2	2	5	0	0	1	1	1	0	0	0	1	2	3	0	1	2	1	4	1	2	0	2	0	0	4	0	0	1	0	0	1	1	0	0	0	1	0	2	3	0	1	1	0	1	0	1	5	0	0	1	0	1	0	0	1	3	0	0	0	0	1	2	0	0	3	0	0	0	0	1	0	1	2	0	2	1	0	1	1
A[Ins(C):R0]T	0	0	0	2	2	0	0	1	0	2	3	0	2	1	0	0	0	0	0	0	0	1	2	1	0	0	0	0	1	0	0	1	1	2	0	0	0	0	1	1	0	1	0	1	0	1	1	1	0	2	1	0	0	0	0	0	1	1	0	0	0	0	1	0	0	0	0	2	1	1	0	1	1	0	0	1	1	1	0	0	1	1	0	1	1	0	0	0	0	1	1	1	0	0	0	0	0	0	0	0	0	0	0	0	1	0	2	1	0	0	0	0	0	0	1	2	0	0	1	0	0	0	1	0	0	0	1	0	0	0	1	0	1	0	1	0	0	0	0	0	0	0	0	1	0	3	1	1	1	0	0	2	1	0	0	0	1	0	0	0	1	0	2	0	2	1	0	0	0	0	0	1	0	0	0	0	0	0	1	1	1	1	0	0	0	1	0	1	1	0	0	0	0	0	0	0	0	1	1	0	0	1	0	0	0	0	1	1	0	0	0	0	0	1	0	1	1	1	0	1	1	0	1	1	0	1	0	3	0	0	0	0	0	0	1	1	0	0	0	0	0	0	1	0	0	0	1	2	0	1	0	0	0	0	0	0	0	0	1	1	1	1	1	1	0	0	1	0	0	0	1	1	0	0	0	0	0	0	0	1	2	0	0	0	0	1	0	0	1	0	1	0	0	1	0	0	0	0	1	0	0	0	0	1	1	0	0	1	2	0	2	0	0	0	0	0	0	1	0	0	0	0	0	1	0	0
Ins(C):R(0,3)	2	4	3	17	8	8	13	9	13	5	15	5	13	19	5	5	3	8	7	4	3	11	8	16	13	1	19	1	5	9	4	12	5	3	6	5	13	1	6	8	13	19	24	13	12	3	10	6	8	13	9	4	2	10	4	15	11	10	15	7	1	7	8	4	3	10	6	10	10	7	11	13	9	3	10	11	9	9	1	12	5	16	3	48	9	3	4	5	11	11	7	9	5	5	6	9	7	9	4	7	9	1	13	17	23	7	12	12	10	1	6	3	10	5	15	10	4	3	5	0	13	6	2	10	8	9	16	0	10	0	10	8	2	6	5	4	6	6	7	10	6	3	11	3	6	6	4	4	6	2	4	8	11	19	4	9	22	6	16	6	12	4	16	5	18	12	11	1	7	7	1	13	5	10	5	9	16	6	11	15	11	10	5	14	2	14	5	2	15	12	3	3	4	9	1	13	12	12	7	5	1	5	8	8	11	11	13	14	11	15	1	11	2	4	9	3	10	13	5	4	12	2	5	11	2	9	6	10	17	5	3	9	8	7	19	6	12	7	3	10	12	6	10	3	4	10	6	11	15	7	9	11	10	12	13	6	7	3	9	8	1	4	9	7	4	10	5	4	4	8	2	9	6	2	7	1	11	11	1	6	10	3	1	5	1	8	83	10	3	16	5	7	13	8	12	2	6	4	13	14	14	3	6	4	7	7	9	6	6	0	12	16	2	0	6	4	5	13	2	8	6	13	3	14	7	5
Ins(C):R(4,6)	2	3	1	5	3	1	5	1	3	2	10	5	12	15	9	4	0	3	6	1	1	5	4	4	8	1	4	1	0	7	3	11	2	3	3	5	6	0	6	20	5	7	14	2	4	4	1	2	0	11	6	0	1	20	5	4	6	3	3	2	5	3	0	1	4	7	2	5	6	3	2	7	4	1	5	7	5	2	6	8	5	6	4	120	3	4	3	3	5	4	3	6	1	4	0	9	3	5	4	4	3	1	3	5	7	2	5	7	1	0	4	1	2	2	3	5	0	1	6	0	4	7	0	5	4	4	3	1	9	1	6	4	1	2	3	2	4	1	0	4	1	1	6	2	4	9	4	5	3	0	3	5	6	6	1	1	7	2	6	2	7	7	6	1	8	1	2	1	2	5	0	4	3	4	4	3	8	5	6	4	4	5	2	9	0	1	7	6	7	4	3	3	4	2	1	2	1	6	11	2	1	0	0	5	6	5	8	2	4	12	1	4	2	5	3	0	4	6	2	3	4	1	5	8	5	5	1	3	5	4	0	2	1	2	6	1	12	2	3	5	2	1	3	1	1	3	1	5	14	2	4	1	2	7	4	5	3	5	3	1	1	4	2	3	1	3	3	0	4	4	4	6	2	2	4	5	5	5	1	2	2	1	0	2	3	9	248	2	3	5	2	3	7	10	8	3	3	3	0	4	1	0	1	0	7	2	4	8	3	2	3	6	5	0	2	5	8	6	3	4	1	3	1	8	0	4
Ins(C):R(7,)	2	2	1	3	1	3	1	3	1	3	0	8	9	4	2	1	1	3	1	0	0	2	4	6	2	0	5	3	0	2	3	2	1	1	4	1	3	0	2	4	7	1	16	3	5	3	5	3	1	4	3	3	1	4	1	1	4	3	5	2	9	7	1	1	1	1	1	2	0	3	2	9	3	0	0	3	3	2	6	2	1	4	1	110	2	6	4	5	2	3	1	1	1	1	0	5	3	0	0	3	3	0	7	1	2	1	1	2	0	0	4	0	1	2	3	1	4	4	3	0	3	1	0	6	1	0	5	0	4	1	3	2	2	2	1	1	1	0	3	2	0	4	1	2	3	3	1	0	1	1	3	2	2	5	1	1	0	3	1	0	9	1	2	1	4	1	0	0	4	1	0	3	4	6	1	6	6	4	2	1	2	3	2	6	0	4	7	4	3	7	4	1	4	2	1	1	3	0	7	0	0	1	0	1	0	0	1	2	4	10	0	2	0	0	0	0	3	9	0	0	6	0	2	4	3	3	0	5	4	0	0	4	1	0	6	0	1	2	2	0	2	5	2	1	5	3	2	3	5	1	4	4	5	5	2	2	1	2	1	0	0	3	6	1	3	2	8	0	7	2	2	9	1	0	0	3	3	4	2	0	4	0	0	1	0	1	182	0	4	2	1	1	2	3	5	2	2	0	4	2	1	0	2	3	5	0	1	5	1	0	1	5	0	0	0	2	2	1	1	1	4	3	1	5	0	2
A[Ins(T):R(0,4)]A	6	1	5	25	15	7	7	16	5	5	4	8	14	3	7	12	0	2	7	2	9	8	8	11	5	6	11	6	4	12	1	9	34	3	3	10	8	0	12	7	10	12	18	12	7	6	5	3	6	7	6	7	3	7	4	11	7	9	9	5	9	33	4	6	9	8	8	6	13	5	19	20	13	0	4	11	11	11	5	24	2	16	4	17	6	4	8	18	32	12	6	4	8	7	4	17	5	9	9	6	15	2	18	7	7	1	5	12	3	2	9	5	3	5	40	9	13	4	6	0	23	14	2	22	17	9	19	2	22	2	10	7	15	8	6	15	5	6	7	24	1	8	5	22	4	3	4	6	11	0	9	16	17	34	7	7	45	7	10	7	10	7	21	0	24	19	27	6	12	21	3	12	9	24	10	22	27	32	5	8	9	12	11	20	2	15	8	2	26	5	3	3	11	5	10	19	25	25	17	6	0	3	1	8	22	12	14	5	16	22	4	11	4	5	11	12	10	13	23	4	3	2	10	17	1	19	8	19	16	1	3	9	19	9	17	4	18	27	6	3	4	6	5	1	1	17	2	6	28	14	13	15	4	7	12	9	23	7	8	18	10	9	3	6	5	8	12	2	5	8	7	24	3	1	11	0	16	11	5	7	10	6	1	3	8	10	99	11	10	14	1	4	9	10	13	3	10	10	10	13	14	4	9	4	5	3	9	7	16	1	17	11	7	0	6	8	5	23	4	15	10	6	6	13	1	6
A[Ins(T):R(0,4)]C	4	5	0	11	7	3	3	13	4	3	4	3	7	6	3	4	1	5	3	1	7	7	2	8	5	2	5	3	0	4	1	2	7	3	2	0	4	1	3	6	5	6	11	5	4	1	4	2	0	5	2	3	2	1	2	6	1	4	6	4	7	17	0	4	4	1	5	9	7	6	2	6	3	2	1	5	4	6	5	9	2	13	1	15	4	2	0	5	12	9	2	3	7	4	2	11	1	1	2	4	1	0	6	1	4	3	3	3	7	1	3	1	3	4	16	3	2	3	6	0	4	7	3	10	7	0	3	1	10	1	6	4	2	7	1	3	2	2	2	10	3	5	0	8	3	4	1	2	4	2	2	11	8	13	4	2	16	1	1	5	7	2	19	0	18	7	15	4	4	0	1	3	4	13	4	9	17	17	3	8	7	1	2	15	0	3	1	1	4	2	0	1	5	0	1	10	15	15	6	1	0	1	1	3	12	6	9	13	5	11	1	2	3	2	6	3	5	10	16	2	2	0	0	5	3	6	2	16	7	2	1	3	5	3	4	7	13	10	0	1	7	3	3	2	1	1	3	4	24	7	5	2	2	5	6	2	5	4	3	8	3	5	1	2	2	1	6	3	2	6	1	6	2	4	7	1	9	3	3	1	7	4	0	1	2	4	73	7	3	5	0	3	5	3	9	0	5	6	6	2	8	1	4	3	7	4	5	2	7	2	6	4	2	1	1	5	3	9	4	6	2	7	2	12	6	3
A[Ins(T):R(0,4)]G	2	5	7	30	5	8	8	7	7	5	5	3	23	10	4	3	0	3	1	3	3	5	8	7	6	2	7	3	2	8	2	9	16	13	3	7	14	0	16	8	8	20	15	6	5	2	9	2	4	9	4	5	1	2	6	7	6	6	4	5	11	37	7	1	3	5	9	15	5	9	17	19	10	3	5	12	13	9	1	39	5	18	2	33	4	4	1	8	22	23	4	7	2	4	3	14	3	7	8	11	13	1	11	5	21	2	3	10	5	0	3	0	3	7	35	6	8	3	13	0	9	13	4	13	24	2	13	2	27	4	2	7	4	9	5	12	4	6	5	26	4	3	7	18	7	2	3	2	3	5	6	11	15	18	3	2	39	4	8	3	6	7	39	5	28	7	22	3	5	15	1	6	8	22	5	19	15	27	2	16	5	7	7	28	3	16	10	4	10	11	3	2	11	3	6	16	16	25	14	2	0	4	1	5	8	11	9	10	20	12	4	9	1	4	8	3	12	10	19	8	11	1	2	16	3	14	2	23	6	6	5	13	18	7	9	1	14	24	6	2	8	4	6	1	2	6	5	3	23	8	9	11	11	4	6	10	15	10	6	20	12	18	6	5	6	12	3	7	5	8	3	26	7	3	3	1	12	6	9	2	11	7	0	4	5	12	137	11	1	5	5	8	15	7	16	2	7	8	15	10	15	8	19	3	7	9	16	7	3	4	17	12	6	0	3	16	3	14	3	11	1	5	5	10	2	7
C[Ins(T):R(0,4)]A	3	1	4	12	4	5	5	2	5	1	3	3	9	6	1	4	0	6	3	2	3	5	3	6	6	2	4	4	6	0	2	7	5	1	2	6	0	0	3	9	6	6	6	2	1	2	6	3	4	2	3	3	1	5	2	4	5	4	6	2	6	5	3	0	3	5	2	2	6	4	1	4	8	0	3	4	3	2	1	6	3	6	3	13	4	1	1	5	2	7	1	3	2	1	0	6	3	3	2	4	8	1	3	6	11	4	2	5	4	1	5	1	7	6	3	7	6	0	1	0	5	6	6	2	5	2	3	1	5	2	5	4	7	5	4	5	5	6	2	7	3	3	2	7	1	3	4	6	2	0	2	8	5	8	2	2	11	3	2	3	6	4	7	3	8	6	6	1	8	2	2	3	2	1	3	7	2	9	3	2	4	6	0	7	2	7	2	4	8	8	3	4	2	5	1	5	4	5	13	6	0	2	2	3	4	5	5	2	3	7	0	4	8	1	7	1	3	4	6	3	5	2	5	8	1	6	3	5	4	4	2	6	3	4	8	5	4	5	3	4	8	4	2	0	5	4	1	6	4	2	2	7	1	1	4	7	2	4	3	6	6	7	6	4	3	5	2	1	3	2	3	7	6	3	6	0	2	2	1	1	4	3	0	1	2	4	88	6	0	2	2	3	3	3	5	1	4	2	3	4	5	0	4	1	8	3	3	1	7	0	7	5	2	0	2	4	7	6	3	5	3	6	2	5	0	5
C[Ins(T):R(0,4)]C	0	1	4	6	1	1	4	7	2	3	4	3	8	5	2	0	0	6	2	1	4	3	1	2	3	2	5	1	2	0	4	4	3	0	3	5	3	0	5	6	1	7	11	4	2	2	3	0	1	2	2	0	3	4	1	1	4	3	1	4	5	7	0	2	2	1	2	1	2	4	4	1	5	0	3	1	4	2	1	5	1	5	2	33	2	1	1	2	6	8	0	4	1	1	0	2	2	2	0	1	1	1	4	6	3	0	2	3	1	0	2	0	2	0	4	7	3	2	3	0	3	3	3	6	4	5	5	0	9	0	1	3	2	1	4	1	1	1	2	1	3	2	4	3	4	1	3	1	2	2	3	6	2	6	2	0	6	4	5	4	6	3	8	0	7	5	4	1	2	1	0	1	2	5	2	5	6	5	5	5	0	2	3	4	0	5	3	3	4	4	0	1	7	1	0	3	5	5	2	1	0	5	1	1	3	0	7	4	2	9	0	4	4	6	3	4	3	2	1	2	2	2	3	2	3	5	1	0	5	1	0	3	2	7	2	2	7	2	2	3	3	2	2	0	0	1	3	7	6	2	2	3	6	4	4	0	1	2	1	2	1	3	0	2	1	2	1	0	1	1	4	3	1	0	4	0	1	2	7	1	1	0	0	1	2	3	94	2	1	2	3	2	1	6	5	2	3	2	2	13	3	1	2	0	2	2	4	3	0	0	1	3	2	1	3	2	2	6	0	2	1	3	0	3	0	1
C[Ins(T):R(0,4)]G	1	3	3	7	1	3	6	6	2	3	4	2	8	4	4	1	0	8	4	0	1	5	5	4	10	1	7	3	1	3	2	10	8	7	3	6	5	0	8	7	7	9	11	4	5	0	9	1	1	4	1	3	1	8	5	4	4	4	7	1	5	13	1	1	1	2	3	6	2	3	6	8	6	1	3	4	8	1	6	5	4	3	4	68	2	3	0	8	9	7	3	9	6	4	6	6	1	4	5	1	5	0	12	6	14	6	7	5	3	1	4	2	2	2	6	6	3	1	11	0	10	5	2	4	4	3	11	1	4	2	3	4	4	7	5	3	4	3	3	8	4	3	4	4	4	1	3	3	3	1	1	7	9	7	2	3	11	6	9	7	5	5	6	5	11	4	7	0	3	5	2	3	5	5	3	4	7	13	5	10	11	7	4	9	1	4	4	3	6	8	4	4	5	3	1	4	7	13	1	1	0	6	3	2	12	10	8	7	1	7	1	2	1	2	4	3	4	3	6	4	8	2	6	10	3	5	5	9	5	2	1	5	8	2	6	2	8	11	2	2	5	6	3	2	3	4	3	5	10	0	8	6	1	2	14	5	5	2	7	7	4	6	4	2	4	9	4	1	1	6	2	7	5	1	2	2	5	2	5	1	8	5	0	1	3	2	209	4	2	6	5	6	5	15	7	3	8	1	5	4	4	1	8	2	8	3	7	6	3	0	5	3	4	2	2	3	2	8	2	6	4	5	5	9	0	2
G[Ins(T):R(0,4)]A	6	4	3	7	0	2	3	4	4	2	3	2	7	4	1	4	0	6	2	3	3	4	0	8	10	1	2	7	1	8	5	6	2	3	0	5	4	3	9	4	5	5	5	5	4	3	3	1	1	6	5	4	1	2	3	1	0	3	5	6	4	3	4	3	0	4	2	8	4	4	6	7	2	0	1	7	6	2	2	2	3	7	3	5	6	3	1	4	1	4	7	5	4	1	0	2	3	6	4	2	3	0	7	7	3	1	2	1	5	4	3	0	5	1	5	7	3	2	4	0	3	1	0	1	3	4	6	0	2	2	5	3	4	2	7	2	3	2	5	3	1	2	3	7	1	5	3	1	1	1	3	5	8	5	1	1	8	7	5	4	13	10	4	2	8	4	6	2	9	1	2	4	3	6	3	5	4	4	5	36	2	7	1	4	1	5	4	4	4	2	1	1	2	1	0	4	3	8	9	6	0	1	0	4	2	10	3	5	2	10	0	3	1	1	1	1	9	6	6	0	6	2	2	3	3	5	9	6	2	4	3	46	4	1	4	1	2	8	6	11	11	3	3	1	3	3	2	13	4	3	6	3	3	4	3	3	3	4	5	4	2	4	3	1	3	4	6	3	4	1	4	3	1	0	7	0	3	1	0	1	3	0	0	4	1	3	31	9	1	5	1	1	7	7	3	3	2	0	4	5	6	1	6	3	6	2	2	1	7	2	6	3	2	2	4	8	2	7	3	2	2	10	5	6	1	5
G[Ins(T):R(0,4)]C	0	2	0	1	1	2	2	3	1	0	1	1	1	2	2	1	0	1	2	1	2	0	5	2	5	0	4	1	1	3	1	4	1	0	1	1	4	0	6	1	4	1	2	2	3	1	2	0	0	4	0	2	2	4	2	1	0	2	3	0	1	5	1	0	0	1	1	3	0	1	2	2	2	0	3	1	3	0	2	1	0	2	0	9	2	2	0	2	2	1	4	1	0	0	1	1	1	1	0	0	0	0	1	3	5	0	2	1	3	0	1	2	1	0	2	4	2	0	4	0	1	1	0	4	6	2	2	1	0	2	1	2	1	0	2	2	1	2	0	2	0	0	3	2	2	3	2	1	1	0	0	3	2	1	0	0	5	2	0	0	2	5	5	0	4	2	1	0	4	1	0	3	2	1	1	2	1	4	0	47	4	1	0	5	1	2	0	4	1	2	1	0	0	0	0	1	1	5	0	1	0	0	1	4	2	5	5	1	2	0	0	0	1	1	0	1	0	2	0	4	2	0	2	0	0	2	2	5	2	0	0	33	1	1	3	0	1	2	0	3	2	4	1	0	1	1	0	3	3	1	1	0	1	1	4	2	0	1	0	2	2	1	0	1	0	1	0	1	3	1	3	1	1	1	0	0	1	0	1	0	0	0	0	2	1	2	39	2	1	1	1	0	2	3	2	0	0	2	2	2	0	0	3	2	2	0	0	0	1	0	1	1	0	0	1	0	1	1	0	1	1	0	4	3	2	1
G[Ins(T):R(0,4)]G	1	3	5	7	3	6	6	4	3	6	5	3	5	2	2	3	0	3	0	0	2	6	6	4	5	1	8	2	3	7	1	6	2	3	1	5	3	0	4	5	4	12	9	5	4	2	3	3	0	2	2	2	0	4	5	2	3	4	5	1	7	5	0	1	1	5	4	4	3	3	2	4	3	1	2	1	2	1	1	5	2	6	2	17	2	3	0	4	1	6	3	6	2	1	2	8	3	1	2	2	6	0	4	3	8	1	4	2	1	3	1	1	3	1	7	4	3	0	13	0	5	4	1	5	5	5	5	1	4	2	6	2	4	3	1	2	5	2	1	4	0	3	3	6	0	4	2	4	1	0	1	2	5	5	0	1	5	6	8	8	7	9	6	4	8	3	1	0	9	5	0	7	6	2	2	6	4	4	0	114	6	1	1	4	1	3	5	0	7	6	2	0	0	0	0	2	5	8	1	1	0	2	1	0	4	8	6	3	2	6	2	3	2	7	2	0	4	2	6	2	4	1	7	2	0	4	3	6	3	4	0	93	1	2	5	0	5	2	1	2	3	2	5	0	2	5	2	16	19	2	6	6	3	5	4	0	2	3	1	3	3	10	4	2	1	4	4	0	4	3	2	3	0	1	2	1	6	1	4	0	1	0	1	1	0	5	91	3	1	4	3	0	3	2	5	0	2	1	5	0	5	1	10	3	5	1	2	0	3	0	5	2	1	0	0	3	0	2	1	7	2	3	0	5	1	1
A[Ins(T):R(5,7)]A	5	10	4	13	5	7	7	4	13	9	11	18	51	27	8	10	1	17	22	6	5	7	26	13	11	0	9	10	6	15	24	8	8	10	6	23	3	0	13	30	19	9	61	7	16	5	9	15	2	32	15	17	10	8	7	6	35	16	11	15	53	17	11	12	11	5	4	13	7	5	17	13	15	3	3	10	16	6	11	24	10	11	9	85	15	8	7	10	14	11	15	17	11	10	1	18	17	9	5	19	8	0	18	24	12	8	8	23	14	4	16	3	4	11	15	7	12	8	21	0	12	21	7	15	29	14	16	2	21	5	7	12	4	10	16	8	4	5	11	4	5	16	8	9	8	9	12	13	14	3	10	14	21	14	2	8	8	19	16	5	47	9	13	7	15	16	10	12	13	7	3	15	16	23	12	22	19	25	8	24	9	6	1	13	7	8	18	14	13	16	15	19	21	9	6	7	10	7	26	6	1	9	3	3	7	14	14	18	17	28	3	8	6	14	9	4	12	12	15	5	6	2	11	18	5	11	11	15	7	7	1	7	8	13	22	20	10	10	5	11	21	15	10	9	28	10	8	25	17	8	11	14	7	14	14	5	22	5	14	11	8	18	15	8	17	12	21	3	11	14	8	39	11	4	4	6	10	12	12	6	8	6	0	10	7	9	503	16	11	15	3	10	13	18	11	6	5	3	11	8	6	0	9	5	8	7	7	21	10	2	4	12	5	1	3	15	10	7	14	5	14	12	15	17	2	9
A[Ins(T):R(5,7)]C	6	11	5	18	9	9	5	9	10	8	15	23	36	23	3	10	0	13	38	9	7	12	25	16	20	1	14	14	9	25	27	14	8	13	16	18	16	0	17	19	23	8	75	9	17	7	14	21	10	42	26	12	13	8	13	6	49	18	19	21	66	20	18	17	11	12	12	30	10	5	14	18	23	2	11	13	43	3	16	22	15	8	8	89	10	7	4	7	10	15	20	8	16	18	6	16	14	14	4	25	15	3	24	31	11	4	11	12	8	7	12	14	17	16	34	15	10	13	17	1	10	27	1	15	19	17	12	2	10	3	15	21	10	12	15	10	12	12	11	13	6	22	12	14	8	14	9	16	17	1	11	18	15	13	2	9	19	18	13	5	59	13	17	9	19	12	25	8	16	3	6	25	16	18	8	24	31	29	15	23	14	13	8	14	8	13	17	9	21	12	10	7	21	11	4	11	18	10	22	8	1	10	4	1	10	13	14	11	18	32	2	12	6	21	8	4	9	13	14	10	13	1	10	20	19	6	10	16	9	9	1	21	16	10	20	25	16	16	10	9	20	14	5	11	31	19	10	33	11	7	15	14	16	18	19	8	28	6	8	13	10	26	19	14	24	14	11	2	19	9	14	25	10	9	15	12	15	17	10	4	11	5	1	13	6	15	469	12	10	20	7	5	16	28	11	16	7	8	14	5	5	2	10	7	7	9	8	10	10	2	7	11	10	1	3	15	6	11	16	6	9	7	10	21	4	7
A[Ins(T):R(5,7)]G	9	12	12	19	18	6	21	13	11	15	12	20	44	17	10	10	1	16	20	12	10	11	25	17	13	1	11	10	8	21	23	12	8	18	9	19	10	0	14	22	14	14	103	10	18	11	8	14	7	35	36	17	7	9	8	14	41	16	18	13	69	24	16	14	9	10	8	24	13	9	24	29	17	6	3	21	23	7	15	36	15	16	9	171	14	12	7	13	14	17	7	6	11	8	3	27	20	18	8	16	15	1	27	29	17	7	8	18	14	1	12	2	13	9	30	14	13	9	18	1	19	24	9	11	19	16	20	6	22	7	15	12	10	14	20	11	4	14	11	10	12	15	11	19	10	17	7	12	21	2	11	28	17	21	2	12	15	19	29	11	50	14	29	7	25	6	21	5	23	11	5	25	16	22	8	27	26	34	9	26	16	11	8	15	4	16	31	10	12	20	10	8	30	11	7	13	14	15	21	8	0	14	3	4	8	8	14	20	13	38	4	15	3	17	10	6	16	19	22	10	18	2	13	23	13	9	21	15	8	10	2	24	8	20	14	18	15	12	3	13	10	15	6	8	18	19	14	29	22	14	17	13	10	12	20	4	30	6	15	17	4	27	13	17	21	16	10	2	14	10	14	46	10	0	5	12	16	21	8	10	22	5	0	18	5	19	649	19	13	12	9	9	25	20	16	14	13	11	18	16	13	0	20	8	12	10	9	25	13	1	11	17	9	1	5	18	6	14	14	5	17	20	10	27	5	9
C[Ins(T):R(5,7)]A	2	5	5	3	2	3	3	1	7	5	6	11	13	1	3	4	0	8	12	2	5	4	2	5	6	1	4	4	4	6	5	7	8	3	5	12	3	0	6	15	5	3	28	3	9	4	4	6	6	12	10	4	5	4	3	4	13	4	7	13	29	8	8	4	1	2	3	6	5	3	3	9	10	1	1	7	6	3	8	9	4	6	2	30	2	2	3	8	5	2	5	7	7	5	1	7	10	6	4	5	4	0	12	13	8	3	5	6	3	1	4	4	5	6	12	8	2	4	9	0	7	11	1	5	9	6	6	0	7	3	3	2	4	10	8	8	1	3	7	2	6	8	2	5	6	5	4	5	3	1	9	6	8	4	3	0	7	3	8	4	17	8	15	3	9	2	1	4	3	5	2	7	1	11	4	9	5	7	1	13	4	2	1	5	3	5	7	4	11	8	4	6	9	2	3	5	10	5	9	3	0	3	1	4	14	6	3	2	6	18	0	6	2	2	4	0	5	4	3	5	5	2	6	7	6	3	4	9	2	5	0	4	1	7	12	5	4	8	4	4	10	5	5	4	10	7	2	17	11	7	5	8	6	7	5	2	9	4	4	10	4	20	3	4	10	1	12	1	4	4	4	14	3	3	1	1	9	8	7	4	4	3	0	8	3	6	207	10	7	9	6	2	6	12	6	5	3	3	3	6	1	1	5	6	0	3	2	5	3	1	2	3	6	0	0	5	3	5	9	5	6	6	11	7	0	4
C[Ins(T):R(5,7)]C	5	5	7	8	3	6	5	4	6	3	8	2	31	12	4	6	0	9	18	5	7	4	13	11	12	0	3	9	2	19	18	7	3	5	6	14	6	0	5	19	11	7	47	9	13	8	2	10	3	12	14	6	7	10	5	6	24	7	14	9	47	5	7	12	4	4	4	12	4	3	13	7	9	2	3	12	9	5	5	8	7	9	2	44	2	5	4	4	11	8	8	4	11	10	3	16	8	12	5	14	4	0	11	17	6	9	4	8	7	6	12	3	7	9	19	10	5	9	8	0	6	23	0	5	11	10	6	2	11	4	11	5	5	6	9	9	3	3	6	9	4	13	6	13	4	2	7	8	7	2	11	10	12	10	1	7	5	11	10	3	33	5	16	3	5	8	8	2	10	1	2	20	8	13	5	16	24	12	6	13	5	6	9	6	3	7	17	6	12	8	5	5	20	5	0	3	11	7	16	7	0	9	2	6	8	9	2	14	4	20	0	9	6	5	5	2	11	8	12	7	14	0	12	8	9	4	7	6	8	7	0	11	7	4	20	15	6	10	3	7	11	11	12	10	10	13	0	14	10	4	11	10	6	10	10	5	19	8	7	6	6	9	6	6	9	7	7	1	8	6	6	23	4	7	3	4	5	10	9	5	11	6	0	5	2	7	270	11	11	11	3	5	9	16	8	5	6	6	6	3	2	0	4	2	4	7	11	14	7	1	8	10	6	2	2	9	3	7	8	6	11	5	8	14	3	7
C[Ins(T):R(5,7)]G	4	6	2	6	6	6	10	8	8	13	9	18	20	3	9	4	1	13	16	7	6	6	17	12	5	0	8	4	1	11	11	11	5	7	5	14	7	0	8	17	17	6	41	6	8	6	12	9	3	20	12	7	6	5	7	5	24	6	10	11	31	16	6	3	4	5	10	11	10	9	9	15	16	0	0	10	17	2	9	6	6	10	6	84	2	3	5	9	2	7	7	3	9	5	4	9	12	10	6	14	5	0	15	20	11	5	8	10	10	3	12	5	4	6	19	10	5	8	8	0	11	11	2	8	15	12	19	2	7	1	7	10	11	9	6	7	6	4	9	8	10	6	3	13	5	6	3	8	8	3	8	13	12	16	2	5	6	10	12	6	38	5	15	0	11	8	11	2	12	3	5	13	9	19	3	17	15	17	8	14	8	5	5	10	2	8	15	8	13	11	6	6	11	2	5	7	10	13	16	8	1	6	6	5	14	7	7	9	7	29	0	8	3	8	7	3	7	8	14	7	5	1	6	11	11	8	11	11	7	2	0	10	10	11	13	5	8	11	7	6	10	11	8	1	13	11	3	14	14	5	8	4	14	14	13	9	10	8	5	8	8	14	17	11	5	7	10	1	10	8	3	14	8	1	7	5	8	8	4	5	5	1	0	8	5	10	320	9	3	10	6	6	18	16	5	5	2	5	10	4	1	0	9	2	8	3	3	6	4	0	8	8	3	0	2	8	9	8	7	7	7	9	8	15	2	1
G[Ins(T):R(5,7)]A	2	4	6	4	3	4	4	9	8	2	2	7	12	4	2	3	0	6	16	2	3	8	9	10	1	0	6	6	4	7	11	10	2	6	7	8	1	0	2	10	5	3	19	1	6	4	2	10	3	12	10	4	3	2	3	5	5	4	7	8	24	13	3	4	2	1	3	8	4	1	7	8	10	0	1	3	7	0	4	10	2	4	2	64	0	4	3	4	5	3	6	3	6	2	0	9	3	7	4	9	2	1	10	8	6	6	7	3	2	3	7	1	2	5	5	3	0	5	8	0	6	11	1	9	8	5	6	0	7	1	6	5	4	8	8	1	3	1	6	0	3	9	8	6	8	11	3	3	4	1	11	6	13	6	1	3	7	7	7	3	16	4	9	3	10	6	8	0	6	1	2	6	5	8	1	3	4	10	3	13	3	3	5	4	2	1	11	7	3	5	2	8	8	3	2	4	4	4	15	2	0	1	0	4	6	1	0	5	2	15	1	3	1	6	8	3	4	9	7	5	3	2	4	2	2	3	6	3	3	4	1	11	5	3	4	3	5	4	2	3	1	6	3	3	7	4	3	7	4	3	4	2	8	10	2	1	6	2	7	5	2	8	10	1	8	5	7	0	6	7	1	17	5	1	1	2	9	8	2	1	6	0	0	6	4	3	258	6	5	3	2	2	5	8	2	3	5	5	7	2	1	0	9	0	1	0	2	6	4	0	4	9	5	0	2	4	4	2	6	1	4	3	6	5	0	1
G[Ins(T):R(5,7)]C	5	3	7	7	4	5	4	9	8	2	7	11	22	8	5	3	1	9	15	4	2	4	7	13	7	0	1	4	0	13	16	5	1	4	7	12	4	0	7	11	11	8	35	4	5	6	4	5	4	11	17	7	4	3	4	4	15	7	9	9	36	10	9	7	6	2	3	17	2	5	7	7	3	2	0	1	10	4	7	9	4	7	1	69	4	5	0	5	4	3	2	3	6	0	1	6	7	6	4	5	6	1	11	14	4	3	6	7	5	3	8	2	4	7	7	5	1	3	6	0	5	7	1	4	15	10	12	0	7	0	7	9	3	8	6	2	3	3	10	5	4	17	8	6	7	9	6	6	6	1	5	10	8	5	2	2	7	9	7	4	30	8	7	6	6	5	7	3	5	4	2	11	5	8	4	9	10	14	4	13	1	6	3	6	0	6	12	2	7	6	5	11	7	2	2	10	2	10	12	3	1	5	0	4	5	6	2	15	7	17	1	6	3	13	4	0	6	7	4	2	6	1	7	5	3	5	4	13	7	7	2	8	5	11	9	7	4	9	8	8	6	9	4	3	11	12	0	7	7	4	11	5	7	12	8	3	9	1	4	3	5	14	14	5	10	7	9	0	8	4	14	18	2	0	5	8	2	3	4	1	2	2	0	6	3	3	313	11	10	3	5	2	8	9	3	3	4	2	15	6	2	0	3	0	1	5	3	8	6	1	3	1	4	1	2	7	1	5	5	8	7	7	10	10	5	7
G[Ins(T):R(5,7)]G	8	6	5	13	2	3	5	5	5	6	9	10	16	13	8	6	1	8	18	8	5	2	18	11	15	0	6	13	3	11	9	8	3	13	9	16	8	0	9	9	12	9	49	9	13	9	5	12	1	19	7	7	6	8	6	7	17	12	11	15	46	15	7	8	7	5	2	9	6	6	8	20	18	1	1	8	10	5	12	19	10	6	4	166	4	5	4	5	6	8	8	2	7	7	1	14	10	7	5	9	7	0	13	12	7	2	12	14	9	3	13	7	8	4	11	12	2	4	8	0	9	13	1	5	15	10	8	1	4	5	11	12	7	13	12	7	5	8	6	3	6	11	7	8	7	11	8	4	2	2	9	11	11	11	1	7	8	9	19	8	22	7	14	3	4	9	15	2	13	1	2	9	12	13	5	17	13	21	7	23	5	13	4	11	4	4	15	10	13	13	8	17	11	5	3	7	15	4	18	5	0	5	3	4	4	4	6	10	7	33	3	5	4	14	6	2	12	15	7	5	5	2	5	12	7	9	11	11	1	3	0	10	4	5	12	7	15	9	5	5	9	9	8	7	17	14	7	22	8	9	6	11	7	9	6	3	16	5	7	9	8	17	12	5	8	7	9	0	2	5	11	19	7	5	4	12	6	4	4	4	5	6	0	7	6	4	597	11	8	9	5	8	9	11	9	8	4	5	7	5	3	1	4	4	3	6	4	15	6	0	9	8	6	0	2	5	7	12	8	6	8	11	10	14	2	13
A[Ins(T):R(8,)]A	7	5	2	5	4	9	7	3	16	5	7	23	32	14	16	7	0	12	23	8	3	9	8	10	13	0	4	7	9	14	23	16	1	5	8	15	7	0	4	13	13	4	45	4	14	5	8	10	6	23	18	3	0	5	4	6	20	15	14	11	23	11	15	13	8	2	10	12	4	5	14	13	11	1	1	12	20	1	13	15	4	8	2	72	1	2	12	11	9	7	9	5	12	6	1	13	6	7	0	11	12	0	15	34	15	7	9	8	9	2	18	1	5	11	13	14	3	10	17	0	15	19	0	14	11	7	7	0	10	5	7	9	3	8	12	13	3	5	6	7	11	5	5	7	7	13	6	10	10	0	5	8	13	8	5	14	13	11	16	7	42	9	12	1	9	4	13	10	11	7	2	7	4	18	8	13	14	16	5	22	4	4	5	13	2	4	27	13	12	9	11	4	8	4	2	10	5	8	18	3	0	7	3	4	10	11	5	8	16	32	1	6	0	15	10	0	5	7	13	6	9	0	7	16	3	7	9	10	4	4	0	11	5	6	13	12	14	8	3	10	24	8	5	9	26	11	2	18	15	4	11	7	7	12	7	3	7	2	2	11	2	15	9	11	10	5	5	1	6	7	3	29	10	3	5	6	2	11	4	1	9	0	0	2	3	5	414	8	6	8	3	1	6	15	13	14	5	7	8	9	5	0	6	6	4	8	10	17	5	0	9	12	2	1	1	10	3	6	8	5	7	16	7	14	1	11
A[Ins(T):R(8,)]C	3	4	7	13	8	10	10	11	11	12	11	20	25	25	13	11	0	8	13	7	1	14	10	13	10	0	6	9	4	12	18	17	3	5	6	13	6	0	11	19	16	5	62	4	9	15	8	23	5	27	21	5	4	9	6	3	22	12	13	24	29	13	15	10	0	2	10	18	7	4	9	14	9	1	5	5	15	0	17	19	5	14	2	62	3	4	5	8	5	12	3	5	7	6	2	19	8	10	6	19	4	0	18	14	13	3	8	12	6	5	9	3	11	6	11	11	3	5	20	0	6	12	0	8	9	12	13	1	11	3	7	8	7	15	9	8	1	4	3	7	9	9	10	8	4	9	2	8	12	0	10	6	10	13	7	7	7	16	18	3	39	9	14	3	13	2	3	3	13	4	0	13	14	18	2	14	12	18	8	16	10	12	2	14	1	11	13	9	12	9	11	6	11	5	2	9	11	7	20	7	0	9	1	5	8	5	6	6	8	20	1	3	3	20	6	2	4	10	13	4	10	0	5	8	9	11	17	10	8	2	1	16	5	6	15	18	7	11	4	7	9	13	2	9	15	11	8	28	12	2	10	15	7	11	7	4	10	2	16	12	1	20	8	5	13	6	9	1	4	8	3	21	4	0	4	2	4	12	3	2	9	0	0	6	4	5	381	9	8	12	8	4	7	13	13	6	3	2	5	2	1	0	3	7	6	6	6	7	6	0	13	12	1	1	2	8	3	1	3	3	8	11	8	12	1	8
A[Ins(T):R(8,)]G	2	4	7	15	4	5	4	5	7	5	9	25	28	19	14	4	1	2	14	4	3	3	11	20	12	1	5	4	2	16	16	13	0	5	9	17	5	0	12	9	12	10	37	8	8	9	8	12	3	25	12	9	2	3	8	6	12	6	6	16	28	7	7	21	3	4	10	13	4	6	11	11	10	1	1	7	9	4	16	27	8	8	6	90	1	4	4	9	8	8	4	5	5	4	0	9	7	8	2	9	4	0	17	21	8	3	5	11	3	2	7	3	6	9	12	5	2	1	9	0	3	9	2	4	8	8	3	0	10	4	8	8	3	7	4	5	2	1	7	2	6	7	8	7	7	8	1	3	13	0	3	9	7	6	4	2	9	11	10	5	37	6	8	2	13	4	8	4	10	3	0	11	5	16	3	8	12	15	10	10	5	12	6	6	0	7	12	5	9	8	9	9	4	3	1	5	6	4	9	1	0	7	2	1	11	4	6	7	14	34	0	3	1	17	4	1	7	8	11	2	5	1	5	13	7	6	8	11	6	5	0	12	0	4	7	4	7	7	5	8	16	14	4	7	28	2	4	15	13	5	5	7	11	7	10	6	6	4	6	9	2	11	13	5	8	9	11	0	4	7	4	15	5	0	2	9	10	10	0	0	6	0	0	1	6	6	438	8	1	4	5	2	4	8	10	8	3	1	13	5	1	0	3	4	4	7	4	16	4	0	7	8	2	0	2	2	6	2	1	5	8	7	4	14	1	8
C[Ins(T):R(8,)]A	2	3	2	7	5	5	3	3	9	3	8	17	18	10	3	6	1	3	12	6	1	3	12	6	6	0	5	6	1	12	13	6	0	3	1	12	3	0	7	5	4	9	31	2	9	3	5	15	1	7	9	1	3	4	2	3	8	6	4	11	24	5	7	3	2	5	4	10	3	3	10	8	6	0	0	5	11	2	4	12	6	5	3	37	2	1	3	3	3	1	5	3	4	2	3	11	7	6	3	6	5	0	11	14	5	1	7	5	10	4	3	0	4	4	7	4	3	3	11	0	6	12	0	6	4	6	7	0	6	2	5	6	5	2	5	5	0	3	0	4	2	5	4	2	5	7	1	0	7	0	8	5	3	10	1	3	4	8	11	2	28	3	7	1	7	5	2	3	7	3	1	3	9	9	5	5	6	8	4	8	2	3	4	4	0	4	10	5	7	4	5	1	4	1	1	2	1	2	5	2	0	1	3	7	4	1	5	4	7	18	0	2	1	5	7	0	11	6	5	3	4	1	9	6	7	4	5	8	4	2	0	9	3	4	7	8	3	3	5	7	10	5	2	3	6	5	3	11	9	5	2	3	1	4	8	3	8	4	2	3	2	12	4	1	6	6	6	1	5	4	0	10	1	0	5	2	4	6	1	1	9	0	0	4	2	1	251	2	6	7	4	3	8	7	6	2	3	1	5	2	0	0	3	2	3	2	3	10	3	0	7	13	1	0	4	1	2	1	5	1	3	12	4	8	0	5
C[Ins(T):R(8,)]C	3	6	5	14	1	7	5	4	10	2	3	20	20	7	9	9	0	5	19	3	2	6	12	9	4	0	3	3	1	13	18	8	1	7	6	8	1	0	5	8	10	3	18	2	8	6	4	16	4	15	9	3	1	7	6	3	13	10	7	9	25	5	8	9	1	2	3	8	4	2	9	9	8	1	2	7	8	1	10	10	3	7	2	62	1	2	4	4	3	4	10	11	2	3	1	24	4	4	3	10	4	0	12	15	6	3	1	11	6	1	6	0	3	6	8	6	2	6	5	0	6	7	0	4	7	4	6	0	5	2	5	5	2	3	4	1	1	1	7	5	5	4	5	4	7	6	2	3	7	0	4	8	8	8	2	2	7	18	6	2	22	10	8	1	3	2	5	4	4	1	1	5	4	7	8	13	7	10	5	13	4	4	3	7	3	8	17	4	9	5	3	6	4	3	3	5	5	4	17	2	0	2	0	0	3	3	9	7	9	26	3	2	3	12	3	1	8	9	5	3	5	1	4	9	6	4	1	11	7	0	0	7	1	8	4	6	5	10	3	5	10	4	3	7	12	4	4	11	10	3	4	4	10	16	7	4	7	2	2	6	1	7	14	6	4	3	7	0	3	2	4	13	3	0	3	7	2	4	1	1	8	1	0	3	3	5	276	6	5	2	2	3	4	8	9	10	4	2	5	5	3	0	6	3	4	5	6	9	4	0	5	7	0	0	1	2	7	1	6	6	6	14	4	13	1	5
C[Ins(T):R(8,)]G	1	5	3	5	2	7	4	4	8	3	10	19	18	13	9	7	0	7	14	2	1	6	4	9	7	0	2	6	3	11	8	11	0	4	5	10	2	0	5	9	6	2	25	8	5	5	6	14	3	21	19	4	2	4	3	3	14	8	4	4	21	9	6	4	4	2	2	7	7	4	13	13	10	2	1	8	15	1	12	8	10	5	2	139	0	7	8	3	10	3	4	5	6	2	1	21	8	2	2	6	7	0	15	13	11	0	6	10	2	1	1	2	3	4	8	1	1	0	2	0	6	5	0	6	4	9	5	1	6	2	7	14	3	7	2	5	4	4	3	1	5	5	4	5	0	2	0	8	8	0	3	3	5	4	3	2	7	6	6	0	24	5	7	0	4	1	6	8	6	2	1	11	6	12	1	7	11	9	3	12	4	9	1	7	0	4	7	4	6	14	7	6	10	3	1	3	4	1	12	2	0	4	1	1	5	4	6	5	8	18	1	2	1	2	1	0	9	9	6	2	5	0	7	4	8	6	5	10	3	2	0	7	7	5	12	9	5	4	5	6	10	3	3	4	18	3	3	12	7	1	6	2	7	4	8	3	5	0	9	1	1	10	10	6	10	3	5	0	4	1	3	16	3	1	2	8	4	6	2	2	2	2	0	1	0	6	309	0	4	10	7	2	7	7	10	6	2	3	12	2	1	0	3	6	3	4	2	6	3	0	4	5	1	0	2	4	1	2	5	3	3	6	3	14	2	8
G[Ins(T):R(8,)]A	0	3	4	9	1	6	6	3	1	0	1	4	11	8	5	2	0	3	14	3	2	4	9	2	5	0	0	3	1	4	13	12	0	2	3	6	5	0	3	5	7	1	32	4	6	7	3	8	0	12	7	1	3	6	3	1	2	8	2	10	20	8	5	6	3	1	4	3	3	4	7	8	15	1	0	9	9	0	7	12	3	5	0	36	0	1	3	0	5	4	5	3	2	3	0	6	10	2	2	10	2	0	9	10	2	1	1	4	5	2	6	0	3	1	9	1	2	2	7	0	3	3	1	2	7	5	8	0	4	5	2	7	2	3	2	3	1	0	2	3	2	2	3	5	1	4	1	2	7	0	5	5	4	9	2	2	5	5	5	3	16	3	5	0	4	2	3	3	9	0	0	10	4	7	4	6	5	9	2	12	2	2	1	5	0	3	8	5	9	4	4	4	1	2	1	6	6	5	11	1	0	0	0	4	6	5	3	9	1	15	0	3	1	8	5	0	4	5	6	1	1	0	0	6	9	2	1	9	6	2	0	5	3	4	6	7	5	6	2	1	6	10	2	4	20	2	1	6	9	0	8	6	6	9	5	1	1	1	2	5	0	9	8	2	5	4	5	0	6	2	2	5	3	0	4	3	2	7	1	0	5	1	0	1	3	2	224	3	0	6	1	1	4	4	2	2	2	0	4	2	0	0	2	1	3	4	5	11	3	0	3	4	0	0	3	2	3	3	1	2	3	7	7	8	0	1
G[Ins(T):R(8,)]C	4	3	2	7	3	2	1	0	1	7	2	15	14	5	4	3	1	3	10	3	0	4	5	5	3	0	3	4	2	3	3	8	2	2	4	13	2	0	4	4	5	6	23	5	4	5	6	7	1	13	6	3	0	3	5	2	13	11	5	7	17	5	4	9	1	1	3	8	0	4	2	5	4	0	1	4	7	0	10	3	3	3	2	56	1	4	3	1	10	6	4	8	8	1	1	8	4	6	1	4	2	0	4	8	1	2	5	5	2	2	7	2	0	4	7	6	1	5	9	0	3	9	0	5	9	3	1	0	11	0	3	1	1	4	9	3	2	2	3	2	1	4	0	6	6	6	1	3	6	0	4	3	5	6	6	0	6	0	6	2	15	5	8	0	3	1	5	2	6	0	0	5	6	10	2	7	3	9	6	6	4	5	2	2	2	5	12	2	2	11	2	1	3	2	2	7	3	5	9	1	0	5	1	4	6	6	2	6	8	12	0	0	1	6	3	0	4	12	5	0	2	1	1	3	4	4	2	5	6	4	0	2	2	4	8	2	3	2	3	3	7	3	0	3	13	5	0	14	8	2	4	5	8	6	5	1	4	1	2	4	1	6	4	5	5	6	3	0	3	6	6	10	5	0	0	1	1	9	3	0	2	1	0	4	1	2	222	8	4	4	2	1	3	5	5	6	2	2	6	5	0	0	1	4	3	4	1	11	4	0	1	2	2	0	2	4	3	1	4	3	2	4	0	8	1	7
G[Ins(T):R(8,)]G	2	1	1	6	1	3	3	2	1	4	2	8	16	5	9	8	1	4	9	0	1	9	7	8	13	0	1	2	0	7	9	9	0	2	3	10	4	0	5	8	7	4	27	5	8	2	6	17	2	10	10	3	2	3	3	3	5	4	5	9	15	5	8	3	3	2	4	10	2	3	7	5	6	2	3	5	11	0	6	11	4	4	0	97	0	2	3	3	6	6	2	6	0	2	0	7	4	2	0	7	4	0	11	13	2	0	8	5	5	1	8	0	3	3	6	6	2	3	7	0	4	6	0	5	5	5	4	0	7	1	1	2	3	4	4	3	0	3	0	1	1	2	4	5	5	4	2	2	7	0	1	1	1	7	0	1	3	7	5	4	17	3	5	1	1	4	3	7	9	1	0	3	6	10	8	12	9	9	3	6	0	4	4	7	2	7	10	2	5	8	3	3	8	2	3	2	4	1	15	1	0	4	1	1	2	1	5	4	4	14	1	1	1	3	3	0	5	4	4	1	4	0	3	5	1	1	1	7	9	3	0	6	2	5	2	6	2	6	1	3	2	2	3	4	8	5	2	7	10	1	3	4	4	6	2	5	3	3	3	3	1	6	4	7	3	3	3	1	3	1	0	11	2	0	2	3	3	4	1	0	0	0	0	2	4	2	270	4	1	10	1	1	11	9	6	5	1	2	8	2	2	0	1	2	0	3	4	8	2	0	3	6	0	0	2	2	3	3	1	1	1	6	2	4	0	6
Del(2,4):R1	8	13	11	26	11	18	12	18	15	16	25	1	11	19	12	11	4	16	8	8	11	16	6	10	14	4	20	9	8	10	9	15	8	13	13	20	18	4	18	17	8	18	20	16	13	6	19	8	5	12	10	7	8	18	13	12	4	14	13	8	11	23	11	7	3	8	8	14	19	15	18	13	19	3	7	17	13	12	8	15	7	38	11	13	22	8	1	11	17	18	16	10	11	4	7	11	9	4	9	5	27	0	15	13	33	7	10	18	13	3	13	2	11	21	24	9	11	4	14	0	19	8	12	23	18	16	26	4	14	7	17	7	12	7	8	5	10	4	8	18	9	10	11	7	11	11	6	7	15	5	11	18	20	15	8	2	22	17	15	8	20	6	35	9	23	15	11	7	19	19	3	11	11	12	2	21	14	25	19	40	16	27	3	23	8	13	9	15	17	20	8	8	5	3	7	13	12	21	19	5	0	6	9	22	13	14	23	13	22	19	5	9	6	17	10	4	9	13	13	8	14	2	6	12	3	30	12	18	12	10	4	29	7	4	18	5	10	17	11	15	11	11	9	5	8	17	7	21	26	10	13	12	10	20	14	5	15	16	8	18	6	11	7	13	3	6	11	7	15	8	13	22	8	2	7	7	7	3	11	10	18	1	2	7	10	14	27	12	9	20	15	11	11	39	23	5	12	7	10	13	13	4	6	7	17	6	4	7	7	1	21	12	7	0	5	16	8	13	7	13	9	13	15	20	1	13
Del(5,):R1	17	23	20	75	52	23	41	27	22	23	195	13	25	32	29	23	9	32	14	9	22	21	17	28	35	16	54	18	11	29	6	22	21	12	55	27	37	3	35	13	25	65	31	29	30	12	27	5	24	38	13	12	20	32	14	31	10	17	25	13	10	42	19	18	14	27	8	35	27	20	39	31	38	7	10	31	17	16	15	20	22	44	6	20	24	17	11	31	26	36	19	27	9	22	10	35	23	29	13	14	43	2	41	30	233	15	78	28	29	16	24	7	22	25	67	20	23	9	23	0	56	23	9	39	36	24	34	5	53	13	33	26	22	10	16	18	21	20	18	26	16	13	33	34	30	5	6	14	18	5	20	33	26	37	29	16	66	27	32	22	26	25	90	10	61	39	24	15	29	13	5	18	29	36	12	36	26	63	27	38	19	55	21	60	4	31	21	19	37	27	14	3	25	15	21	49	37	44	24	8	4	18	20	21	23	34	45	24	55	32	8	22	6	32	24	13	20	29	48	17	13	5	21	39	9	70	27	40	42	15	2	40	24	17	34	10	64	23	25	25	40	20	15	6	7	20	14	27	53	25	25	34	15	19	38	24	36	29	38	48	12	25	25	26	7	22	18	9	19	26	25	56	13	6	27	10	33	17	12	8	28	11	1	8	17	36	24	38	17	21	22	19	32	189	44	12	33	17	42	51	50	7	24	12	26	18	40	16	24	7	26	30	16	5	18	12	17	35	12	16	18	25	28	62	10	20
Del(2,8):U(1,2):R(2,4)	13	13	13	19	10	19	17	16	18	14	21	5	20	13	9	14	4	17	12	9	8	22	13	24	22	6	21	19	2	15	7	18	10	7	14	11	22	3	23	17	16	29	29	19	19	7	11	6	9	22	8	10	6	24	3	14	12	19	15	11	6	21	11	4	5	14	10	19	26	7	21	21	21	2	10	7	18	12	9	17	12	27	12	99	30	10	4	11	15	17	7	16	6	7	4	21	13	15	8	6	18	1	18	12	20	5	13	14	8	7	14	8	11	12	21	12	9	6	12	1	19	15	33	16	17	14	12	4	15	0	8	18	5	17	11	7	8	5	11	11	4	8	18	14	14	9	9	9	7	6	11	10	19	22	8	7	20	13	19	2	15	7	38	13	18	15	18	14	14	10	5	8	12	12	4	24	13	42	20	27	13	21	9	17	3	14	7	14	22	22	12	8	11	3	5	11	16	19	17	6	0	6	6	15	14	25	17	16	17	24	5	13	2	11	13	2	17	7	23	7	10	6	15	20	13	20	16	14	16	11	2	19	13	8	18	9	17	13	16	14	18	13	15	5	4	13	11	29	24	7	15	12	4	9	22	6	17	8	11	13	6	17	12	23	11	12	14	5	11	13	10	35	4	6	14	7	9	20	9	10	17	6	0	9	10	17	194	17	13	16	7	5	10	29	27	8	22	7	10	14	7	4	14	10	16	6	16	13	9	1	23	14	6	2	8	10	7	34	4	10	13	15	16	24	10	22
Del(2,):U(1,2):R(5,)	0	1	4	6	2	4	4	2	7	1	5	1	3	6	1	6	0	4	2	0	4	9	2	8	6	0	6	6	1	2	0	1	1	3	2	6	4	0	2	6	2	5	13	6	2	6	2	2	2	10	5	4	1	2	2	6	2	3	1	4	2	7	1	1	1	4	2	4	2	5	2	4	3	0	3	4	2	0	3	2	2	4	1	68	8	1	1	4	3	6	7	3	4	1	1	3	8	6	3	1	2	1	2	7	6	1	1	6	2	3	3	0	3	0	6	2	6	0	2	0	3	3	0	4	5	2	4	1	4	0	3	2	3	1	5	3	3	2	3	2	3	2	2	5	2	6	2	5	3	0	6	1	4	5	3	1	6	1	8	2	4	2	12	0	4	3	4	0	2	2	2	6	3	3	3	2	5	6	2	1	3	6	1	6	1	2	11	3	3	5	3	0	1	0	1	3	4	5	4	3	0	5	4	8	2	2	5	3	3	5	1	3	2	3	3	0	2	2	4	3	7	2	2	6	1	9	3	6	3	1	0	2	1	5	5	1	2	4	3	1	4	1	2	0	2	5	2	2	5	1	4	1	6	6	5	2	1	4	2	3	1	3	4	3	2	5	4	1	4	3	3	5	2	1	5	0	2	2	5	1	3	0	0	1	2	4	316	7	2	2	2	1	4	10	6	1	1	2	1	6	5	1	4	1	3	2	4	1	2	1	5	2	1	1	1	3	5	2	1	1	4	2	2	1	5	6
Del(3,):U(3,):R2	13	7	11	16	9	14	8	16	9	9	15	9	16	11	7	20	10	23	12	6	13	9	11	20	21	1	14	8	15	12	5	12	5	10	20	18	7	5	18	5	17	22	19	5	17	6	13	6	8	15	10	7	11	5	7	9	2	6	11	10	8	13	9	10	7	7	6	10	10	6	13	12	9	5	6	4	13	6	21	10	4	17	7	27	6	7	7	12	19	9	10	11	14	3	2	10	16	7	8	11	9	0	11	13	20	5	11	13	23	8	15	2	13	8	13	9	8	5	7	0	5	13	7	21	20	8	10	1	17	5	12	15	10	7	20	12	6	8	10	10	8	9	14	8	6	5	3	10	15	5	19	13	5	11	13	5	14	8	15	9	14	7	14	6	16	14	11	10	12	5	6	19	12	7	10	13	14	35	17	16	8	12	9	14	8	10	12	13	17	11	7	9	14	5	10	14	12	11	18	10	0	9	7	6	11	13	17	10	18	19	2	6	9	11	14	0	6	5	12	4	6	3	11	14	6	14	11	18	15	11	3	19	5	16	13	4	17	14	6	9	13	13	7	7	11	16	8	11	11	8	19	15	9	15	14	9	11	8	12	17	2	12	15	7	13	13	8	8	9	12	13	21	5	2	6	5	9	9	8	7	8	8	2	6	4	9	105	17	16	9	6	12	9	25	18	7	13	3	20	14	10	7	6	7	8	8	2	12	11	0	16	8	10	0	5	7	13	12	12	7	11	6	14	17	2	8
Del(3,):U(3,):R(3,)	0	1	3	2	0	2	2	3	0	4	10	8	11	6	9	8	0	5	3	2	1	7	2	10	3	1	7	8	8	5	3	4	1	0	4	10	4	4	8	6	1	2	8	5	6	2	7	0	0	5	3	4	5	0	3	2	2	3	3	5	0	6	1	1	2	7	2	3	2	5	6	4	4	2	7	3	7	1	3	4	3	3	6	27	3	6	3	2	3	5	3	4	3	4	2	6	2	4	3	2	7	0	4	3	2	1	2	9	4	2	4	3	3	4	0	1	0	1	4	0	3	5	2	5	4	2	1	0	7	1	9	4	0	0	5	3	2	3	0	3	2	2	3	4	3	4	4	5	1	1	2	6	6	8	4	3	3	4	2	5	7	1	3	1	3	2	5	2	3	2	3	4	6	5	1	9	5	10	8	4	4	2	4	4	1	4	2	5	7	2	4	1	2	2	1	4	6	6	6	2	1	5	3	4	2	3	6	3	4	6	1	4	1	1	0	0	4	3	4	4	2	1	4	7	0	4	3	4	4	3	0	6	3	3	3	4	4	9	3	4	8	3	4	1	3	6	2	1	0	2	5	3	6	5	2	3	5	5	5	7	2	12	4	1	6	4	3	0	6	3	6	13	2	0	1	4	2	6	3	2	4	0	0	1	1	5	73	4	4	4	3	1	4	5	2	2	3	0	3	5	5	0	3	1	1	6	8	7	5	2	4	4	0	0	3	1	3	7	4	4	6	4	1	4	3	2
Ins(2,4):R0	0	0	2	6	3	4	3	3	2	1	5	2	9	6	5	0	0	2	2	1	3	4	5	2	6	0	5	2	2	6	0	5	4	1	2	2	2	1	3	4	3	9	4	3	1	3	1	1	4	8	3	2	3	1	1	5	1	4	2	3	0	5	6	4	2	7	2	2	5	5	4	9	3	0	0	0	2	1	3	4	1	3	3	6	1	2	2	3	4	2	2	1	1	2	0	3	2	1	0	1	4	0	2	4	11	2	3	2	4	3	2	1	8	2	8	2	2	2	1	0	6	0	1	4	1	2	3	1	5	3	5	3	2	6	8	2	2	5	3	6	1	1	5	2	2	8	3	1	3	0	2	6	4	5	2	0	9	4	6	1	5	2	9	2	3	1	1	1	3	1	0	1	2	5	3	2	8	4	2	5	0	4	2	6	0	3	8	2	4	2	1	0	0	3	1	5	3	4	1	0	0	1	1	2	2	7	5	3	23	7	0	5	0	1	0	0	2	2	6	0	2	1	2	2	1	2	4	3	5	0	0	5	1	1	8	1	7	3	1	2	1	1	1	3	3	3	0	2	6	3	2	0	2	3	4	3	4	2	2	5	0	5	1	3	1	3	2	1	4	2	1	5	0	1	0	0	2	5	1	1	3	0	0	2	2	3	16	2	3	4	3	3	4	3	4	1	1	1	3	5	4	0	1	1	2	0	0	2	6	0	2	3	0	0	1	0	1	3	1	1	2	2	2	5	0	1
Ins(5,):R0	3	4	1	4	0	5	2	1	6	1	6	3	2	1	2	6	1	0	0	0	1	1	1	3	0	0	1	0	3	4	0	3	1	2	5	2	3	0	1	11	5	5	1	3	1	1	3	0	1	5	3	0	1	4	0	2	4	3	0	2	0	2	1	1	0	0	0	1	5	4	5	4	2	0	2	0	1	3	3	1	1	5	1	1	0	0	0	3	5	1	0	0	0	0	0	0	2	1	0	0	1	0	4	2	8	1	7	4	7	2	3	0	2	2	1	1	3	0	0	1	1	4	0	2	3	3	6	0	3	1	1	1	2	1	5	0	0	3	1	3	1	1	1	1	3	2	0	0	3	0	1	1	2	3	5	0	2	2	3	0	3	0	4	2	4	0	0	0	0	1	0	0	0	1	2	1	6	3	2	2	2	2	2	1	0	3	3	3	1	0	0	1	0	0	2	1	5	1	0	0	0	0	1	2	1	1	3	1	34	2	1	1	0	0	4	0	1	2	3	1	0	0	2	3	1	2	0	4	2	2	0	0	1	3	2	3	1	0	0	0	1	1	0	2	2	2	2	2	2	1	1	4	1	2	0	2	3	1	1	6	0	1	3	2	0	0	4	1	3	2	2	2	0	0	3	1	2	0	1	0	4	0	0	0	3	4	4	0	0	2	1	1	0	5	4	1	1	0	2	0	2	0	0	1	2	1	4	2	1	1	2	0	0	0	0	0	2	0	1	0	1	1	0	2	1	2
Ins(2,4):R1	7	1	5	9	6	7	9	4	5	2	18	2	11	3	3	7	1	7	11	3	2	5	4	10	6	1	7	7	1	7	3	8	6	1	2	17	4	1	6	5	14	23	6	8	8	5	2	1	10	8	3	2	3	1	6	2	5	5	2	2	4	12	3	1	2	4	6	7	8	5	12	2	7	1	4	12	8	1	6	9	1	6	2	4	7	4	4	6	7	2	5	7	5	1	1	10	6	5	4	7	8	0	10	7	21	0	3	5	8	2	6	3	6	4	12	5	2	1	8	0	4	3	2	10	9	14	13	0	8	1	9	3	1	3	6	1	5	2	4	8	3	4	7	6	6	1	3	4	6	1	2	10	10	10	2	2	13	8	5	6	14	5	12	4	17	2	8	2	4	4	4	9	6	9	2	6	13	12	7	7	5	7	1	8	7	6	3	5	9	6	2	3	2	4	1	3	6	4	5	4	1	0	5	6	8	17	9	9	4	9	1	4	2	5	6	0	6	3	3	3	3	0	6	6	5	8	3	5	4	4	1	7	4	3	6	5	6	4	3	5	3	3	2	2	2	9	4	3	7	7	12	3	5	9	7	3	8	1	3	7	3	7	2	5	3	1	1	0	5	4	3	10	3	2	6	4	6	6	5	2	8	2	0	10	7	9	14	5	1	6	3	5	7	8	7	5	1	2	6	5	5	2	5	3	8	4	5	1	2	0	7	12	0	1	2	7	4	4	3	4	2	4	8	10	5	8
Ins(5,):R1	6	9	9	4	10	12	14	10	12	5	38	1	15	13	8	9	0	5	7	3	4	10	10	11	11	2	18	7	2	6	6	14	3	6	4	29	5	0	4	15	14	17	6	2	11	6	10	6	4	9	7	3	5	6	1	10	13	10	6	10	9	15	2	2	7	13	13	15	8	7	25	13	8	1	9	11	6	6	5	27	6	12	9	2	5	5	1	7	5	7	1	6	6	6	4	19	3	6	3	9	5	0	7	15	54	6	13	8	10	5	7	4	15	9	14	10	4	3	3	0	13	7	3	8	12	15	19	0	8	4	16	5	6	1	7	4	5	1	10	8	8	3	5	10	8	4	4	9	10	3	5	9	13	13	3	3	8	10	11	6	29	6	25	2	20	5	1	3	9	7	2	12	6	11	9	13	13	25	12	16	8	5	7	14	2	6	8	5	10	8	5	4	7	4	5	11	4	12	11	4	0	3	11	7	4	20	9	11	8	20	3	5	3	13	8	1	13	10	13	5	6	0	11	10	3	16	6	11	7	2	0	6	5	8	10	7	7	15	9	7	16	6	7	1	6	29	6	11	8	7	10	4	10	10	13	8	7	2	6	7	2	7	6	7	6	2	4	5	5	5	11	17	6	2	9	3	6	9	11	5	20	0	2	6	7	15	7	10	4	9	7	7	12	39	8	4	4	7	16	12	11	1	2	2	10	6	7	5	4	0	9	12	8	2	3	7	8	12	3	3	6	8	8	16	3	13
Ins(2,):R(2,4)	2	2	1	6	6	6	3	7	4	2	15	4	6	4	2	6	1	5	5	4	4	2	4	4	3	1	4	2	1	8	0	5	4	4	6	6	1	1	6	10	5	5	8	11	2	3	4	4	2	4	3	3	2	1	0	5	1	7	4	4	5	9	2	0	3	8	3	5	2	4	6	7	5	1	7	4	8	0	3	3	6	9	3	39	4	3	2	2	10	4	1	2	5	2	0	9	6	4	1	2	4	0	6	4	10	1	6	7	4	1	5	1	4	4	10	4	4	3	4	1	3	7	1	2	10	4	7	0	5	2	4	3	3	0	4	8	1	2	4	4	4	6	33	1	2	4	4	2	2	2	2	7	7	3	3	1	6	4	5	4	14	7	13	0	6	6	5	0	4	3	0	6	6	9	2	7	5	10	4	3	7	4	1	6	1	7	9	4	4	7	2	2	5	2	4	3	6	4	3	3	0	5	3	1	8	11	2	4	10	6	0	5	3	7	5	2	8	2	7	4	2	2	3	6	2	9	4	13	5	3	3	7	4	4	5	2	6	5	5	5	3	3	3	1	2	3	3	8	10	4	3	7	1	4	7	2	5	3	0	2	5	4	4	0	5	5	2	1	5	3	6	7	2	1	4	3	6	10	5	4	8	3	0	4	5	5	127	4	2	7	4	4	6	14	6	5	0	4	4	4	5	1	5	4	3	3	0	1	5	1	7	9	1	1	5	2	7	5	1	7	3	9	5	11	1	5
Ins(2,):R(5,)	3	1	3	6	6	1	1	5	7	1	4	11	15	7	5	3	0	3	4	5	0	4	1	4	4	1	3	1	1	6	4	3	1	5	1	4	2	0	4	19	8	3	13	4	6	6	4	8	4	8	3	2	3	3	0	6	5	8	5	4	18	7	4	2	1	1	1	3	7	5	5	7	0	1	4	2	7	3	4	12	4	3	2	97	7	2	0	1	3	4	1	5	7	3	1	8	6	4	2	6	2	0	9	7	3	3	6	4	4	0	13	1	2	3	4	1	5	3	2	1	2	6	0	6	7	4	8	0	9	2	6	4	3	3	5	4	1	3	3	3	2	4	18	2	2	4	0	2	2	0	3	2	4	7	1	3	7	7	4	1	29	10	3	1	4	4	5	0	7	4	2	4	2	5	3	7	6	11	6	2	3	1	3	4	0	4	21	6	3	6	6	9	3	3	3	3	5	4	7	3	1	2	1	0	7	2	4	5	9	14	0	3	1	6	3	3	3	4	4	1	7	0	3	4	5	6	6	9	2	3	0	5	5	2	9	5	10	4	2	2	2	6	4	3	11	0	3	5	4	5	8	3	8	4	1	0	1	1	3	1	2	11	5	1	3	5	4	0	3	3	2	7	1	2	2	6	3	2	1	2	4	1	0	0	1	1	522	5	3	4	3	1	4	6	12	4	3	1	2	2	5	0	3	3	5	0	5	4	2	1	3	5	2	0	0	2	4	3	6	1	3	6	3	10	1	2
Del(2,5):M1	6	12	24	20	16	7	14	17	14	12	22	9	11	9	10	7	2	14	14	7	6	8	11	15	15	9	21	14	9	13	2	14	2	7	19	17	18	3	31	11	12	22	23	9	12	5	12	4	6	5	11	4	11	18	13	18	6	8	11	11	13	20	11	3	8	23	7	14	18	8	15	8	15	4	8	9	11	4	5	10	7	20	10	23	13	6	3	7	16	19	9	13	7	11	7	6	13	13	6	8	13	3	18	10	37	7	15	16	15	6	12	1	14	16	16	9	8	12	15	1	17	12	18	9	17	8	17	0	18	7	10	14	11	8	13	4	4	9	12	8	9	13	9	9	8	8	2	13	9	2	12	19	18	12	11	6	14	11	9	7	16	14	24	10	13	7	12	5	23	8	5	12	15	18	7	23	13	21	16	19	17	14	6	28	6	6	15	11	24	9	9	6	10	4	8	13	9	19	18	8	0	10	8	12	6	14	9	17	20	12	7	15	2	9	9	7	10	14	23	5	11	5	9	26	7	15	13	7	16	5	2	24	16	8	11	6	13	12	14	6	15	13	16	4	6	9	10	9	27	4	14	15	11	16	18	1	16	11	9	17	6	5	10	11	7	9	13	5	9	9	18	22	9	2	19	6	13	10	7	7	9	5	2	7	14	15	44	8	10	7	21	8	10	45	28	7	14	6	11	19	12	6	10	5	10	6	13	4	10	4	6	14	7	1	8	5	12	22	2	17	4	10	16	23	2	8
Del(3,5):M2	5	10	3	14	7	7	5	5	9	10	14	5	8	12	9	6	2	13	12	5	7	10	6	14	8	4	8	10	12	14	6	7	8	9	33	18	9	2	15	6	8	18	10	3	4	5	9	2	5	12	6	6	9	12	4	11	9	4	10	9	14	19	9	9	5	9	3	8	20	8	15	11	3	0	13	9	9	5	5	5	1	12	7	29	7	6	5	5	4	4	4	6	6	11	2	9	7	9	8	5	8	1	14	12	15	1	14	8	6	2	10	4	10	8	9	8	3	8	10	1	9	7	0	11	9	9	8	2	12	6	7	8	8	7	12	4	4	8	7	11	7	7	8	8	6	5	4	5	2	0	7	10	8	14	8	5	14	10	7	6	19	2	15	9	12	10	9	6	9	4	3	10	5	11	3	15	13	28	7	14	7	13	2	8	2	11	12	9	8	8	5	2	6	4	4	10	5	9	9	5	3	6	3	8	8	13	6	10	22	12	1	7	1	6	4	2	8	8	8	7	5	3	10	6	6	13	13	11	8	5	5	12	13	9	9	5	9	7	7	6	8	7	9	5	6	16	4	13	5	10	12	6	5	6	6	6	4	8	10	9	6	11	14	14	6	4	7	4	10	6	5	19	5	2	3	6	9	3	4	8	6	1	0	5	5	5	55	10	4	5	2	3	6	27	10	4	6	5	12	5	9	1	6	4	11	5	8	4	5	1	12	10	7	2	4	7	12	8	5	5	5	6	11	9	5	8
Del(4,5):M(3,4)	2	8	5	5	2	2	7	6	3	3	9	3	6	5	8	8	3	5	5	5	2	3	0	2	4	1	11	5	9	6	2	7	4	4	13	5	3	3	3	2	8	8	5	2	7	4	2	1	3	9	1	2	4	5	5	4	3	5	2	4	3	7	2	3	5	5	3	3	4	2	3	3	4	0	0	3	5	3	4	5	5	6	2	16	10	1	1	5	1	4	3	7	2	2	0	5	8	6	2	5	8	0	4	7	12	3	10	4	4	6	4	2	6	7	7	6	2	4	7	1	6	3	0	5	7	2	3	0	4	3	2	6	3	7	9	4	6	3	7	3	4	5	5	6	3	2	1	5	4	0	5	13	2	10	5	2	5	9	5	5	5	3	3	0	4	12	2	2	5	2	2	8	7	2	2	2	10	17	7	11	4	9	3	8	3	2	2	7	6	4	0	2	3	1	4	4	4	6	5	2	0	8	3	7	3	5	3	5	13	10	1	1	1	5	1	2	2	2	5	4	2	3	3	6	2	9	5	10	6	3	4	6	1	7	5	2	8	8	3	6	10	0	4	1	2	6	8	7	4	5	2	2	2	4	3	2	5	7	5	8	5	4	1	9	3	1	6	3	2	2	4	9	4	1	4	5	4	3	2	5	8	2	0	2	2	2	26	1	5	8	3	6	8	24	8	2	4	0	4	6	8	1	4	0	7	5	5	6	1	0	1	5	7	2	0	2	2	4	5	3	5	3	3	5	4	6
Del(6,):M1	11	9	11	29	28	30	27	25	23	14	150	5	22	22	11	15	6	18	7	16	11	18	19	25	21	12	30	13	4	24	7	30	17	10	58	36	24	2	23	14	20	54	28	26	31	14	12	8	12	21	12	15	11	18	6	39	9	16	17	15	6	17	15	13	13	18	20	34	32	20	23	24	31	3	15	26	17	10	14	20	14	43	7	12	22	14	5	26	30	35	10	28	13	16	11	26	21	15	13	5	43	0	29	22	181	16	79	22	20	13	15	3	23	14	37	17	18	9	16	0	49	15	6	31	41	21	25	2	46	8	28	17	17	11	17	11	16	9	8	39	10	12	41	22	11	7	7	18	17	3	11	32	26	31	23	21	53	21	23	13	26	18	80	9	51	36	25	2	31	22	11	17	27	23	9	31	34	81	23	30	16	41	15	46	3	23	21	14	27	17	6	8	21	9	14	43	40	26	28	7	0	10	15	25	18	25	31	12	56	27	4	25	4	12	18	10	13	17	49	11	15	0	13	33	10	43	18	24	28	15	8	30	27	13	23	10	51	27	15	19	30	14	19	4	10	13	8	17	29	12	20	33	15	24	25	24	35	18	28	32	11	22	11	19	6	28	16	5	17	20	13	43	11	4	16	5	20	10	13	14	19	8	2	10	13	32	9	33	18	18	16	12	29	152	31	14	18	19	32	25	40	5	13	7	21	9	29	17	22	6	34	17	9	3	7	17	20	32	13	20	6	20	20	47	6	23
Del(6,):M2	8	7	9	25	19	20	12	19	18	12	105	8	23	19	9	18	3	16	6	15	7	15	10	29	19	7	22	13	5	16	5	10	13	4	101	13	17	0	22	14	11	30	12	12	20	12	16	6	10	14	9	6	11	8	13	25	8	8	15	5	6	26	13	15	1	18	10	30	23	11	15	19	16	4	12	15	16	8	5	14	12	27	12	12	11	8	4	20	23	18	8	8	10	9	4	13	18	11	14	10	17	1	23	10	143	10	43	13	10	9	11	4	18	7	32	11	6	3	9	0	33	15	5	16	23	14	13	1	28	6	13	7	7	5	12	9	10	11	10	23	13	6	41	17	11	10	7	5	7	1	10	17	12	18	11	14	37	17	13	8	21	13	50	8	34	24	7	7	21	8	4	17	13	29	5	18	17	93	10	25	16	46	10	27	2	21	16	4	27	11	9	6	19	7	5	26	23	27	13	8	0	9	6	16	12	28	24	16	39	29	3	20	1	13	17	7	13	16	34	7	15	4	14	15	14	33	24	16	19	11	9	16	13	13	23	6	52	23	9	11	16	11	10	3	8	10	6	10	31	15	13	22	7	19	19	12	25	12	17	18	4	13	5	21	5	11	8	5	12	16	7	53	3	4	10	4	12	7	5	9	11	6	2	8	11	11	14	22	8	13	4	8	26	136	23	7	13	8	24	33	22	2	18	7	17	7	26	11	11	5	15	15	6	0	7	5	12	21	9	13	17	15	22	27	8	16
Del(6,):M3	4	5	7	8	6	4	9	8	15	5	55	6	13	11	9	8	4	10	3	10	4	10	8	19	13	3	10	7	3	11	3	7	3	3	87	7	9	2	15	6	5	16	14	8	11	11	7	2	3	6	6	0	6	10	6	8	4	7	4	8	1	10	3	6	3	7	1	14	24	4	9	14	11	3	10	19	10	3	4	11	2	8	7	3	3	10	3	5	8	11	2	13	5	8	3	12	6	6	6	3	6	1	13	8	61	6	24	5	10	3	8	0	8	5	14	7	5	1	3	0	20	7	3	10	13	4	12	0	11	5	20	7	4	1	4	1	3	9	5	15	7	3	15	11	3	1	1	4	8	0	6	11	7	6	11	11	17	5	6	3	8	7	26	2	15	5	14	5	9	1	4	10	10	15	4	13	22	51	9	17	12	26	1	17	4	10	10	6	9	4	4	4	3	1	5	11	15	20	7	2	0	4	7	6	9	12	9	7	30	13	2	9	4	9	15	1	8	13	18	5	3	0	7	11	3	21	10	10	6	5	2	16	17	1	6	1	21	11	10	9	7	9	3	2	2	2	4	6	10	5	7	11	5	10	7	2	22	6	12	11	4	9	4	7	4	8	4	5	4	2	9	32	5	3	7	5	8	4	7	3	11	3	0	5	5	12	7	9	10	4	8	5	7	93	4	3	6	1	9	26	17	1	4	4	10	2	12	5	6	1	8	9	7	1	3	3	7	10	1	6	4	7	8	17	2	13
Del(6,):M(4,)	4	8	8	26	9	8	8	4	7	7	45	14	15	12	10	10	3	18	3	5	3	6	8	17	10	3	13	10	7	7	5	6	5	6	82	11	8	1	19	6	9	18	12	9	17	12	5	1	7	17	5	7	6	8	6	13	3	4	3	11	8	12	5	11	3	5	6	8	17	8	16	9	11	3	7	16	9	8	8	13	6	15	4	8	14	4	0	6	10	12	3	18	7	8	3	15	2	5	4	3	10	2	7	13	49	7	21	3	13	2	7	3	12	6	8	2	4	2	6	0	17	5	8	8	12	7	8	2	11	3	11	10	2	3	5	5	3	5	4	8	3	3	26	10	7	12	2	5	9	3	3	5	13	6	11	5	12	11	4	4	11	5	33	1	17	4	10	10	14	2	1	6	12	9	6	10	21	72	10	12	7	24	5	7	4	17	11	9	10	5	4	2	2	2	7	17	12	14	7	5	1	6	4	7	9	9	21	7	43	14	1	3	1	5	10	3	8	9	11	2	3	4	3	8	9	14	15	18	6	6	1	13	9	4	7	10	6	10	5	13	7	4	8	3	2	7	2	5	13	4	4	19	3	5	12	7	18	7	9	13	2	7	7	10	2	7	3	2	2	7	10	39	3	2	12	5	2	4	4	6	10	0	1	1	4	8	11	11	5	7	4	6	7	74	6	1	9	3	13	27	12	0	6	1	9	6	11	10	6	1	11	10	2	1	8	6	7	8	4	4	2	9	3	15	1	7
Complex	0	0	0	0	0	0	0	0	0	0	0	0	0	0	0	0	0	0	0	0	0	0	0	0	0	0	0	0	0	0	0	0	0	0	0	0	0	0	0	0	0	0	0	0	0	0	0	0	0	0	0	0	0	0	0	0	0	0	0	0	0	0	0	0	0	0	0	0	0	0	0	0	0	0	0	0	0	0	0	0	0	0	0	0	0	0	0	0	0	0	0	0	0	0	0	0	0	0	0	0	0	0	0	0	0	0	0	0	0	0	0	0	0	0	0	0	0	0	0	0	0	0	0	0	0	0	0	0	0	0	0	0	0	0	0	0	0	0	0	0	0	0	0	0	0	0	0	0	0	0	0	0	0	0	0	0	0	0	0	0	0	0	0	0	0	0	0	0	0	0	0	0	0	0	0	0	0	0	0	0	0	0	0	0	0	0	0	0	0	0	0	0	0	0	0	0	0	0	0	0	0	0	0	0	0	0	0	0	0	0	0	0	0	0	0	0	0	0	0	0	0	0	0	0	0	0	0	0	0	0	0	0	0	0	0	0	0	0	0	0	0	0	0	0	0	0	0	0	0	0	0	0	0	0	0	0	0	0	0	0	0	0	0	0	0	0	0	0	0	0	0	0	0	0	0	0	0	0	0	0	0	0	0	0	0	0	0	0	0	0	0	0	0	0	0	0	0	0	0	0	0	0	0	0	0	0	0	0	0	0	0	0	0	0	0	0	0	0	0	0	0	0	0	0	0	0
