MutationType	CPCT02020307T	CPCT02020333T	CPCT02080024T	CPCT02030259TII	CPCT02040038T	CPCT02030250T	CPCT02050058T	CPCT02020393T	CPCT02030280T	CPCT02030278T	CPCT02100030T	CPCT02060056T	CPCT02030296T	CPCT02060046T	CPCT02130056T	CPCT02180051T	CPCT02070434T	DRUP01210006T	CPCT02020659T	CPCT02080191T	CPCT02330084T	CPCT02360009T	CPCT02060196T	CPCT02290028T	CPCT02030455T	CPCT02080198T	CPCT02010679T	CPCT02100152T	CPCT02070465T	CPCT02040224T	DRUP01060007T	CPCT02040223T	CPCT02270023T	CPCT02220079T	CPCT02230082T	CPCT02090043T	CPCT02130051T	CPCT02030259TIII	DRUP01020026T	CPCT02210046T	CPCT02120120T	WIDE01010205T	CPCT02340080T	WIDE01010216T	CPCT02130087T	WIDE01010264T	CPCT02130085T	WIDE01010292T	WIDE01010277T	CPCT02120118T	WIDE01010301T	CPCT02220045T	CPCT02130093T	CPCT02030482T	CPCT02030477T	CPCT02370026T	WIDE01010385T	WIDE01010397T	WIDE01010414T	WIDE01010420T	CPCT02270031T	CPCT02120132T	DRUP01010084T	CPCT02020741T	CPCT02020740T	CPCT02030492T	CPCT02070349T	CPCT02070348T	CPCT02060226T	CPCT02230111T	CPCT02080236T	CPCT02030498T	DRUP01050029T	CPCT02030505T	CPCT02120149T	CPCT02070358T	CPCT02060168T	CPCT02030509T	CPCT02210066T	CPCT02030495T	CPCT02060251T	CPCT02380049T	CPCT02300049T	CPCT02140079T	CPCT02110074T	CPCT02210065T	CPCT02120153T	CPCT02110078T	CPCT02030517T	CPCT02020466T	CPCT02070397T	CPCT02050203T	CPCT02020572T	CPCT02060142T	CPCT02230050T	CPCT02070222T	CPCT02010646T	CPCT02070418T	CPCT02080160T	CPCT02100112T	CPCT02100119T	CPCT02340032T	CPCT02020513T	CPCT02180025T	CPCT02120022T	CPCT02020516T	CPCT02060089T	CPCT02090018T	CPCT02060094T	CPCT02120028T	CPCT02090019T	CPCT02060105T	CPCT02020544T	CPCT02060110T	CPCT02030355T	CPCT02040127T	CPCT02070190T	CPCT02090020T	DRUP01020004T	CPCT02060120T	CPCT02070210T	CPCT02040144T	CPCT02040143T	CPCT02020593T	CPCT02180005T	CPCT02030299T	CPCT02020420T	CPCT02030303T	CPCT02070058T	CPCT02040050T	CPCT02020434T	CPCT02220006T	DRUP01140003T	CPCT02020459T	CPCT02330021T	CPCT02110016T	CPCT02330023T	CPCT02040095T	CPCT02160017T	CPCT02080093T	CPCT02060088T	CPCT02290021T	CPCT02340042T	CPCT02040192T	CPCT02300026T	CPCT02450007T	CPCT02170020T	CPCT02030440T	CPCT02190003T	WIDE01010536T	WIDE01010554T
1:Del:C:0	32	60	34	42	37	46	39	31	85	56	72	28	39	8	27	19	80	41	11	75	20	43	17	22	30	8	4	109	60	45	6	28	36	36	30	4	31	33	48	28	21	62	11	12	56	23	41	3	11	4	22	132	16	26	12	15	74	8	46	265	14	10	47	49	37	69	36	53	37	30	44	40	21	30	25	38	9	37	31	9	5	15	9	8	24	81	41	50	26	43	16	53	61	36	107	8	20	21	40	16	61	22	6	102	28	49	18	34	8	27	55	36	34	6	21	46	22	6	6	72	46	118	24	36	36	49	13	40	32	27	49	93	10	35	7	11	14	44	106	14	5	35	32	39	81	52	54	56	78	6	12
1:Del:C:1	15	28	20	18	20	21	29	17	37	25	39	14	31	5	11	10	34	23	5	34	7	20	8	13	17	10	3	36	35	19	4	18	18	28	16	8	21	16	19	11	5	27	9	24	20	9	15	2	5	2	3	59	8	15	8	7	27	8	28	101	10	5	26	18	22	48	20	24	21	13	10	32	15	20	17	16	11	10	22	9	1	11	7	6	12	38	21	26	12	20	9	26	27	11	73	13	14	19	36	8	28	13	3	38	12	16	6	15	5	10	41	16	26	4	11	24	12	0	3	21	20	37	9	15	18	31	3	25	22	13	29	48	5	15	7	6	15	15	42	4	5	15	17	15	36	18	26	25	29	0	8
1:Del:C:2	5	15	11	16	8	9	10	6	17	16	8	9	7	3	10	4	20	14	2	9	3	16	1	3	9	1	4	14	17	12	4	10	7	10	10	3	4	15	14	9	3	8	1	10	13	3	7	2	4	1	8	19	4	12	5	2	14	5	12	48	1	1	11	12	15	15	14	15	12	6	12	17	8	17	3	5	3	11	14	2	6	4	4	5	8	12	8	13	4	11	5	10	6	10	25	5	2	2	12	10	7	9	4	28	9	13	3	10	3	6	26	8	8	2	7	10	4	1	1	15	13	27	8	9	7	13	1	10	8	10	6	20	3	7	4	4	5	12	22	2	2	7	12	10	11	11	10	13	13	0	6
1:Del:C:3	2	12	4	3	3	5	5	4	7	11	8	3	7	1	7	3	11	7	5	7	4	8	2	2	8	1	1	12	10	4	2	5	6	11	4	2	6	3	10	3	2	8	2	11	9	1	10	0	4	3	5	12	7	5	0	2	5	7	6	26	0	7	9	6	6	6	13	4	0	3	2	8	2	4	4	4	3	5	6	3	0	5	2	1	1	10	4	8	4	11	3	9	7	3	16	3	2	2	8	3	6	10	1	9	11	4	3	3	3	6	8	5	4	1	4	7	5	0	2	8	11	10	2	1	4	12	2	4	1	2	4	13	4	5	3	0	1	3	8	0	2	2	5	3	8	7	6	10	12	1	1
1:Del:C:4	1	7	7	4	5	3	5	2	5	9	8	1	2	0	2	4	10	5	1	6	2	6	1	1	5	0	2	6	8	6	1	4	7	5	4	1	9	2	5	2	1	5	2	4	3	1	4	0	2	0	2	13	1	4	1	0	8	2	3	19	1	3	8	1	3	8	4	6	4	1	5	9	4	6	7	6	0	3	2	3	2	3	1	1	0	12	6	6	0	3	1	10	9	1	11	1	1	2	5	0	9	2	2	8	1	2	3	4	2	4	8	1	6	2	0	0	3	0	2	8	7	11	5	6	4	5	2	8	5	2	3	12	1	4	2	2	1	3	8	1	2	2	0	1	2	1	5	5	7	0	1
1:Del:C:5	2	5	5	4	4	3	8	7	6	3	5	3	4	1	5	2	5	3	1	10	3	8	0	5	6	0	1	10	9	4	1	6	7	7	3	2	3	2	6	6	0	3	3	6	6	0	4	3	4	3	5	9	1	5	2	0	5	4	4	16	1	3	6	2	10	7	10	5	9	1	5	3	4	4	1	5	0	1	3	0	0	1	1	0	4	9	2	4	5	6	1	4	3	3	7	1	5	3	5	4	7	4	0	3	1	8	8	3	4	7	4	2	2	0	2	4	3	1	4	15	11	7	2	7	12	5	0	2	3	2	5	10	5	5	1	0	2	6	7	0	4	3	9	0	6	5	6	4	8	0	1
1:Del:T:0	20	33	20	18	20	23	27	20	35	25	27	19	20	10	17	12	42	34	10	28	11	25	9	16	20	6	13	31	43	39	6	23	17	20	24	7	22	18	30	13	11	32	11	17	23	13	15	5	4	7	15	68	6	25	9	18	30	11	34	99	12	13	19	24	22	42	21	24	26	16	28	17	13	10	18	12	12	20	26	15	4	11	15	6	4	30	25	29	8	27	16	36	28	27	50	15	10	13	44	15	29	13	8	38	14	21	15	22	9	12	33	20	28	5	7	28	14	3	5	28	23	41	13	24	14	25	8	24	26	15	18	16	12	20	9	10	3	21	48	5	7	12	9	17	35	26	31	31	36	6	4
1:Del:T:1	8	14	7	16	14	15	14	12	24	7	19	15	15	6	15	9	28	15	10	21	7	14	8	8	9	3	3	28	25	10	4	12	6	9	9	7	9	14	17	9	4	12	4	5	24	4	15	1	6	0	11	35	5	9	1	3	19	3	17	49	1	11	16	11	14	23	23	12	18	8	13	19	8	10	8	9	4	7	14	5	3	7	8	10	7	19	12	24	5	17	9	15	20	8	18	4	9	6	21	8	13	8	3	27	10	14	3	13	12	6	22	12	16	5	8	10	4	1	3	19	26	24	5	7	9	10	9	16	10	11	10	20	9	16	9	3	8	11	21	2	3	7	10	9	13	6	16	23	17	1	2
1:Del:T:2	10	26	10	16	11	14	18	16	26	34	18	11	14	4	10	10	22	19	5	26	13	21	2	6	12	3	1	34	36	9	5	6	12	13	11	5	15	14	28	7	4	22	15	12	18	10	11	2	7	4	12	53	4	19	3	7	20	7	19	81	1	9	18	13	16	30	26	11	16	8	12	11	11	14	8	8	4	13	17	5	4	4	6	6	9	22	11	28	11	18	7	17	17	10	26	6	13	7	22	5	17	8	3	28	11	19	5	13	5	4	23	16	21	3	7	15	14	6	5	26	21	37	11	14	10	26	7	13	13	12	19	16	6	10	11	3	6	20	23	1	5	9	12	12	19	7	21	19	25	2	2
1:Del:T:3	14	28	12	21	13	15	25	11	41	21	22	12	16	3	12	5	26	23	5	36	5	26	4	5	15	2	1	38	40	16	3	8	11	10	13	2	11	23	17	9	10	20	6	5	13	10	6	2	6	1	9	67	4	18	4	5	18	1	16	116	3	6	21	17	17	35	19	8	18	5	13	17	8	21	9	9	5	11	21	4	6	2	8	1	14	38	7	32	12	14	4	41	15	13	44	6	5	7	30	8	25	4	9	42	12	14	1	14	5	15	18	17	24	2	3	31	13	2	4	36	39	50	16	12	12	14	9	16	10	15	14	11	6	9	4	5	8	9	33	3	4	7	20	20	12	29	27	15	28	1	8
1:Del:T:4	13	20	13	15	13	7	21	8	22	19	21	11	6	7	16	2	19	12	2	29	9	32	4	7	9	4	4	26	17	15	0	11	12	15	10	1	8	13	25	13	5	19	2	7	17	9	6	1	5	1	10	46	3	11	7	4	16	6	12	76	1	1	14	20	23	35	6	12	25	6	10	23	6	12	9	8	6	8	13	4	7	3	3	0	10	38	20	32	5	13	6	27	9	9	45	7	11	4	18	8	15	13	7	40	11	16	2	7	3	8	28	13	7	0	8	15	6	3	2	41	18	35	7	20	5	19	4	13	7	6	19	14	0	8	9	7	3	11	23	4	3	8	21	15	17	18	27	26	26	2	5
1:Del:T:5	42	29	28	51	38	40	217	63	130	49	51	25	25	14	97	24	38	31	28	87	29	336	18	62	49	11	11	45	69	64	11	51	67	34	26	22	31	45	75	29	52	51	14	49	92	52	97	32	76	16	21	84	18	87	17	10	34	17	56	189	8	10	65	39	74	257	72	25	181	30	47	44	49	24	60	27	16	10	28	21	9	14	11	9	67	266	58	100	80	53	9	42	30	24	130	10	193	31	51	23	136	98	19	143	24	67	107	45	18	89	46	31	21	6	14	72	130	9	13	521	368	143	43	106	100	33	19	19	36	15	52	44	18	19	66	5	14	101	83	49	12	81	93	36	47	56	42	62	256	10	8
1:Ins:C:0	1	6	6	7	2	3	7	2	6	9	14	4	5	2	4	5	10	82	2	13	4	31	2	2	10	2	1	3	9	8	1	1	6	8	0	2	4	4	4	7	2	7	1	2	6	2	5	5	1	1	2	7	3	6	4	3	8	5	4	21	3	0	5	7	4	8	6	3	10	2	2	5	3	7	4	3	1	1	2	3	1	2	5	2	4	4	4	5	29	4	2	9	9	3	16	2	6	2	9	3	9	5	3	6	3	2	1	5	4	3	10	4	3	2	2	2	1	2	0	11	29	12	3	7	3	9	1	4	6	4	6	3	3	5	3	2	2	7	9	9	2	4	5	4	8	9	3	2	2	2	6
1:Ins:C:1	2	7	5	3	4	0	3	4	0	5	5	3	3	2	0	2	4	30	0	3	2	5	2	1	6	1	2	5	5	2	0	1	5	5	1	3	2	3	2	2	2	3	1	2	2	2	4	1	0	1	4	5	0	2	2	0	5	2	2	11	0	1	9	2	2	2	5	3	0	2	1	1	0	3	6	2	0	1	2	0	1	0	1	0	4	4	2	3	3	1	1	5	5	2	5	1	1	3	2	0	4	2	2	11	1	3	0	2	1	6	5	4	2	3	0	5	2	1	0	3	4	4	4	3	3	3	3	3	2	1	3	5	0	1	3	3	2	1	11	1	0	1	4	3	2	2	3	3	5	0	1
1:Ins:C:2	1	1	0	1	3	0	2	3	1	3	2	1	0	0	0	3	2	9	2	3	1	2	0	2	2	0	0	0	2	3	2	0	2	3	3	0	2	0	0	1	0	0	0	1	2	1	1	0	2	1	2	2	2	0	0	0	1	1	0	10	1	0	2	2	3	2	2	3	3	0	0	1	2	0	1	0	1	0	1	0	0	1	0	1	2	1	2	3	0	3	1	1	6	2	3	0	2	0	2	1	5	0	0	4	1	1	1	1	1	0	3	1	0	0	1	2	3	0	2	3	4	2	0	2	2	1	0	0	0	1	2	3	0	2	2	0	2	3	2	1	2	3	1	1	2	0	4	3	2	1	0
1:Ins:C:3	0	4	1	0	1	0	2	1	2	3	4	3	1	1	2	2	2	10	2	1	0	0	0	1	3	1	0	0	2	4	2	0	1	2	0	0	3	1	5	3	2	0	0	0	1	1	0	0	0	0	0	4	1	1	0	0	0	0	4	3	1	2	3	2	1	3	0	1	2	0	3	0	1	0	0	2	0	1	0	0	1	0	0	1	1	2	2	2	2	0	0	2	5	1	4	1	2	0	1	1	1	4	0	2	2	7	1	1	0	2	1	1	1	0	2	1	0	3	1	1	1	1	1	1	3	3	1	2	1	0	1	3	0	0	1	3	0	2	2	0	2	0	2	0	2	1	1	5	2	0	0
1:Ins:C:4	0	0	3	0	2	3	1	1	0	1	10	0	2	1	2	2	3	7	0	0	0	1	1	2	2	1	0	1	2	1	3	1	2	4	0	1	1	0	1	1	4	0	0	1	1	1	3	0	0	1	0	2	0	1	0	1	0	0	0	2	1	3	0	3	0	2	3	4	3	0	1	0	2	2	0	3	1	2	0	3	0	1	0	0	0	1	1	2	1	3	3	0	0	1	1	1	2	1	2	1	0	1	0	1	0	6	1	1	1	2	0	0	0	2	0	1	1	0	0	1	3	4	2	2	3	1	3	1	0	1	1	1	2	0	0	1	0	1	1	0	0	0	2	1	2	0	0	3	2	0	0
1:Ins:C:5	4	4	3	2	2	3	7	13	10	2	12	2	2	7	11	5	3	22	5	4	4	16	1	8	8	4	3	2	5	5	4	5	6	2	2	6	4	5	10	2	6	7	2	5	8	4	27	1	13	3	3	4	4	4	1	0	4	5	0	8	5	4	3	6	7	19	6	5	9	3	4	3	3	2	5	6	5	3	3	3	0	7	0	5	9	6	2	3	14	8	2	2	7	6	7	3	6	4	8	3	7	18	6	2	3	11	7	1	2	8	7	4	0	4	4	6	12	2	3	11	9	18	0	18	9	6	6	1	2	1	7	9	7	3	5	1	4	7	10	5	1	9	6	3	6	4	1	4	6	3	3
1:Ins:T:0	5	15	10	8	12	12	9	7	18	6	12	7	8	6	10	9	8	47	5	18	6	16	0	9	11	6	3	13	24	8	5	6	14	7	11	2	9	5	10	7	4	10	5	14	5	7	10	4	10	4	4	12	6	12	3	0	5	6	15	22	3	3	10	14	7	16	12	7	11	5	5	4	4	4	10	4	2	7	9	2	1	5	1	0	6	16	5	10	2	10	2	9	11	6	12	2	6	12	12	5	9	9	2	9	4	11	4	6	8	10	11	3	10	1	4	8	3	0	4	12	15	20	8	12	11	9	7	8	8	6	5	19	2	7	4	0	0	12	22	4	1	5	6	6	11	15	8	10	18	0	2
1:Ins:T:1	10	11	8	12	8	11	7	11	16	12	12	18	8	2	10	10	11	15	5	16	8	15	2	8	11	8	5	20	9	16	6	8	21	11	10	9	13	13	13	10	1	8	5	14	11	4	7	2	1	8	6	14	11	12	1	2	14	4	11	30	7	11	20	13	6	23	20	13	16	5	16	11	5	4	13	10	9	3	10	7	6	8	0	6	9	8	5	9	15	7	9	5	15	7	19	4	9	7	13	8	12	8	4	13	13	15	3	9	4	8	11	5	10	0	18	10	9	2	5	6	16	20	3	17	7	23	6	8	10	8	8	42	2	8	13	2	5	13	18	1	2	13	12	5	10	13	10	7	12	4	11
1:Ins:T:2	2	11	3	1	2	4	4	6	10	4	7	9	7	3	18	0	9	4	2	9	1	10	1	6	5	4	0	9	7	4	8	1	14	8	4	3	7	3	3	2	1	6	2	4	9	2	7	2	1	2	1	7	6	3	1	2	6	4	7	21	3	4	12	5	3	8	12	3	9	2	4	7	4	6	7	5	3	2	2	3	1	5	2	1	1	10	8	6	7	4	1	4	8	8	10	4	3	5	12	7	3	10	1	7	0	2	3	9	2	1	6	4	4	0	7	4	4	0	4	5	14	12	5	9	2	12	4	7	5	4	5	16	2	4	8	2	1	10	7	1	3	8	5	4	13	2	7	5	5	2	0
1:Ins:T:3	2	6	3	2	3	2	11	5	6	5	5	2	4	2	8	5	3	3	1	4	4	11	3	2	5	2	0	10	3	4	2	6	6	3	3	5	3	2	3	6	0	7	2	4	7	2	11	1	1	1	7	3	6	4	2	1	1	5	5	14	5	0	6	3	4	4	5	1	7	1	3	5	3	5	3	7	5	0	4	2	1	3	3	4	4	10	4	7	2	5	1	4	10	2	5	3	3	5	4	6	5	7	1	6	2	4	2	4	1	0	4	3	2	1	5	3	2	0	1	3	8	6	2	11	3	2	6	4	3	0	5	13	1	4	5	0	1	3	5	2	0	6	2	2	6	2	3	4	5	3	6
1:Ins:T:4	5	2	6	1	3	6	5	3	10	4	1	5	1	1	7	2	0	1	3	4	1	8	1	4	5	1	0	3	1	5	0	2	4	10	0	5	1	1	7	2	3	2	1	8	5	2	4	1	1	1	0	3	1	5	0	2	5	0	2	6	1	0	2	3	8	9	14	11	3	4	5	2	4	2	6	0	4	2	1	0	0	0	0	0	5	11	4	3	6	2	0	4	9	1	3	0	6	2	6	4	8	7	3	3	2	6	7	1	7	0	3	3	3	3	2	6	4	0	4	7	11	13	1	6	2	3	5	1	1	2	6	14	4	2	1	3	3	8	5	4	0	5	6	0	4	7	3	3	5	1	1
1:Ins:T:5	121	46	89	72	70	69	108	167	237	85	116	81	58	93	106	81	48	43	89	70	94	323	35	109	149	45	26	51	71	77	44	84	167	227	32	103	44	62	240	56	46	103	59	239	89	61	407	16	164	43	42	114	111	106	18	25	61	93	52	151	57	86	94	66	128	248	159	94	114	57	144	34	86	33	68	79	111	32	33	56	9	57	49	39	137	204	81	103	193	77	47	101	170	56	79	21	134	89	151	52	151	215	137	70	57	247	155	114	67	122	74	30	26	12	58	123	119	63	120	176	288	248	78	295	231	43	95	51	61	47	121	209	138	21	136	13	48	108	122	112	38	83	217	48	136	131	27	94	199	63	57
2:Del:R:0	5	13	11	4	13	12	11	8	9	12	17	8	11	1	5	8	15	5	4	27	6	7	4	6	10	4	2	20	18	8	5	7	15	9	5	4	6	4	8	7	3	9	3	8	13	10	9	1	9	3	4	14	5	10	3	2	11	3	8	29	5	1	22	12	8	21	11	7	16	7	9	10	3	9	11	4	2	5	5	12	2	7	3	5	12	17	11	13	11	5	0	10	16	9	14	2	5	12	12	9	17	8	2	13	7	8	4	11	11	9	10	8	11	3	5	13	5	3	3	14	11	22	6	30	8	16	4	8	7	5	13	16	4	7	5	3	4	12	16	4	3	7	5	5	6	9	15	15	20	0	5
2:Del:R:1	14	13	9	4	12	25	18	9	20	7	9	8	13	2	12	10	18	14	4	12	7	26	3	10	12	4	1	10	25	21	3	11	12	10	6	3	5	6	9	12	3	13	3	11	20	7	14	2	8	1	6	10	5	14	4	5	12	8	9	32	8	4	23	13	11	22	6	15	17	9	11	8	4	5	10	4	4	6	14	10	0	5	3	3	17	17	13	8	15	7	6	11	7	8	32	6	13	3	17	12	15	3	4	19	8	9	13	8	2	6	16	8	7	1	6	9	10	0	3	19	13	17	5	10	8	13	3	7	11	2	12	10	4	11	10	4	7	17	17	5	0	12	14	6	6	12	9	14	15	2	8
2:Del:R:2	5	1	4	4	1	3	2	5	6	5	2	4	1	2	3	2	6	2	2	2	2	9	2	6	3	1	0	3	3	3	3	3	2	5	2	3	0	4	4	3	0	4	3	1	9	1	1	3	1	3	0	7	1	5	0	0	3	1	3	10	0	1	8	5	2	2	2	6	4	3	2	7	1	4	6	1	2	3	1	0	0	1	0	4	2	3	2	9	4	2	3	3	3	2	11	1	4	1	7	4	7	1	3	6	3	2	2	3	1	4	7	5	0	1	2	4	3	1	0	7	5	9	0	4	0	5	1	3	4	0	3	5	0	4	4	0	2	9	5	1	2	4	1	2	1	1	1	6	4	1	4
2:Del:R:3	2	3	1	1	1	2	3	2	6	3	1	0	0	0	0	0	1	3	2	4	1	4	1	1	3	1	1	3	3	5	0	0	0	2	2	0	0	0	4	1	2	2	5	1	4	2	0	1	1	2	2	1	1	3	1	0	3	1	1	5	0	0	3	2	2	3	1	1	5	1	1	1	2	3	0	0	0	1	2	1	0	2	0	4	2	3	1	2	1	0	0	1	1	3	4	1	1	0	3	3	2	1	0	0	2	1	2	1	0	0	5	1	3	2	2	2	2	2	2	4	5	4	1	1	2	1	1	0	0	0	3	0	1	4	1	1	0	1	5	0	0	6	1	1	1	3	1	2	3	0	0
2:Del:R:4	0	1	2	0	0	2	1	0	2	0	1	1	1	0	0	0	0	0	0	3	0	2	1	2	6	0	0	2	1	0	1	0	1	0	1	0	1	0	1	1	0	1	0	1	2	0	1	0	0	0	0	2	0	5	1	0	2	3	1	2	1	0	2	0	0	2	1	2	0	0	0	2	1	0	1	0	1	1	0	0	1	0	2	0	1	3	0	1	0	2	1	2	1	0	1	0	0	0	1	1	1	3	1	4	0	1	0	1	2	0	0	1	1	0	0	0	1	0	0	2	4	2	0	0	1	0	0	0	0	0	0	0	0	2	2	1	1	4	0	1	0	1	3	0	3	0	0	1	1	0	1
2:Del:R:5	2	3	1	0	0	8	5	2	1	2	2	2	1	0	1	2	3	4	0	2	2	12	1	4	0	0	1	3	2	4	1	0	2	3	0	0	1	4	7	1	5	2	0	18	5	3	4	2	1	4	2	4	1	9	5	0	3	2	1	5	1	1	9	4	2	1	1	2	2	5	2	1	0	3	3	2	2	1	2	3	0	6	0	4	2	4	2	2	7	4	0	1	1	7	3	0	3	4	2	1	3	4	0	1	0	3	4	0	7	2	3	1	0	2	2	8	4	1	2	8	3	4	0	3	4	4	2	2	0	0	4	0	3	0	0	3	0	1	1	1	0	1	7	3	8	1	3	3	5	3	1
3:Del:R:0	3	8	4	4	4	3	2	7	7	11	6	8	8	0	2	3	6	10	5	20	5	11	3	2	9	2	0	10	5	3	2	3	5	1	1	1	3	3	4	4	2	7	2	3	5	3	3	0	1	1	1	7	3	1	0	1	2	0	4	16	3	2	5	4	6	9	4	6	4	1	6	0	1	2	3	0	2	4	10	2	1	2	0	2	8	1	7	4	2	4	1	3	2	2	13	2	0	1	8	1	4	1	1	3	2	1	3	3	3	3	11	6	4	1	0	2	0	4	1	7	7	16	4	6	3	7	0	3	5	3	3	7	2	1	2	0	0	5	15	1	1	4	0	2	3	4	5	1	6	1	1
3:Del:R:1	7	11	4	5	10	14	14	3	14	7	8	7	13	3	10	6	7	8	5	10	7	21	6	12	4	3	2	4	12	9	4	8	20	6	5	4	7	3	9	7	3	10	3	5	14	2	4	1	9	6	9	12	3	12	1	2	6	7	7	32	4	5	17	7	11	21	7	11	18	13	7	5	1	4	11	4	3	7	5	4	1	3	4	3	10	5	17	11	10	11	4	10	10	6	19	3	10	7	11	7	15	7	3	18	9	9	8	12	5	7	8	4	8	0	9	12	8	2	6	9	9	16	3	20	6	4	7	9	8	3	11	8	4	9	3	0	5	15	23	4	2	22	10	6	8	8	9	14	16	2	4
3:Del:R:2	2	0	4	0	2	4	3	2	2	1	3	2	0	2	2	2	2	1	1	2	2	0	2	5	1	1	0	2	3	0	1	2	4	3	0	0	1	0	0	1	1	5	0	2	5	0	3	0	2	2	1	3	1	5	0	0	2	3	2	5	0	1	5	3	7	4	0	5	4	0	1	1	2	2	6	1	0	0	1	1	2	0	0	2	5	4	4	3	3	3	0	0	3	0	7	0	1	2	3	6	5	3	0	5	0	0	3	3	2	4	0	2	0	0	0	3	3	0	4	3	3	2	0	7	2	3	0	0	2	2	2	3	1	3	2	0	1	6	3	1	1	1	6	1	1	1	0	2	2	0	3
3:Del:R:3	0	2	2	2	1	2	1	1	0	0	2	3	1	0	0	0	2	1	0	0	0	1	1	2	1	0	0	0	0	0	0	0	0	0	0	0	0	2	1	0	0	0	0	0	1	0	0	0	0	0	0	1	0	2	0	0	2	0	1	3	0	1	0	1	0	1	0	3	1	0	2	0	0	1	0	0	1	1	2	0	0	2	0	0	1	1	1	2	0	2	1	1	1	0	3	0	1	0	1	1	1	0	0	2	0	1	1	0	0	1	2	0	0	0	0	0	3	0	0	1	0	4	1	1	2	0	0	1	0	0	2	0	0	0	0	0	0	0	0	0	0	4	2	0	0	0	1	0	0	0	1
3:Del:R:4	0	0	1	0	0	0	0	0	0	0	1	0	0	0	0	0	0	0	0	2	1	2	0	1	0	0	0	0	0	0	0	0	0	0	0	0	1	0	0	1	0	0	0	0	0	0	0	0	0	0	1	0	0	1	0	0	0	0	1	0	0	0	0	0	0	0	1	0	0	0	0	0	0	0	0	0	0	0	0	1	1	0	0	0	2	0	1	0	3	0	1	0	0	1	0	1	0	0	0	1	0	1	0	0	0	0	0	0	0	1	0	1	0	0	0	1	0	0	0	0	2	0	0	0	0	0	1	0	0	0	1	0	0	0	0	0	0	0	0	0	0	1	0	0	0	0	0	0	0	0	0
3:Del:R:5	0	0	0	1	0	0	0	0	0	1	0	0	0	0	1	0	0	0	0	1	0	0	0	1	0	0	0	0	1	0	0	0	0	0	0	0	0	0	0	0	0	1	0	0	1	0	0	0	0	0	0	0	0	0	0	0	1	0	0	2	0	0	0	1	0	0	0	0	0	1	0	0	0	0	0	1	0	0	0	0	0	1	0	1	0	0	2	0	0	0	1	0	0	0	0	0	0	0	1	1	0	0	0	0	0	0	0	0	0	0	0	0	0	0	0	0	0	0	0	0	1	0	0	0	2	0	0	0	1	0	1	1	0	0	0	1	1	0	0	0	0	0	0	0	0	0	0	0	0	1	0
4:Del:R:0	2	4	7	3	4	6	2	3	6	10	6	9	11	0	2	0	5	4	0	12	3	1	2	6	2	2	3	11	9	2	2	1	9	2	5	4	7	2	3	1	0	2	1	4	4	2	1	1	0	2	3	4	1	5	0	0	1	3	1	10	3	0	6	1	5	10	10	6	4	2	4	2	2	4	3	1	0	5	3	2	0	3	1	0	3	4	5	7	4	8	2	7	6	6	12	3	1	1	7	1	4	3	3	2	4	1	0	5	1	4	6	5	2	0	1	3	3	0	3	3	4	13	3	2	2	11	0	3	9	3	1	1	0	4	2	1	0	0	13	2	2	1	2	0	5	11	4	2	5	0	1
4:Del:R:1	5	6	8	7	5	18	16	6	10	8	5	7	5	1	7	3	5	11	4	6	5	17	3	9	6	2	2	8	6	13	2	7	10	9	5	1	4	7	5	2	3	5	5	4	9	6	9	2	5	4	4	9	4	16	2	5	8	2	6	18	4	5	15	6	9	13	10	8	11	5	10	5	7	6	7	2	2	5	8	3	0	7	2	2	8	10	6	4	9	6	4	4	6	4	10	1	6	8	4	12	14	8	3	9	4	6	8	4	4	6	6	4	4	0	3	7	12	3	1	17	4	14	7	11	6	4	6	5	2	4	3	8	2	12	6	4	2	10	3	2	2	9	5	8	5	9	8	5	8	2	5
4:Del:R:2	3	2	1	1	1	5	4	2	3	2	2	1	3	0	3	2	1	0	1	5	1	4	1	1	2	1	0	6	3	6	3	2	8	4	1	1	1	1	1	3	0	0	0	2	4	0	0	1	0	1	1	5	1	3	3	0	2	1	1	2	0	1	4	0	1	0	5	3	5	1	1	2	0	2	1	1	0	2	0	0	2	2	0	0	2	2	4	4	2	0	1	2	2	0	3	1	1	4	2	3	5	1	2	2	2	1	1	4	0	4	2	2	1	0	0	2	0	2	3	3	4	6	1	4	2	0	0	2	0	3	2	2	1	2	1	1	1	2	3	1	0	2	2	2	0	1	1	1	4	0	2
4:Del:R:3	2	2	2	2	0	4	2	0	1	0	1	3	0	1	3	0	1	2	1	1	0	0	0	1	0	0	1	0	0	0	1	0	2	2	2	0	0	2	0	0	0	0	0	2	3	1	4	1	0	1	2	0	1	1	0	2	0	1	1	3	1	0	1	0	0	2	0	0	0	3	2	0	1	1	0	0	0	1	3	0	1	1	0	0	3	1	2	0	1	2	1	0	0	1	1	0	1	1	0	0	0	3	0	3	0	0	0	2	2	2	2	1	2	0	1	1	1	1	0	1	0	0	0	2	0	1	0	0	0	1	1	0	2	0	0	0	0	0	0	0	1	3	0	0	2	1	1	0	3	0	0
4:Del:R:4	0	0	0	0	0	1	1	0	0	0	1	0	0	1	0	0	0	0	0	0	0	0	3	1	0	0	0	0	1	1	0	1	0	0	0	0	0	1	0	0	0	2	1	0	0	0	1	0	0	0	0	0	0	1	0	0	0	0	0	2	1	0	0	1	0	0	0	0	1	1	0	0	0	1	0	1	0	0	0	0	0	0	0	0	2	1	2	1	0	0	1	0	0	0	0	0	0	2	0	0	1	1	0	0	0	0	0	0	0	1	0	0	0	0	1	0	0	0	0	0	1	2	0	0	0	0	0	1	0	0	1	0	0	0	0	0	0	0	0	0	0	1	0	0	1	0	0	1	0	0	1
4:Del:R:5	0	0	0	0	0	1	0	0	0	0	0	0	1	0	0	0	1	0	0	0	0	1	0	0	0	0	0	0	0	0	0	1	1	1	0	0	0	0	0	0	0	1	0	0	0	0	0	0	0	0	0	0	1	2	0	0	0	0	0	1	1	0	2	0	0	2	0	0	1	0	0	0	0	0	0	0	0	0	0	0	0	0	0	1	0	0	1	0	0	0	0	1	0	0	0	1	1	0	0	0	1	0	0	0	1	0	0	0	0	0	1	0	1	1	0	1	0	0	0	1	0	0	0	0	0	0	1	0	0	0	1	0	0	1	0	0	0	1	0	0	0	0	0	0	0	0	0	0	0	0	0
5:Del:R:0	19	102	25	45	99	26	57	49	99	75	35	47	76	6	18	24	41	70	34	107	14	15	13	35	80	21	26	100	201	51	27	34	52	17	43	14	121	48	71	34	23	49	22	11	50	10	39	3	6	29	26	185	22	22	19	7	24	8	49	247	27	39	56	26	125	44	60	43	33	41	21	33	12	63	21	21	16	45	78	16	8	13	24	26	23	11	32	41	38	84	24	124	130	70	110	30	23	9	128	69	29	14	5	19	12	14	7	11	15	19	114	50	57	8	10	27	20	5	10	49	43	97	24	16	20	99	20	93	117	40	20	8	7	72	11	5	15	10	117	13	6	30	27	38	44	90	61	28	105	4	8
5:Del:R:1	4	3	9	6	8	8	2	5	7	11	5	4	12	0	6	7	4	9	2	10	3	8	0	4	7	4	2	5	12	10	1	8	7	3	4	4	2	9	6	2	1	3	2	6	7	1	4	0	3	0	7	8	1	7	2	2	3	2	3	24	0	1	5	3	4	12	3	7	5	2	1	5	1	6	3	3	2	1	8	1	0	0	3	0	1	1	6	6	5	1	2	11	8	4	6	2	4	5	8	5	11	4	0	3	0	8	1	3	0	1	6	4	4	0	4	5	4	2	0	6	9	25	5	2	6	5	5	5	13	3	5	3	0	6	3	0	2	4	9	1	1	11	8	3	4	7	4	2	11	1	9
5:Del:R:2	0	1	1	0	1	1	4	0	1	0	0	1	3	0	0	0	1	0	0	1	1	1	0	0	2	1	1	1	0	0	0	1	1	2	2	1	0	0	1	0	0	2	0	1	0	1	3	1	0	0	0	1	2	4	0	1	1	0	1	4	0	0	3	1	0	1	0	1	1	0	1	0	0	0	0	0	2	0	0	0	0	0	0	0	1	2	5	3	1	0	0	0	1	0	2	1	0	1	0	0	2	1	0	1	0	1	2	0	0	1	0	0	0	0	2	2	0	1	2	0	3	1	0	1	0	0	2	0	0	0	1	0	2	2	0	0	1	1	1	0	0	1	0	1	0	1	0	0	1	0	1
5:Del:R:3	0	0	0	0	0	1	1	1	0	1	0	0	0	0	1	0	0	0	0	0	0	0	0	1	0	0	0	0	0	0	0	0	0	0	0	0	0	0	0	0	1	0	1	1	0	0	0	0	0	0	1	0	0	1	0	1	0	1	0	2	0	0	0	0	0	0	0	0	0	0	0	0	0	0	0	0	0	0	0	0	0	0	0	0	0	0	0	0	0	0	0	0	0	0	0	0	1	0	1	0	0	0	1	1	0	1	0	0	0	0	1	0	0	0	0	0	0	0	0	0	0	1	0	0	0	0	1	0	0	0	0	0	0	1	0	0	0	1	0	1	0	2	0	1	0	1	0	0	1	0	0
5:Del:R:4	0	0	0	0	0	0	0	0	0	0	0	0	0	0	0	0	0	0	0	0	0	0	0	0	0	0	0	0	0	0	0	0	0	0	0	0	0	0	0	0	0	0	0	0	1	0	0	0	0	0	0	0	0	0	0	0	0	0	1	1	0	0	0	0	0	0	0	0	0	0	0	0	0	0	0	0	0	0	0	0	0	0	0	0	0	0	0	0	0	0	0	0	0	0	0	0	0	0	0	0	0	0	0	0	0	0	0	0	0	0	0	0	0	0	0	0	0	0	0	2	0	0	0	0	0	0	0	0	0	0	1	0	0	0	0	0	0	0	0	0	0	1	0	0	0	0	0	0	0	0	0
5:Del:R:5	0	0	0	0	0	0	0	0	0	0	0	0	0	0	0	0	0	0	0	0	0	1	0	0	0	0	0	0	0	0	0	0	0	0	0	0	0	0	0	0	0	0	0	0	0	0	0	0	0	0	0	0	0	0	0	0	0	0	0	0	0	0	0	0	0	0	0	0	0	0	0	0	0	0	0	0	0	0	0	0	0	0	0	0	0	0	0	0	0	0	0	0	0	0	0	0	0	0	0	0	0	0	0	0	0	0	0	0	0	0	0	0	0	0	0	0	0	0	0	0	0	0	0	0	0	0	0	0	0	0	0	0	0	1	0	0	0	0	0	0	0	0	0	0	0	0	0	0	0	0	0
2:Ins:R:0	8	13	9	11	7	8	8	7	9	10	13	6	13	6	8	5	8	53	4	17	8	12	2	6	9	4	1	14	10	6	4	5	11	6	1	5	6	11	8	5	3	12	3	7	5	10	9	4	3	6	8	16	5	12	2	2	10	7	7	16	7	6	10	7	13	11	3	8	10	4	6	4	6	6	3	2	8	4	10	5	1	6	7	2	7	4	3	8	14	5	3	6	11	5	13	5	6	5	15	13	9	8	8	4	4	4	7	4	6	5	15	9	10	1	7	12	6	1	8	12	7	19	6	10	10	10	12	4	5	6	7	10	4	3	4	4	2	9	26	4	5	6	9	11	13	6	8	8	10	5	5
2:Ins:R:1	4	3	3	4	0	2	9	4	2	5	6	4	4	2	3	2	9	4	0	2	3	3	5	1	3	0	0	8	3	3	1	3	0	5	2	2	6	3	6	0	3	1	1	3	2	4	4	2	0	2	0	5	2	3	0	1	5	0	0	9	1	2	6	4	2	10	2	3	4	7	1	2	2	0	2	2	2	2	5	2	0	4	1	3	3	4	4	1	1	2	2	4	7	5	3	2	2	1	7	1	2	3	0	5	2	6	5	4	3	3	1	5	2	0	3	6	2	1	0	1	8	7	0	1	6	3	1	3	2	2	4	4	1	4	0	1	2	2	5	2	4	1	3	1	3	5	1	2	0	1	3
2:Ins:R:2	1	0	1	2	1	0	4	3	4	1	1	6	3	2	2	1	1	2	1	1	2	3	1	1	0	1	1	2	1	1	1	0	2	3	2	1	1	1	6	3	3	3	1	1	1	2	3	0	1	0	0	7	2	2	1	0	3	0	1	4	3	1	4	0	2	4	0	1	2	0	1	1	1	2	0	0	1	0	3	0	0	1	1	0	1	1	0	3	2	2	1	1	0	1	4	1	1	1	2	1	1	2	1	2	1	4	0	0	1	2	1	0	2	1	3	1	0	1	1	0	4	1	0	1	1	6	2	4	3	0	2	4	2	1	0	0	1	2	5	0	0	1	4	1	1	1	0	0	3	0	0
2:Ins:R:3	0	1	0	0	0	2	1	0	0	3	1	2	1	0	4	0	0	1	1	1	1	2	0	0	1	1	0	2	1	0	1	0	3	0	0	0	1	1	4	0	1	3	0	0	2	1	0	1	0	1	1	6	0	2	0	0	3	0	1	0	0	0	1	3	2	2	1	2	3	1	2	0	0	2	0	0	1	1	0	1	0	1	0	0	0	2	1	0	2	1	2	0	3	3	1	1	0	0	3	0	1	1	1	1	0	4	0	0	2	0	2	2	1	1	2	0	0	0	1	2	3	4	0	2	3	0	2	0	1	0	3	1	1	0	0	0	0	1	1	1	0	2	0	0	2	1	1	1	1	0	2
2:Ins:R:4	1	2	0	0	0	3	0	4	2	0	0	1	2	2	2	2	2	4	2	1	2	3	0	3	3	0	0	0	2	0	3	1	2	2	1	2	1	3	1	0	1	2	1	1	0	1	5	0	4	0	2	5	2	2	0	0	1	0	0	1	0	0	3	2	2	1	3	1	3	0	2	2	2	1	0	0	0	0	4	0	0	0	0	0	2	6	2	2	2	0	0	1	3	1	2	0	2	1	2	0	1	4	4	1	1	1	2	1	2	0	0	1	0	3	0	0	3	2	1	1	3	1	0	2	4	1	0	0	0	0	0	1	0	0	0	0	0	3	1	2	2	1	0	3	3	0	1	3	0	0	0
2:Ins:R:5	9	4	7	9	3	7	13	22	15	10	7	7	2	2	13	6	4	7	5	8	5	34	1	6	15	5	0	1	2	6	0	6	11	5	3	4	5	5	24	4	9	4	1	8	2	4	33	5	21	6	6	10	8	3	0	2	4	10	3	9	10	5	3	6	12	11	10	11	9	4	14	1	11	4	2	5	8	3	4	1	1	7	3	3	10	19	1	8	12	7	2	14	8	3	11	1	9	7	15	7	18	12	10	4	4	24	10	2	3	8	2	2	3	0	3	9	15	1	4	14	20	13	2	23	21	2	8	4	5	1	10	10	12	1	9	0	3	12	14	7	1	7	12	7	11	3	3	8	16	3	3
3:Ins:R:0	4	5	2	2	2	6	6	3	11	6	5	3	7	2	3	4	4	10	1	10	1	5	1	3	7	1	1	9	8	4	5	6	5	4	1	0	2	1	5	1	3	5	4	2	5	2	3	1	3	2	4	5	2	5	1	0	3	2	0	7	0	1	5	3	6	10	3	4	3	0	3	3	4	2	1	1	1	1	3	0	2	3	0	0	3	2	1	6	3	2	3	3	9	5	7	3	1	3	8	1	3	0	0	2	3	3	1	3	2	2	9	6	6	1	2	1	1	2	1	5	3	11	1	3	3	7	1	5	0	4	1	1	3	2	0	2	0	3	7	2	0	2	2	5	5	2	5	1	5	2	0
3:Ins:R:1	2	7	2	1	3	4	4	4	4	1	3	5	1	1	0	3	2	1	2	3	1	1	0	2	2	2	2	4	3	2	1	2	2	3	0	2	3	1	2	2	6	2	1	2	2	0	2	0	2	2	3	6	2	4	0	0	1	5	2	6	0	1	6	4	3	5	1	2	2	4	3	1	1	1	3	2	2	0	1	0	2	1	0	2	1	3	5	6	0	3	0	0	5	0	2	0	1	0	3	1	2	4	0	2	3	3	0	3	1	2	3	2	1	0	0	2	1	0	1	2	3	5	1	3	1	4	2	2	4	0	2	2	3	0	2	0	0	0	3	1	2	2	4	2	1	1	2	1	1	0	1
3:Ins:R:2	0	0	0	1	0	0	0	0	3	4	1	1	0	0	2	0	1	3	1	1	1	1	0	0	1	0	0	0	0	0	0	0	0	0	0	0	1	1	1	0	1	0	0	0	0	0	0	0	1	0	0	5	0	0	0	0	0	0	2	3	0	0	0	0	0	0	0	0	0	1	0	0	0	1	1	2	1	0	3	0	0	2	0	0	1	0	0	0	1	0	1	0	1	1	0	0	0	2	1	0	0	1	0	2	0	3	0	1	0	0	2	0	0	0	0	0	0	0	1	0	0	1	0	0	0	2	0	0	0	0	0	1	0	0	0	0	0	0	0	1	0	0	0	0	1	1	0	0	1	0	0
3:Ins:R:3	0	0	0	0	0	1	0	0	0	0	0	1	0	0	1	0	0	0	0	0	0	0	0	0	0	0	0	0	0	0	0	0	0	0	0	0	0	0	1	0	0	0	0	0	0	0	0	0	0	0	0	0	0	0	0	0	1	0	0	2	0	0	0	0	0	0	0	0	0	0	0	0	0	0	0	0	0	0	0	0	0	0	0	0	0	0	0	0	0	0	0	0	0	0	0	0	0	0	0	0	0	0	0	0	0	1	0	0	0	0	1	0	1	0	0	0	0	0	0	1	0	0	0	0	1	0	0	0	0	0	0	0	0	0	0	0	0	0	0	0	0	0	0	0	0	0	0	0	0	0	0
3:Ins:R:4	0	0	0	0	0	0	0	0	0	0	0	0	0	0	0	1	0	0	1	0	0	0	0	0	0	0	0	0	1	0	0	1	0	1	0	0	0	0	0	0	0	0	0	0	0	1	0	0	0	0	0	0	0	0	0	0	0	0	0	0	0	0	0	0	0	0	0	0	0	1	0	0	0	0	0	0	1	0	0	0	1	0	0	0	0	1	0	0	0	0	0	0	0	0	0	0	0	0	0	0	0	0	0	0	0	0	0	0	0	0	1	0	0	0	0	0	0	0	0	0	0	1	1	0	0	0	0	0	0	0	0	0	0	0	1	0	0	0	0	0	0	0	0	0	0	0	0	0	0	0	0
3:Ins:R:5	0	0	0	0	0	0	0	0	0	0	1	1	1	0	2	2	0	1	0	2	0	0	0	1	0	0	0	0	0	0	0	0	2	0	2	0	0	0	0	0	0	1	1	2	1	1	2	1	2	1	0	0	0	1	0	1	0	0	0	2	0	0	0	1	1	4	3	1	1	1	0	0	0	0	0	0	0	1	1	0	0	1	0	0	1	0	0	1	0	3	0	1	1	0	0	0	0	1	1	0	1	2	0	0	1	0	0	0	0	0	2	0	1	0	1	1	1	0	1	0	7	1	0	1	3	0	0	0	0	0	0	1	1	0	0	0	0	0	0	1	0	0	2	0	3	0	0	1	1	0	3
4:Ins:R:0	6	7	8	3	4	5	7	6	5	9	10	5	13	2	3	1	6	6	4	10	4	20	2	3	3	2	2	7	8	7	4	4	5	4	6	2	2	5	6	5	8	6	3	9	8	3	6	4	3	2	2	6	8	8	1	0	5	3	6	12	4	3	3	8	7	5	3	5	11	5	6	4	4	4	1	0	4	5	4	3	3	2	0	3	8	4	6	7	12	11	1	5	5	7	10	0	3	1	16	2	6	5	1	6	4	6	4	4	0	3	13	6	6	3	2	3	1	3	1	9	10	17	3	4	5	5	9	3	6	1	7	6	3	3	6	1	1	3	14	1	0	8	3	5	5	7	4	4	6	1	3
4:Ins:R:1	2	2	1	2	1	1	4	3	4	3	2	8	0	0	8	2	3	0	2	2	1	2	2	0	2	2	2	3	3	0	0	0	5	5	4	2	5	3	5	6	0	1	0	0	3	0	2	0	2	0	1	4	7	3	0	1	3	3	2	9	1	1	8	4	0	8	2	3	1	2	1	0	1	2	1	1	0	0	0	1	0	6	1	1	3	2	2	5	3	2	3	2	5	6	3	1	1	2	2	2	6	0	1	1	4	5	2	0	0	0	3	4	2	0	1	2	1	1	0	1	5	4	2	7	4	5	0	4	6	0	1	1	1	2	2	0	0	2	4	3	1	2	2	1	4	0	7	2	1	0	2
4:Ins:R:2	0	1	0	0	0	0	0	0	1	1	0	0	3	1	1	0	1	0	0	0	0	0	0	0	0	0	0	0	0	1	0	1	0	2	2	0	1	0	1	1	0	1	1	1	0	0	2	1	0	1	0	2	1	0	0	0	0	0	0	4	1	0	0	0	1	1	2	0	0	0	0	1	1	1	1	0	0	1	0	0	0	1	0	0	0	0	1	1	0	1	1	1	1	0	0	0	1	0	0	0	0	0	2	0	0	1	0	0	0	0	1	0	1	0	0	1	1	0	0	0	1	1	0	0	1	0	0	1	0	0	0	0	0	0	0	0	0	0	4	0	0	0	3	1	1	1	0	0	0	0	0
4:Ins:R:3	0	0	0	0	0	0	0	0	0	0	0	0	0	1	0	0	1	0	0	0	0	2	0	0	0	0	0	1	0	0	1	0	0	0	0	0	1	0	0	0	0	0	0	0	0	0	4	0	0	0	0	1	0	0	0	0	1	0	1	0	1	0	0	0	1	0	0	0	0	0	0	1	0	2	0	0	0	0	0	0	0	1	1	0	0	0	2	0	0	1	0	0	0	0	0	0	1	0	0	0	0	0	0	0	0	0	0	0	1	0	1	0	0	0	0	0	0	0	0	1	0	0	1	0	0	0	0	0	0	1	0	0	0	0	1	0	0	0	1	0	0	0	1	0	1	0	0	0	0	0	0
4:Ins:R:4	0	0	0	1	0	0	1	0	1	1	0	0	0	0	0	1	0	0	0	0	0	0	0	1	0	0	0	0	1	1	0	0	1	1	0	0	0	0	0	0	0	1	0	0	0	0	2	0	0	0	0	0	0	0	0	1	0	0	0	0	0	0	1	0	0	0	1	0	0	0	0	1	0	0	0	0	0	0	0	0	0	0	0	0	1	0	0	1	0	1	1	1	1	1	1	0	0	0	1	0	1	0	0	0	0	0	0	1	1	1	1	1	0	0	1	1	0	0	0	0	0	1	0	0	2	0	0	2	0	0	0	0	0	0	0	0	0	0	1	1	0	0	1	0	0	0	0	1	0	0	1
4:Ins:R:5	2	1	0	0	0	0	0	1	1	0	0	0	1	0	0	1	0	0	0	1	1	3	0	1	0	0	0	0	2	0	0	0	0	0	0	0	0	0	0	0	0	1	0	2	1	0	1	1	0	0	1	0	0	0	0	0	0	1	0	1	1	1	0	0	1	2	1	0	0	1	0	0	1	2	1	0	0	0	0	1	0	1	0	0	0	0	0	1	1	0	0	0	0	0	1	0	1	0	0	0	0	0	0	1	0	0	0	0	0	0	0	0	1	0	0	0	0	0	0	1	2	3	0	0	2	0	0	0	0	0	1	1	1	0	4	0	0	0	1	0	0	0	2	1	0	0	0	1	0	0	2
5:Ins:R:0	34	56	41	46	48	38	69	40	49	26	50	42	64	20	32	40	16	33	45	108	19	49	36	60	45	50	55	62	39	42	62	53	38	21	51	25	161	34	118	68	34	33	59	17	83	13	47	9	10	39	27	63	38	30	32	5	23	16	17	43	66	69	52	58	117	54	47	104	49	60	26	36	22	45	47	62	23	32	28	43	14	26	39	55	27	38	34	51	73	56	47	60	117	46	49	45	52	11	97	99	37	26	20	17	13	33	15	16	14	37	40	50	31	13	9	33	26	25	27	46	80	87	42	39	37	32	33	34	32	17	26	18	16	42	12	12	15	25	61	13	6	57	47	36	57	34	54	56	35	13	11
5:Ins:R:1	5	8	11	8	7	18	10	8	3	18	5	6	8	2	3	6	7	4	4	22	6	9	1	7	10	2	1	12	14	7	4	3	5	5	10	2	13	6	8	12	4	13	4	1	9	5	13	3	6	2	2	35	5	5	5	1	17	1	9	37	1	6	9	4	16	15	3	9	5	7	5	3	3	5	6	9	1	9	5	2	3	2	4	2	6	10	5	6	11	12	3	9	9	10	9	3	4	4	11	4	8	5	1	5	4	11	9	7	2	7	14	5	6	4	6	8	5	4	3	8	11	14	3	12	6	7	4	8	17	6	7	4	4	7	5	2	5	5	19	3	3	10	12	4	9	5	9	5	12	3	4
5:Ins:R:2	1	0	1	1	0	0	0	1	0	0	2	0	2	2	1	0	0	1	0	3	1	0	0	1	0	0	0	0	1	1	0	0	0	0	0	1	1	1	2	1	1	3	1	0	1	0	1	0	0	0	1	4	0	2	0	1	0	1	0	3	1	0	4	0	2	4	1	1	0	0	2	1	2	0	0	0	0	1	0	0	0	0	0	0	0	0	0	0	0	1	0	1	0	2	2	0	0	1	0	0	1	1	1	1	1	0	0	1	1	0	0	0	0	1	0	0	0	1	0	1	1	3	0	0	1	0	0	2	1	1	1	3	0	0	0	0	0	0	3	0	1	1	0	0	0	0	1	0	1	0	0
5:Ins:R:3	0	1	0	0	0	2	1	0	0	0	0	0	0	1	0	0	0	1	0	0	0	0	0	1	0	0	0	0	1	0	0	0	0	1	0	0	0	0	0	0	0	1	0	0	0	0	1	0	0	0	0	1	0	0	0	0	0	1	0	0	0	0	0	1	0	0	1	0	0	1	1	0	0	1	1	0	0	0	0	0	0	0	0	0	1	0	0	0	1	0	0	0	0	1	1	0	1	2	0	1	1	0	0	0	0	0	0	0	0	0	0	0	0	0	0	0	0	0	0	0	1	0	0	0	0	0	0	0	0	1	0	1	0	0	0	0	0	0	0	0	0	1	0	0	0	0	0	0	0	0	0
5:Ins:R:4	0	0	0	0	0	0	0	1	0	0	0	0	0	0	0	0	0	0	0	0	0	0	0	0	0	0	0	0	0	0	0	0	0	0	0	0	0	0	0	0	1	0	0	0	0	0	0	0	0	0	0	0	1	1	0	0	0	0	0	0	0	0	0	0	0	0	1	0	0	0	1	0	0	0	0	0	0	0	0	0	0	1	0	0	1	0	0	0	0	0	0	0	0	0	0	0	0	0	0	0	0	0	0	0	0	0	0	0	0	0	0	0	0	0	0	0	0	1	0	0	0	0	0	0	0	0	0	0	0	0	1	0	0	0	0	0	0	1	0	0	1	0	0	0	0	0	0	1	0	0	0
5:Ins:R:5	0	1	0	0	0	0	0	0	0	0	0	0	1	0	0	0	0	0	0	0	0	0	0	0	0	1	0	0	2	0	0	0	0	0	0	0	0	0	0	0	0	0	0	0	1	0	0	0	0	0	1	0	0	0	0	0	0	0	1	0	0	0	0	0	1	0	0	1	1	0	0	0	0	0	0	0	0	0	0	0	0	0	0	0	0	0	0	0	0	0	0	0	0	0	0	0	0	0	0	1	0	0	0	0	0	0	0	0	0	0	0	0	0	0	0	0	0	0	0	0	0	0	0	0	0	0	0	0	0	0	0	1	0	0	0	0	0	0	0	0	0	0	1	0	1	1	0	0	0	0	0
2:Del:M:1	3	12	17	7	6	17	21	14	9	14	15	7	18	5	12	5	18	11	6	12	10	17	6	12	7	2	1	15	11	15	3	11	12	7	9	4	5	6	9	6	1	6	5	6	14	7	11	2	6	5	7	19	5	12	2	3	7	6	9	42	6	6	16	10	8	20	19	12	15	14	11	2	6	3	10	12	4	11	10	7	1	6	2	8	18	8	12	11	8	11	2	8	13	5	13	5	9	5	14	10	16	9	2	20	9	8	5	8	3	8	12	7	15	3	5	13	8	2	4	13	13	16	4	11	8	11	6	6	13	8	12	22	6	3	7	0	7	16	19	6	2	16	17	5	6	14	3	15	8	1	4
3:Del:M:1	1	4	2	8	7	4	3	3	7	3	4	3	8	1	5	2	12	5	2	9	1	4	0	3	4	0	0	7	2	1	2	4	3	3	1	1	3	7	3	4	0	2	1	3	7	0	4	0	0	2	2	6	0	6	1	3	2	2	4	14	2	1	6	1	4	4	3	7	4	3	1	0	0	3	0	6	3	6	6	2	0	1	1	3	4	0	6	4	2	7	0	6	4	6	4	2	3	1	6	3	2	1	2	4	0	3	1	3	2	5	5	2	5	1	2	4	0	1	0	3	1	10	1	1	0	3	1	3	8	2	1	0	2	5	1	0	2	8	8	0	2	5	3	0	4	3	1	1	8	0	1
3:Del:M:2	8	7	7	5	5	7	9	7	11	9	9	6	8	4	9	3	7	8	2	10	6	8	5	5	4	1	1	8	6	8	0	8	7	5	1	1	5	4	2	5	1	6	0	7	8	0	10	1	3	2	4	10	2	12	4	0	6	6	6	18	1	5	7	5	3	9	9	7	4	4	3	5	1	3	5	4	1	2	6	3	0	3	2	2	4	2	6	6	4	5	3	5	2	3	14	2	2	3	11	8	9	4	2	8	4	2	1	7	2	3	8	7	5	2	3	8	5	1	3	10	6	12	1	2	5	6	0	5	8	3	7	6	2	2	0	1	2	11	18	2	0	10	8	6	4	9	7	6	10	0	3
4:Del:M:1	1	6	1	5	4	6	6	3	12	4	10	8	8	1	5	3	6	12	2	8	2	3	2	4	6	2	0	7	6	6	0	5	9	7	1	3	4	5	1	1	0	4	4	4	8	4	1	1	0	3	1	7	3	3	0	2	3	3	2	13	3	2	4	3	8	8	6	8	4	3	6	0	2	7	3	2	2	4	9	3	1	4	3	5	3	6	5	9	3	5	1	2	10	1	7	2	4	3	10	3	1	2	2	10	4	2	2	2	1	4	10	4	3	1	3	3	4	1	0	6	1	6	2	6	2	11	2	3	5	0	3	1	0	3	6	0	1	5	8	0	1	3	4	1	5	4	4	2	12	1	4
4:Del:M:2	3	8	6	4	8	12	6	5	10	5	4	5	6	2	5	1	7	2	1	11	5	3	2	6	6	2	1	10	12	8	2	10	8	4	2	4	3	3	6	2	0	9	0	3	7	1	3	2	4	3	4	8	2	9	0	3	3	1	3	22	2	1	11	6	6	3	5	6	9	6	4	5	2	6	4	3	4	3	3	3	3	1	2	3	8	7	4	4	3	1	0	4	8	0	16	5	1	3	8	3	8	6	1	6	5	4	1	1	0	7	11	3	4	0	3	3	2	1	4	8	7	11	1	13	3	10	1	8	6	5	6	1	2	6	2	4	1	9	17	3	0	6	4	8	8	3	7	1	13	1	1
4:Del:M:3	1	4	5	3	5	10	9	2	15	7	10	5	4	3	6	1	5	7	3	11	3	5	2	4	5	2	0	8	7	10	1	5	9	6	3	4	4	5	3	2	1	9	0	4	6	2	7	1	2	3	6	9	4	11	1	1	5	7	4	14	3	3	11	6	7	11	8	6	2	9	4	1	0	1	9	0	2	5	6	2	3	3	2	1	7	2	8	9	5	4	0	3	9	3	14	2	6	2	9	9	6	2	1	6	1	4	5	3	1	6	8	4	5	2	2	5	3	1	1	6	8	16	2	6	4	4	3	6	6	1	8	7	5	7	4	2	0	17	8	1	1	8	11	2	3	8	8	1	14	0	0
5:Del:M:1	13	129	14	88	113	13	38	28	125	114	26	52	107	8	24	18	45	77	27	145	9	12	13	17	90	10	7	134	272	79	8	21	74	17	48	8	95	77	33	19	8	73	14	8	42	5	14	0	3	11	36	264	14	22	5	7	23	10	84	299	16	7	42	22	154	43	40	26	24	22	15	9	7	59	21	19	13	43	68	20	2	3	16	12	15	14	22	27	14	77	16	118	119	83	134	16	21	10	137	22	25	5	4	38	17	12	14	13	12	20	168	82	70	4	7	19	6	2	6	84	15	100	12	19	8	144	18	125	154	38	18	19	13	63	6	3	10	15	149	5	0	34	20	49	17	95	67	18	145	5	9
5:Del:M:2	10	177	22	93	194	12	38	22	204	267	51	61	161	6	22	11	36	185	41	237	7	24	12	6	89	2	9	150	302	87	3	7	102	20	52	5	66	80	10	19	3	55	6	11	34	6	7	2	1	5	34	365	13	21	4	3	32	7	87	455	8	8	31	11	166	35	23	9	24	9	7	6	4	83	6	7	6	102	178	5	0	9	2	5	5	22	19	16	6	97	1	220	109	128	235	7	12	10	238	19	36	4	4	39	7	9	4	10	2	12	232	96	123	3	8	13	8	2	1	92	12	163	10	20	10	128	3	148	141	68	15	7	4	114	8	7	10	14	215	3	0	46	11	76	17	197	127	21	273	5	4
5:Del:M:3	7	130	17	74	152	8	27	8	174	193	29	51	139	1	15	7	22	142	34	200	4	13	4	3	82	2	0	110	199	58	3	5	84	11	35	6	53	67	11	7	4	65	3	2	9	1	3	1	1	4	37	286	3	13	3	4	20	2	55	334	3	8	22	11	122	23	7	7	11	5	7	1	4	72	5	4	3	71	135	3	0	2	7	2	5	13	14	19	7	65	2	198	99	80	201	5	3	5	213	11	16	1	3	37	8	7	5	5	8	14	154	64	127	0	10	8	4	1	2	74	10	149	4	13	6	91	8	95	103	46	12	4	2	62	0	5	10	12	192	3	2	30	11	62	10	174	94	11	234	1	4
5:Del:M:4	2	83	13	28	88	4	13	13	72	131	16	34	73	1	4	3	12	92	21	124	2	10	3	4	40	0	0	56	120	28	1	6	51	2	20	1	31	27	8	1	0	42	4	7	11	2	2	1	0	4	16	141	2	13	2	2	10	3	24	195	0	1	16	6	53	17	1	2	8	4	2	4	2	31	4	4	1	48	83	7	1	1	3	0	3	5	7	7	3	35	2	96	43	42	108	3	0	3	99	2	5	7	1	16	5	6	0	0	2	5	101	46	76	1	1	6	4	1	0	38	11	81	3	9	2	50	1	51	47	34	5	5	1	28	3	4	1	5	96	4	0	19	4	30	7	105	58	7	148	1	4
5:Del:M:5	4	55	8	19	68	8	11	4	75	96	25	19	74	1	13	3	13	78	21	103	3	7	1	4	33	0	2	55	106	22	1	3	39	7	17	3	24	14	6	3	1	39	1	5	9	1	11	0	2	5	21	147	4	12	1	0	8	2	25	151	1	0	6	9	56	22	5	6	9	5	4	0	3	23	3	5	2	32	80	5	0	2	2	1	5	7	11	9	7	29	3	94	44	54	101	2	1	5	79	6	15	7	1	20	1	2	1	1	3	6	93	26	56	2	4	6	3	0	2	29	13	59	3	6	5	39	3	38	45	29	11	5	2	29	3	3	1	6	95	1	2	16	3	41	12	79	52	7	136	1	2
