MutationType	ID83A	ID83B	ID83C	ID83D
1:Del:C:0	0.07688548319041728	0.02687016500160098	0.0012944183911895379	0.023032583156600596
1:Del:C:1	0.10231771871447563	0.018504688078537584	0.0012401233904529364	0.006522112296370324
1:Del:C:2	0.06449888210743665	0.008617919539101421	0.0030664629256352783	0.0019320586994035693
1:Del:C:3	0.030420371610671283	0.005006886125775054	0.007121236445382238	0.003516562749282457
1:Del:C:4	0.018250771015882492	0.002058591983804945	0.015150918774306774	0.0016205179352073173
1:Del:C:5	0.006666050394997001	0.0007932648853238791	0.03773033779114485	0.0004909774110274156
1:Del:T:0	0.06534160725772381	0.012771362345665694	0.0011999027442652732	0.02891995055601001
1:Del:T:1	0.053205832988023755	0.007887877034954726	0.0023019261460285635	0.023205445259809495
1:Del:T:2	0.0500174193829298	0.007539819509256631	0.005409195492975413	0.026494586300104858
1:Del:T:3	0.039569092132151124	0.018177461288869382	0.015693386271595954	0.023394871652126312
1:Del:T:4	0.03031510168686509	0.010453784116543829	0.04301055520772934	0.013256746726110578
1:Del:T:5	0.004116003150113841	0.0013211103586233863	0.5998616868257522	0.006765720390956886
1:Ins:C:0	0.005764496496412903	0.010173354735597969	0.0007501323937322013	0.008289510649628937
1:Ins:C:1	0.0044704244029708205	0.0036302001215517523	0.00031194830561844357	0.00359410137636587
1:Ins:C:2	0.0033997547277249394	0.001409484795149183	0.0004181450935720932	0.005366445765830576
1:Ins:C:3	0.0025716047384776175	0.0014212470629718155	0.0019306914333719761	0.0032578820374328642
1:Ins:C:4	0.001950024504913017	0.0016250089538516477	0.00483805610332638	0.000952992433012696
1:Ins:C:5	0.0018069999309955165	0.022389272022992374	0.01603091203607619	0.005630112967919558
1:Ins:T:0	0.007960922131314874	0.008994558355771004	0.0005976655581616797	0.008350235242396593
1:Ins:T:1	0.0402908394113183	0.012668127259239555	0.00040551014521042814	0.003491422299412079
1:Ins:T:2	0.022218629904091357	0.006677260238211602	0.01092797476798296	0.0005253713826823514
1:Ins:T:3	0.015032987715676427	0.009297130941413344	0.005712864100933075	0.0024865777486206752
1:Ins:T:4	0.008935637124814093	0.012088169008493424	0.006046426030807197	0.0025863087474135684
1:Ins:T:5	0.04186486173886806	0.6425769978761673	0.17026772648096083	0.004076073869365456
2:Del:R:0	0.013854980291798711	0.006134991596918553	0.00026927391753361007	0.014675275422632694
2:Del:R:1	0.015868141474202277	0.008551853056997061	0.0036074044997803866	0.013024896755814553
2:Del:R:2	0.005902442559599877	0.003263695798814297	0.0015629147581057623	0.004314163392409682
2:Del:R:3	0.0017634048592299223	0.001159203464339953	0.0041392019833438095	0.0019639354481478222
2:Del:R:4	0.0005564810684882105	0.0004471765104176484	0.002432980566518381	0.0017403096560155973
2:Del:R:5	0.00010421384884466533	0.0008016110903918161	0.004753531001042575	0.004561399584636092
3:Del:R:0	0.007089186869561673	0.0008382744198388536	9.760292555711204e-05	0.01176208353601396
3:Del:R:1	0.007927619963884353	0.012714862106367946	0.001930411655921489	0.009024610263295471
3:Del:R:2	0.0015731472556944936	0.0033134326990693808	0.0009175058020628057	0.0015434285234368873
3:Del:R:3	0.0005166842487960822	0.0013332533932407388	0.00017811142019127146	0.0002660829005071719
3:Del:R:4	0.00018648453431524103	0.0002034291657128051	0.00031036785221658645	0.0003802918991277693
3:Del:R:5	3.6915872766525305e-05	0.00022087584664404859	0.00032887441346247215	7.827111400914965e-05
4:Del:R:0	0.005185146117582917	0.001138270400406327	3.875520654219144e-05	0.009184198225848378
4:Del:R:1	0.007224511313252151	0.008872480555437505	0.0010166624319390394	0.006489576932508499
4:Del:R:2	0.0011469132994534447	0.0022060775902355088	0.0006002138457552064	0.0010646798434663651
4:Del:R:3	0.00038836745727167	0.0007959040029527387	0.0002249053521154565	0.0012206463405163958
4:Del:R:4	0.00032251141346932853	0.0004550445456266061	4.313986127272074e-05	1.9284649242763406e-05
4:Del:R:5	4.4903856153633015e-05	0.0002495653404730547	8.63251488408423e-05	0.0002872080173710856
5:Del:R:0	0.05439784981310367	1.6364992552553305e-05	0.0006181317995651625	0.1296851459145546
5:Del:R:1	0.0018504231609404087	0.003287700730143115	0.00029517232527723534	0.009867741507478059
5:Del:R:2	0.00035730664374568734	0.0007113382023817393	9.788922489519791e-05	0.0009569288569036871
5:Del:R:3	4.041859710474105e-07	0.00040601339365821333	3.0040649420155497e-05	0.0001987618447005879
5:Del:R:4	6.5516290069354e-05	3.289558476034848e-05	2.160739070013573e-05	6.859999348582946e-05
5:Del:R:5	4.843955941396416e-05	2.180603267065706e-08	4.870019016181559e-10	3.1396841449621294e-09
2:Ins:R:0	0.002446994845522568	0.005613245486747473	0.0002068711024088543	0.013855602946132422
2:Ins:R:1	0.004549701602663845	0.002589316261583008	0.0005101198550255503	0.007541208993643522
2:Ins:R:2	0.0022628675680607556	0.0012409684207887039	0.0006063698488287628	0.003446946091717109
2:Ins:R:3	0.0008738207735586911	0.0006127050311806669	0.0005019018106395378	0.0016860251550679095
2:Ins:R:4	0.00014983029432187324	0.002112408702960238	0.0031246928218752147	0.0011235112082067643
2:Ins:R:5	2.2657992667518557e-06	0.014690834525972606	0.012039990294724703	0.0024166884575970472
3:Ins:R:0	0.0005444744770647957	0.000842046176239819	0.00020585301002938648	0.006280619986355305
3:Ins:R:1	0.0025162107846699653	0.004067583312280476	0.0	0.0034797834628261626
3:Ins:R:2	0.0004780379639942112	0.0004244684725355796	4.7131744350203954e-06	0.001721470954362303
3:Ins:R:3	0.00010525149364752906	7.605158839231407e-05	1.3944838784170771e-05	0.00011058905387665518
3:Ins:R:4	3.974224576358765e-05	0.00010274662972051374	0.00020439747200725833	5.576994656394163e-05
3:Ins:R:5	2.4067751634540004e-05	0.0008202526971581392	0.0008258642043801955	0.00019539818814585887
4:Ins:R:0	6.006684589365818e-05	0.001787306924816221	6.802874217173293e-05	0.01081494580488652
4:Ins:R:1	0.0037470355653204026	0.002810315355891362	0.00010177201023680027	0.0022959668160183353
4:Ins:R:2	0.00019406153328674236	0.00015210552155000556	3.179986829415782e-11	0.0011688903777394444
4:Ins:R:3	6.456429602333947e-05	8.170669674882447e-05	4.614947553887472e-05	0.0005910193481395254
4:Ins:R:4	1.2655305688494268e-05	0.00044412698873202316	0.00018149049998241295	0.0003199420229678651
4:Ins:R:5	0.00029118955219928464	0.0006734526536456543	3.8278650230267885e-05	0.0004865775851425269
5:Ins:R:0	5.248248058364879e-10	4.651534572630567e-08	8.7940864308802e-05	0.08143751449882984
5:Ins:R:1	0.013533245539292693	0.01375172615982592	0.0	0.02294043518602848
5:Ins:R:2	0.0003820232358668818	0.0009978821346885525	6.858500547195944e-05	0.0008256345079098537
5:Ins:R:3	0.00011151140906652479	0.00043803791937534696	1.7033168209223958e-10	0.00016804035502602233
5:Ins:R:4	0.00011033482380065073	0.00044417561744921843	6.40706421251025e-11	3.0224775710685492e-05
5:Ins:R:5	7.531234933884079e-05	0.00015920737123359174	5.726987706289322e-10	1.2922636371059394e-05
2:Del:M:1	0.015383391277864575	0.00811372369993478	0.002191276779631153	0.016373787010088563
3:Del:M:1	0.0053623620979487896	0.001729826432383561	7.825591234905004e-05	0.008246120512485505
3:Del:M:2	0.005903327940031886	0.005886960914358497	0.001082956434111111	0.00797779981046915
4:Del:M:1	0.0038807859527878463	0.00203152374655474	0.00028609077435248764	0.009119970840401947
4:Del:M:2	0.004003385200630874	0.0041758858109824356	0.0005512867042125435	0.008200519853271544
4:Del:M:3	0.005249094590544701	0.005026804457884282	0.0009532810797099955	0.007127706748433411
5:Del:M:1	0.046129881739616393	0.0004203925214096671	0.0002336645645846147	0.11297958604991436
5:Del:M:2	0.0283583327755332	0.0015994550176765187	0.00035489625013724436	0.09964206390082836
5:Del:M:3	0.016029853047803043	0.0007680316056519132	0.00017137432863819412	0.06522004950791598
5:Del:M:4	0.00683928563259542	0.0010782850068062544	9.999574664107058e-05	0.0373029625788331
5:Del:M:5	0.006001509190537035	0.004128338249865919	0.00024077133958599005	0.03466701136901975
