NMF_Replicate	L1	L1 %	L2	L2 %	KL Divergence	Correlation	Convergence Iterations
1	144.39	24.292	28.235	17.007	0.09	0.98	1000000.0
2	144.412	24.176	28.257	17.014	0.089	0.98	1000000.0
3	143.422	24.241	27.864	17.028	0.091	0.981	1000000.0
4	144.699	24.256	28.219	16.793	0.089	0.981	1000000.0
5	143.032	24.131	27.768	16.86	0.09	0.98	1000000.0
6	143.091	24.432	27.609	17.275	0.09	0.98	1000000.0
7	144.568	24.308	28.33	16.961	3.879	0.981	1000000.0
8	144.793	24.369	28.054	17.091	7.665	0.98	1000000.0
9	144.394	24.133	28.127	16.822	3.877	0.98	1000000.0
10	144.902	24.356	28.323	17.055	0.09	0.98	1000000.0
11	144.241	24.38	27.891	17.025	0.091	0.98	1000000.0
12	144.243	24.385	28.063	17.118	7.665	0.98	1000000.0
13	144.013	24.198	28.206	17.177	0.09	0.98	1000000.0
14	144.314	24.237	28.068	17.112	3.877	0.98	1000000.0
15	142.67	24.264	27.338	16.962	3.878	0.98	1000000.0
16	144.44	24.371	28.099	17.196	3.882	0.98	1000000.0
17	144.716	24.364	28.58	17.086	3.878	0.98	1000000.0
18	145.226	24.274	28.712	17.121	0.091	0.98	1000000.0
19	143.656	24.369	28.032	17.166	0.09	0.98	1000000.0
20	143.142	24.131	27.803	16.991	0.091	0.98	1000000.0
21	142.932	24.093	27.763	16.875	0.09	0.981	1000000.0
22	143.011	24.218	27.737	17.06	15.239	0.98	1000000.0
23	142.547	24.195	27.605	16.969	0.09	0.98	1000000.0
24	142.475	23.944	27.715	16.595	0.089	0.981	1000000.0
25	141.891	24.228	27.157	16.919	3.877	0.98	1000000.0
26	143.827	24.187	27.887	16.905	0.09	0.981	1000000.0
27	143.954	24.185	28.046	16.892	0.089	0.981	1000000.0
28	142.628	24.255	27.32	16.956	0.09	0.981	1000000.0
29	144.821	24.372	28.419	17.11	0.09	0.979	1000000.0
30	142.891	23.988	27.812	16.639	0.089	0.981	1000000.0
31	145.02	24.183	27.982	16.887	0.089	0.98	1000000.0
32	144.023	24.274	27.92	16.972	0.09	0.981	1000000.0
33	144.574	24.393	28.385	17.299	0.091	0.98	1000000.0
34	143.775	24.226	28.021	17.05	3.877	0.981	1000000.0
35	144.308	24.21	27.958	16.991	0.089	0.98	1000000.0
36	142.417	24.302	27.114	17.038	3.878	0.98	1000000.0
37	144.271	24.293	28.13	17.06	0.09	0.98	1000000.0
38	143.541	24.222	27.9	17.052	3.877	0.98	1000000.0
39	144.065	24.307	27.989	17.149	0.091	0.98	1000000.0
40	144.037	24.336	27.82	16.994	3.878	0.98	1000000.0
41	145.822	24.273	28.772	17.015	0.09	0.98	1000000.0
42	143.265	24.169	27.189	16.872	3.878	0.98	1000000.0
43	143.746	24.257	27.858	17.029	0.09	0.98	1000000.0
44	142.668	24.174	27.668	17.045	3.878	0.98	1000000.0
45	143.279	24.203	27.676	16.919	0.09	0.981	1000000.0
46	145.225	24.439	28.33	17.041	0.09	0.98	1000000.0
47	143.516	24.266	27.657	16.914	0.091	0.98	1000000.0
48	143.789	24.276	27.954	16.975	0.09	0.98	1000000.0
49	144.343	24.178	28.008	16.964	0.09	0.98	1000000.0
50	143.853	24.281	27.923	17.034	3.878	0.98	1000000.0
51	144.525	24.33	28.055	17.068	0.09	0.98	1000000.0
52	144.15	24.205	28.275	17.024	0.09	0.98	1000000.0
53	144.091	24.317	28.088	17.109	3.878	0.98	1000000.0
54	144.749	24.229	28.469	16.897	3.877	0.981	1000000.0
55	143.368	24.262	27.913	17.051	0.09	0.98	1000000.0
56	144.403	24.376	28.248	17.057	0.09	0.98	1000000.0
57	143.479	24.458	27.558	17.276	0.09	0.98	1000000.0
58	144.922	24.263	28.274	17.045	0.089	0.98	1000000.0
59	144.174	24.367	27.823	17.019	0.09	0.98	1000000.0
60	144.126	24.305	27.894	17.101	11.453	0.98	1000000.0
61	144.37	24.415	28.285	17.181	7.667	0.98	1000000.0
62	143.871	24.236	27.909	16.875	0.089	0.981	1000000.0
63	145.044	24.284	28.559	17.124	7.665	0.98	1000000.0
64	143.701	24.111	27.804	16.743	7.665	0.981	1000000.0
65	143.616	24.328	27.888	17.081	7.666	0.98	1000000.0
66	144.579	24.394	28.187	17.132	0.09	0.98	1000000.0
67	141.893	24.133	26.848	16.943	0.09	0.981	1000000.0
68	143.237	24.272	27.657	16.963	0.09	0.98	1000000.0
69	142.836	23.973	27.702	16.638	0.09	0.981	1000000.0
70	143.455	24.383	27.738	17.02	11.453	0.981	1000000.0
71	143.211	24.143	27.845	16.835	0.089	0.981	1000000.0
72	144.048	24.253	28.058	17.005	0.09	0.98	1000000.0
73	143.481	24.184	27.867	16.847	0.091	0.981	1000000.0
74	143.968	24.381	27.903	17.193	0.091	0.98	1000000.0
75	142.988	24.09	27.677	16.878	0.091	0.98	1000000.0
76	142.732	24.158	27.573	16.928	0.089	0.98	1000000.0
77	143.414	24.209	27.633	16.879	0.09	0.98	1000000.0
78	142.49	24.068	27.406	16.934	0.09	0.981	1000000.0
79	145.303	24.265	28.965	17.219	0.09	0.98	1000000.0
80	142.969	24.36	27.408	17.092	0.091	0.98	1000000.0
81	146.301	24.437	28.611	17.109	0.091	0.98	1000000.0
82	143.775	24.282	27.613	16.916	0.095	0.981	1000000.0
83	144.275	24.304	28.176	16.997	0.09	0.98	1000000.0
84	143.19	24.199	27.606	16.966	0.09	0.98	1000000.0
85	141.917	24.234	26.653	16.907	0.09	0.98	1000000.0
86	143.262	24.386	27.657	17.223	0.09	0.98	1000000.0
87	142.176	24.377	26.729	17.136	3.878	0.98	1000000.0
88	141.877	23.816	27.688	16.667	0.089	0.981	1000000.0
89	143.328	24.148	27.974	16.93	22.814	0.981	1000000.0
90	143.935	24.248	27.661	16.859	0.091	0.981	1000000.0
91	142.212	24.089	27.412	16.76	3.877	0.981	1000000.0
92	143.771	24.33	27.942	17.095	19.027	0.98	1000000.0
93	143.601	24.13	27.973	16.843	3.878	0.981	1000000.0
94	141.997	24.147	27.481	16.898	0.09	0.98	1000000.0
95	141.185	24.184	26.428	16.992	0.093	0.981	1000000.0
96	144.2	24.129	28.375	16.816	0.089	0.981	1000000.0
97	144.104	24.329	28.307	17.015	0.091	0.98	1000000.0
98	142.31	24.176	27.146	16.827	3.877	0.981	1000000.0
99	143.277	24.185	28.084	16.946	0.09	0.981	1000000.0
100	145.323	24.214	28.73	17.041	0.09	0.98	1000000.0
