Samples	ID83A	ID83B	ID83C	ID83D	ID83E	ID83F	ID83G	ID83H	ID83I	ID83J	ID83K	ID83L	ID83M	ID83N	ID83O	ID83P	ID83Q	ID83R
SP109953	47	195	8	10	15	13	3	3	6	1	8	13	11	0	8	20	14	19
SP107650	43	140	3	0	34	17	0	14	16	9	4	7	8	0	6	21	3	26
SP13206	134	74	20	2	0	17	1	6	12	2	13	0	20	0	6	35	9	7
SP13078	63	128	14	20	21	36	0	32	16	6	13	5	11	0	6	27	8	14
SP107607	34	64	13	3	59	4	0	33	11	1	33	0	15	0	6	16	10	13
SP109941	34	43	4	2	51	12	3	2	12	0	11	16	12	0	6	0	2	0
SP109801	135	99	28	0	19	4	1	0	24	8	15	0	19	0	6	12	12	13
SP13072	12	72	9	3	0	35	2	18	11	9	14	9	16	0	0	26	17	58
SP107595	109	208	2	7	18	45	6	7	19	0	163	0	13	0	5	49	11	50
SP107640	46	138	12	1	0	16	1	30	2	1	2	12	5	0	2	14	2	17
SP13084	48	183	3	5	0	38	1	14	19	9	21	12	5	0	4	25	0	30
SP107603	23	80	5	3	28	22	1	26	11	14	7	0	17	0	4	4	11	22
SP109957	32	115	5	12	0	30	10	50	19	14	5	0	4	0	4	4	46	196
SP114020	104	197	0	2	0	32	9	20	18	18	17	0	29	0	4	11	24	167
SP96540	40	65	1	14	14	0	0	9	4	0	0	45	14	0	0	0	4	18
SP114032	20	132	14	26	1	23	5	9	6	3	1	0	10	0	2	34	12	11
SP107624	15	52	5	0	0	17	3	8	11	1	15	0	20	0	0	18	0	0
SP107575	70	64	0	8	0	35	0	17	18	12	7	25	12	0	0	36	10	0
SP13242	37	79	3	14	14	6	2	14	24	8	10	10	8	0	1	21	4	15
SP114016	18	134	1	2	20	26	1	31	9	11	10	0	12	0	2	18	13	4
CPCT02070011T	33	291	16	73	326	56	43	32	947	127	148	77	0	75	9	182	30	19
CPCT02020317T	9	37	27	9	0	21	41	22	23	20	4	0	10	26	6	52	0	0
CPCT02010352T	0	9	11	7	0	14	24	7	6	3	0	0	4	4	4	0	7	8
CPCT02010362T	8	7	14	9	0	7	11	8	1	8	11	0	7	22	4	10	2	13
CPCT02010366T	1	0	2	0	1	8	10	4	3	0	2	0	0	11	4	0	2	3
CPCT02010383T	4	0	15	0	0	0	56	8	16	0	0	20	4	10	2	3	0	9
CPCT02050049T	7	9	12	6	34	13	36	32	1	3	14	12	28	1	4	0	10	0
CPCT02020350T	2	31	20	8	0	42	28	15	5	1	22	7	20	1	2	8	5	65
CPCT02060023T	38	213	43	1	36	187	15	17	31	19	79	0	56	29	12	31	28	72
CPCT02080030T	52	163	1639	12	17	129	213	134	23	248	50	21	52	22	42	0	23	33
CPCT02060010T	183	56	117	28	44	68	22	57	40	62	64	132	12	45	18	31	29	27
CPCT02040037T	163	395	0	15	23	16	107	9	1	38	12	101	99	0	1104	0	4	79
CPCT02070018T	29	65	18	0	119	217	34	34	32	9	58	4	35	3	8	14	16	42
CPCT02080041T	8	27	61	0	0	355	42	61	38	28	66	141	64	0	4	8	8	0
CPCT02070029T	370	42	15	7	33	35	16	43	88	28	50	0	49	17	18	135	9	0
CPCT02060033T	87	52	27	0	94	25	60	30	56	24	38	48	20	65	25	27	36	36
CPCT02020399T	682	236	39	25	401	2	62	168	22	10	46	43	234	34	44	1	24	0
CPCT02140024T	3652	599	51	782	633	62	69	0	64	16	22	0	28	0	15	107	0	0
CPCT02080050T	19	1	30	4	49	66	60	17	13	11	0	62	33	4	0	0	5	8
CPCT02030293T	30	16	14	12	131	18	40	38	29	17	10	1	19	8	8	0	9	19
CPCT02010441T	64702	1186	186	8003	1426	0	40	49	110	0	4	0	1073	86	32	0	22	0
CPCT02090030T	284	211	19	10	80	13	73	12	36	3	32	67	0	25	7	4	6	39
CPCT02010718T	72	312	5	13	19	50	84	13	20	12	3	22	8	43	16	19	6	0
CPCT02020653T	20	84	26	6	0	109	94	12	9	8	16	58	3	15	7	0	1	31
CPCT02340008TII	27	65	5	8	51	10	111	10	7	8	8	21	12	32	12	0	6	0
CPCT02020876T	14	13	12	10	2	23	12	9	7	28	27	58	10	5	8	4	0	17
CPCT02370016T	35	78	31	14	0	21	81	61	9	0	64	100	42	7	9	16	12	5
CPCT02070275T	29	218	0	25	134	33	79	24	6	12	13	7	13	42	6	0	9	0
CPCT02011028T	303	110	13	35	62	138	19	50	31	21	49	107	31	25	17	18	23	22
CPCT02230072T	21426	4094	145	6158	1977	973	103	1092	314	782	0	949	0	926	327	0	0	0
CPCT02130028T	138	224	0	9	7	18	92	31	19	11	9	20	5	59	10	11	0	0
CPCT02060182T	11	9	11	1	3	0	39	14	5	11	11	12	11	20	4	11	0	3
CPCT02020657T	0	32	5	1	21	36	84	20	12	6	0	32	8	0	7	8	9	5
DRUP01090026T	10	38	18	0	14	22	15	19	15	14	19	19	32	26	2	28	9	14
CPCT02130029T	1	1	16	0	3	4	40	9	0	1	6	0	15	23	4	14	1	12
CPCT02340010TII	212	93	1	25	0	0	163	5	1841	13	100	32	19	30	13	222	7	0
DRUP01020022T	7	26	19	5	0	56	13	13	8	22	2	0	17	49	4	13	9	2
CPCT02120103T	27	231	0	9	17	4	68	11	16	15	64	49	22	0	7	42	8	32
CPCT02300030T	57	212	12	27	58	39	78	16	5	15	20	65	23	0	6	0	6	2
CPCT02150044T	12	53	9	6	0	29	8	13	9	7	8	53	17	23	10	8	1	10
CPCT02020920T	7	12	19	2	0	66	28	31	8	7	33	7	37	7	13	3	18	47
CPCT02080192T	10	130	23	6	74	11	110	23	17	11	16	0	23	37	7	0	14	20
CPCT02130170T	77	38	63	25	17	20	23	62	1004	10	36	0	114	5	19	0	0	34
CPCT02260014T	851	638	21	23	48	44	51	21	35	16	7	123	87	64	130	50	18	102
CPCT02020922T	1	21	1	0	0	36	12	0	5	62	9	42	16	0	6	4	5	23
CPCT02011072T	10	28	14	6	5	36	6	6	10	1	6	7	9	14	10	4	0	1
CPCT02010758T	0	25	21	0	13	78	94	21	17	18	60	0	51	25	8	3	8	0
WIDE01010006T	0	10	1	6	0	12	17	6	4	8	0	0	2	19	11	12	10	15
CPCT02040220T	14	116	10	0	0	82	56	3	20	11	47	28	11	24	13	0	12	3
CPCT02100157T	210	316	12	28	119	62	71	26	44	10	10	11	9	58	8	68	13	3
CPCT02230088T	173	39	5043	80	0	67	144	833	119	896	47	874	175	0	147	0	18	0
CPCT02130178T	10	25	15	1	0	68	13	23	23	37	21	8	12	12	6	29	1	21
WIDE01010017T	55	87	31	14	57	30	19	39	21	24	45	0	6	50	8	38	23	26
WIDE01010025T	8	23	2	7	0	0	22	27	9	10	9	23	29	26	7	13	1	1
WIDE01010028T	184	129	31	57	31	189	21	102	70	33	124	0	76	67	20	79	58	86
WIDE01010012T	66	116	0	6	0	127	67	37	8	23	574	0	48	0	12	3	11	14
WIDE01010031T	513	544	133	0	188	20	36	0	30	24	34	5	167	52	447	0	50	0
CPCT02020956T	3	12	12	0	6	23	13	0	0	12	0	28	0	3	10	1	11	18
CPCT02010774T	2	34	18	13	0	59	21	13	2	9	25	3	38	37	0	0	0	5
CPCT02010756T	10	1	11	0	3	12	67	15	0	9	13	28	12	17	6	36	11	6
WIDE01010045T	13	43	2	0	24	170	29	31	11	10	32	0	14	0	12	0	14	1
CPCT02080204T	6	10	18	0	0	30	41	5	5	25	0	44	0	0	4	25	13	10
WIDE01010037T	623	773	30	32	334	0	22	56	51	33	19	61	25	70	57	29	44	66
WIDE01010056T	170	351	0	35	58	49	28	25	31	23	23	56	10	65	18	26	49	0
CPCT02070298T	192	271	20	13	72	3	18	25	21	14	23	36	17	30	12	17	18	0
WIDE01010594T	11	84	11	5	0	47	22	21	25	16	4	0	50	14	8	8	11	6
WIDE01010078T	3	6	36	2	13	286	21	83	23	23	112	27	42	0	12	11	18	37
CPCT02130054T	37	126	36	8	0	36	73	14	23	18	4	0	33	61	0	36	11	21
CPCT02040228T	12	68	1	21	20	32	56	9	8	8	11	36	6	24	12	13	4	16
WIDE01010051T	12	39	15	1	3	12	12	32	44	6	12	88	15	72	32	27	9	7
CPCT02050319T	7	0	0	0	5	0	94	25	41	23	6	0	20	8	2	35	15	8
CPCT02020689T	5	86	11	5	0	114	95	2	4	19	51	0	29	9	4	11	17	39
WIDE01010043T	20	17	8	16	58	48	7	24	10	16	35	5	36	25	4	5	4	1
WIDE01010112T	218	160	31	13	114	195	23	42	33	5	82	109	8	22	13	0	22	36
WIDE01010092T	16	70	6	8	0	14	13	6	4	14	13	19	16	41	11	5	0	22
WIDE01010119T	97	121	20	0	40	26	10	21	51	20	27	55	15	16	20	65	2	32
CPCT02170022T	6	64	3	0	0	17	98	19	14	14	19	29	6	18	2	12	1	11
WIDE01010120T	2	25	22	9	0	30	10	7	5	5	18	1	4	35	2	9	9	13
WIDE01010127T	266	233	3238	213	79	76	31	376	72	630	121	259	7	2	77	4	12	0
CPCT02300036T	69	369	61	12	34	74	44	40	14	41	62	0	69	27	6	34	9	43
WIDE01010146T	9	17	25	0	0	105	5	19	0	18	26	14	17	0	6	15	0	22
CPCT02070309T	11	23	18	0	23	42	61	24	6	9	30	18	48	12	6	13	10	0
WIDE01010157T	93	142	1407	51	31	135	9	175	31	335	55	5	127	68	36	24	31	21
WIDE01010170T	66	79	11	0	0	8	9	13	6	22	23	16	7	42	6	20	2	21
CPCT02020696T	7	22	40	0	16	92	74	0	2	17	1	19	13	0	4	3	1	17
CPCT02030471T	6	50	7	0	10	40	200	8	15	9	6	13	12	33	2	43	8	0
CPCT02130032T	6	17	17	0	0	76	112	22	15	12	0	3	38	5	4	26	13	1
CPCT02070310T	482	421	0	11	235	85	63	52	5	13	34	13	58	105	565	6	20	0
WIDE01010164T	61	88	28	32	59	52	32	83	0	50	102	63	71	8	47	0	16	4
WIDE01010190T	8	32	22	10	0	6	16	28	0	10	2	56	25	8	5	0	9	11
WIDE01010182T	310	298	65	26	53	291	10	84	45	29	72	0	95	88	55	21	13	20
DRUP01050040TII	606	477	0	12	51	25	0	257	10	41	8	7	0	268	59	5	13	0
WIDE01010225T	100	110	8	12	63	0	39	61	13	2	11	66	70	38	7	0	0	0
CPCT02050348T	33	34	21	6	15	28	34	97	0	20	35	0	44	14	4	19	5	19
WIDE01010275T	26	53	46	0	104	276	14	35	17	10	58	0	15	24	12	8	21	19
CPCT02010810T	14	57	17	14	0	1	42	6	9	8	13	0	35	21	6	14	5	17
CPCT02060206T	62	104	2818	86	7	61	170	350	13	455	54	211	65	25	74	0	19	14
WIDE01010284T	12	58	9	2	9	0	13	16	4	13	1	29	9	25	2	0	9	10
WIDE01010330T	7	30	4	5	34	26	1	17	6	12	8	38	10	22	2	8	0	0
WIDE01010312T	114	71	2762	98	24	169	14	181	45	582	59	0	66	115	67	14	7	0
WIDE01010317T	221	184	38	29	119	77	54	77	16	51	663	64	34	58	42	2	4	16
WIDE01010337T	46	294	283	18	0	60	47	34	3	67	54	66	82	8	27	50	0	27
CPCT02220043T	429	413	34	0	190	31	98	130	15	437	56	8	199	90	165	0	24	40
CPCT02130094T	64	349	35	20	82	350	39	33	31	18	105	8	50	34	18	5	22	46
WIDE01010329T	247	232	1551	112	153	73	47	71	18	166	233	42	152	98	48	24	25	0
WIDE01010331T	10	33	1	1	41	48	16	5	6	13	0	34	2	13	12	15	4	1
CPCT02010828T	60	162	697	63	28	27	62	60	15	56	48	108	57	24	13	0	15	19
WIDE01010101T	85	315	1463	47	32	84	38	209	48	352	49	62	56	0	50	4	15	23
WIDE01010349T	1	25	19	8	0	34	22	37	0	16	23	38	22	0	6	0	6	22
WIDE01010342T	17	159	31	0	5	49	15	4	14	17	11	21	20	32	12	9	5	8
WIDE01010359T	3	13	16	13	3	10	19	5	7	12	5	3	14	16	6	25	5	6
WIDE01010370T	10	0	13	0	0	66	15	25	15	22	24	22	35	3	5	4	1	7
WIDE01010369T	8	230	11	6	55	25	24	0	17	17	22	54	14	0	4	0	4	27
CPCT02340084T	95	155	253	44	39	110	10	34	5	56	16	42	57	67	10	1	0	23
DRUP01030015T	49	173	73	30	115	15	25	27	26	417	27	0	13	7	12	0	12	12
CPCT02060236T	8	46	10	4	13	25	79	19	11	17	5	21	0	15	4	21	4	18
CPCT02120125T	45	86	1236	34	0	43	30	173	15	293	5	150	25	13	34	46	13	3
CPCT02230098T	2038	192	0	89	0	8	36	29	31	0	2	29	0	180	16	12	20	0
DRUP01090015T	0	0	15	6	0	33	44	5	20	11	2	0	0	29	10	1	4	21
WIDE01010401T	38	53	16	12	0	75	20	52	44	7	31	23	62	27	2	38	3	24
CPCT02230105T	9	7	27	0	0	28	48	13	2	0	11	49	0	24	6	4	0	4
CPCT02080223T	32	35	21	0	64	61	92	37	13	8	460	0	52	71	9	2	21	11
CPCT02020730T	14	45	61	0	0	257	80	73	9	1	17	159	60	0	4	2	13	0
CPCT02010831T	221	85	986	65	62	96	30	154	17	173	134	43	181	102	64	0	15	8
WIDE01010428T	20	51	0	12	6	16	19	18	9	8	1	13	26	14	4	0	12	26
CPCT02290039T	1141	653	4	9	324	0	117	109	18	0	69	57	71	112	38	10	75	45
CPCT02010843T	33	23	2	0	0	49	89	13	7	8	8	39	3	22	4	24	2	9
CPCT02130103T	43	217	29	6	79	159	80	25	6	2	51	53	12	60	0	15	36	28
CPCT02070337T	49	30	35	19	11	10	80	41	9	0	326	5	45	67	22	54	10	21
WIDE01010440T	3	39	23	14	2	82	17	7	3	9	0	50	16	0	12	1	6	6
WIDE01010404T	162	129	19	7	182	18	30	54	11	24	16	0	9	110	11	0	4	0
CPCT02080229T	33	68	226	0	5	34	68	31	33	36	26	25	35	20	16	18	6	0
CPCT02050363T	60	148	41	3	121	0	80	29	26	8	17	0	89	81	10	0	9	9
CPCT02040250T	29	79	0	3	50	27	65	12	2	6	26	13	49	8	6	0	8	16
CPCT02040251T	29	44	138	1	0	45	75	41	18	19	2	66	16	0	4	3	2	23
CPCT02260022T	349	314	0	0	177	10	10	22	21	18	11	47	84	57	25	0	10	0
CPCT02340090T	115	185	22	21	61	19	16	9	18	26	19	17	12	38	14	32	17	2
CPCT02450013T	24	49	19	1	38	44	41	0	21	5	25	8	0	60	2	27	0	18
CPCT02070347T	79	267	19	0	43	214	61	67	44	5	47	123	25	29	16	0	14	35
CPCT02060140T	4	29	32	0	0	13	31	9	0	16	5	17	20	31	2	64	1	24
CPCT02020720T	0	28	14	3	0	25	47	4	7	3	0	0	16	4	0	7	10	10
CPCT02230109T	375	446	16	5	275	0	91	19	31	19	21	27	70	51	54	1	5	12
DRUP01090019T	266	166	69	6	211	68	43	50	45	93	54	31	32	5	13	31	22	3
CPCT02120144T	12	9	1	2	0	102	6	14	0	19	31	7	53	24	1	0	4	27
CPCT02080240T	45	261	197	14	20	68	19	47	6	20	24	56	60	6	10	12	0	18
CPCT02130125T	38	73	18	6	22	33	35	34	34	7	52	16	28	21	10	15	16	50
CPCT02070355T	7	3	9	1	20	27	39	11	8	8	8	1	10	23	4	2	4	15
CPCT02010872T	6	9	7	2	0	10	37	5	16	26	1	30	8	17	2	7	4	20
CPCT02010878T	21	115	33	0	58	0	80	112	13	2	21	0	7	44	12	17	24	24
CPCT02090054T	723	873	208	13	130	60	62	275	132	56	30	117	280	24	251	163	48	37
CPCT02330117T	268	227	13	0	73	151	18	36	43	9	47	80	0	33	10	32	9	32
CPCT02170031T	305	534	41	16	382	0	47	1	25	15	12	8	23	70	36	2	43	0
CPCT02020765T	10	71	5	0	0	43	75	26	8	7	338	68	22	21	12	0	4	0
CPCT02010851T	2	12	16	2	0	9	87	13	0	1	9	35	18	7	2	17	6	15
CPCT02020756T	12	15	39	6	0	114	59	39	14	14	27	56	30	13	4	12	2	0
DRUP01170001T	49	337	8	0	211	12	44	167	0	60	0	0	0	84	9	0	3	0
WIDE01010617T	164	165	52	0	0	31	15	37	28	18	33	10	32	30	14	78	5	0
WIDE01010627T	5	36	15	2	0	35	9	10	21	4	19	0	57	17	3	11	7	0
CPCT02030502T	28	38	53	6	0	27	18	36	8	22	12	46	32	14	12	16	4	47
CPCT02030507T	207	82	6	0	58	10	51	11	13	3	21	71	9	14	8	11	5	9
WIDE01010595T	81	452	0	13	237	10	11	21	22	85	26	23	19	62	8	0	36	8
CPCT02040273T	6	110	17	6	2	60	27	10	24	44	28	0	39	24	13	3	14	13
CPCT02030520T	51	179	37	0	20	118	41	10	35	5	22	16	24	28	7	6	4	42
CPCT02110075T	726	594	9	24	222	23	73	33	29	11	30	0	145	69	45	19	17	23
CPCT02290050T	135	142	42	0	17	32	75	26	17	16	30	68	27	24	10	46	3	0
CPCT02290053T	1	27	0	5	40	18	50	9	0	5	11	28	5	19	4	7	9	10
CPCT02080257T	29	38	21	11	47	22	30	8	2	4	19	42	0	17	2	20	4	0
CPCT02290054T	11	115	36	4	23	54	34	3	9	22	15	32	9	13	2	13	2	25
CPCT02080256T	32	120	11	12	55	50	81	2	6	9	32	20	16	10	3	7	6	37
CPCT02030497T	109	46	1327	70	0	62	95	104	19	175	89	102	123	16	55	4	13	55
DRUP01290001T	1140	622	0	11	346	0	114	123	22	3	83	43	88	82	46	5	76	34
CPCT02070372T	6	21	28	12	3	52	53	7	9	3	0	0	3	12	8	25	4	13
CPCT02290051T	5	24	11	4	0	0	100	22	12	7	5	32	7	20	4	13	7	13
CPCT02020815T	114	65	4738	165	0	0	33	587	42	1025	0	407	89	0	83	0	5	0
CPCT02040271T	12	18	22	9	9	62	125	33	8	9	32	7	35	0	10	4	7	0
CPCT02130154T	4	38	11	10	9	16	16	20	0	2	6	0	10	25	2	26	5	20
CPCT02120164T	223	411	1083	101	259	6	100	97	37	150	59	154	96	61	75	21	39	0
CPCT02020797T	4	15	0	0	11	6	53	4	3	4	14	23	6	7	8	7	4	13
DRUP01010099T	158	348	19	14	23	8	56	12	41	21	41	0	50	19	10	85	11	43
CPCT02340104T	5	13	12	5	0	52	47	9	16	7	6	71	5	10	1	36	0	1
CPCT02380018T	157	231	28	0	56	0	145	51	30	4	373	84	178	24	100	23	4	0
CPCT02340010TIII	219	115	0	32	0	43	187	10	1881	7	103	23	0	29	17	246	7	6
CPCT02060033TII	76	25	16	5	138	81	204	28	60	21	45	0	17	45	16	14	27	29
CPCT02020582T	3	63	13	0	0	24	37	17	15	12	32	7	27	34	6	40	4	0
DRUP01050040T	418	353	1	10	72	40	5	96	10	11	3	20	9	104	9	3	1	0
CPCT02180041T	101	92	34	1	125	25	89	15	22	32	39	44	27	23	18	7	9	7
CPCT02060137T	2	13	13	7	0	2	35	18	6	1	8	0	26	0	4	15	6	5
CPCT02070403T	1	4	7	1	2	24	12	2	1	5	5	4	0	20	0	3	9	13
CPCT02050264T	98	186	7	2	99	27	78	19	3	21	31	51	28	22	3	4	12	9
CPCT02060143T	460	366	854	95	45	114	57	94	35	257	102	156	76	0	30	35	0	7
CPCT02010988T	11	51	2	6	0	24	51	21	7	21	5	22	16	0	14	38	7	7
CPCT02010993T	60	67	30	19	0	230	11	33	45	13	76	34	13	42	16	0	27	64
CPCT02450003T	28	141	59	19	121	36	45	2	11	19	14	6	30	23	9	27	14	4
CPCT02230049T	12	142	222	6	0	132	130	55	23	54	647	84	3	36	36	39	18	45
CPCT02010995T	25	87	47	9	87	45	48	39	39	13	22	0	40	4	15	9	9	9
CPCT02010878TII	21	103	29	0	68	4	32	107	24	3	16	0	7	84	73	11	33	20
CPCT02010656T	1	10	2	6	0	0	73	4	0	0	8	14	1	8	4	1	13	0
CPCT02010645T	10	46	7	0	11	18	60	14	4	9	1	16	16	22	8	5	7	0
DRUP01330016T	458	601	88	9	214	447	0	79	30	102	135	0	95	241	191	0	37	21
DRUP01080005T	27	38	2477	120	24	122	334	300	57	400	36	32	89	118	60	0	0	0
CPCT02020879T	57	44	20	7	69	115	13	18	9	8	12	0	13	21	9	14	7	6
DRUP01090004T	16	15	19	18	9	141	50	49	182	20	57	89	47	69	10	8	18	0
CPCT02020613T	17	85	39	0	72	69	50	54	9	30	49	17	74	10	17	6	7	16
DRUP01110006T	117	338	31	11	0	30	21	26	8	18	19	34	39	26	18	65	15	11
CPCT02010993TII	64	80	37	2	0	253	15	27	37	12	74	17	18	35	4	0	29	52
CPCT02060125T	67	179	35	7	55	77	139	15	31	13	46	10	23	36	11	19	18	47
CPCT02010647T	61	239	0	15	5	29	113	16	24	5	14	0	138	0	11	9	22	30
CPCT02170013T	967	246	0	0	26	19	108	40	43	11	35	126	87	0	27	36	4	13
CPCT02170009T	16	34	17	15	0	39	123	22	0	20	0	0	34	33	4	8	5	20
CPCT02170012T	43	161	9	5	92	47	120	93	0	32	0	0	4	17	10	0	7	0
CPCT02020608T	2	8	8	0	25	32	126	4	7	2	8	0	4	6	2	28	1	2
CPCT02010653T	6	21	13	9	0	16	102	15	2	6	12	38	22	11	6	5	4	3
CPCT02230061T	277	203	36	25	312	52	79	16	42	13	12	8	27	39	4	22	15	12
CPCT02050282T	240	331	34	10	64	26	82	60	24	32	76	0	103	71	32	44	10	43
CPCT02010560T	9	14	3	5	0	14	10	11	4	5	5	1	11	22	2	5	8	10
CPCT02380007T	13	64	13	1	18	1	26	5	12	4	11	0	23	11	2	7	5	4
CPCT02380006T	93	44	786	37	67	61	28	77	26	128	34	90	73	5	31	14	21	0
CPCT02080105T	182	245	1834	156	11	37	24	229	70	450	52	231	91	20	41	18	25	0
CPCT02340010T	218	108	0	36	0	28	31	11	1878	14	111	29	0	38	14	255	9	0
CPCT02010574T	17	71	18	3	0	9	19	15	9	11	15	28	2	29	6	14	5	32
CPCT02180026T	422	412	66	4	100	320	26	67	47	35	122	0	132	11	118	20	21	51
CPCT02100074T	7	157	20	8	36	23	43	19	30	5	13	20	18	31	4	30	16	30
CPCT02120018T	18	115	17	8	9	19	27	32	16	8	1	39	9	69	4	16	16	14
CPCT02380008T	0	307	39	0	93	25	10	7	3	20	19	22	10	27	1	8	10	21
CPCT02170003T	10	30	21	0	54	17	140	20	4	10	7	0	14	19	0	10	6	0
CPCT02020523T	59	39	0	2	61	51	37	26	8	8	60	47	15	4	15	12	21	40
CPCT02060081T	117	116	21	16	82	9	20	22	24	0	26	44	0	16	8	35	11	0
CPCT02110035T	6	14	4	13	0	13	32	9	12	7	23	33	2	22	5	19	9	24
CPCT02080118T	8	95	29	1	0	31	1	11	15	22	16	0	0	34	5	30	13	17
CPCT02010589T	0	11	2	0	0	12	25	4	5	0	6	36	9	8	0	27	5	26
CPCT02030349T	43859	2781	360	7700	289	0	60	0	128	83	20	0	531	0	38	95	20	0
CPCT02110039T	63	148	12	7	82	0	67	7	4	11	0	10	0	43	6	14	18	27
CPCT02030353T	262	249	30	7	201	190	56	115	23	5	860	140	74	70	37	35	14	0
CPCT02020540T	110	90	540	68	79	50	62	56	13	92	56	105	80	4	41	19	9	34
CPCT02010611T	0	0	1	0	11	14	28	8	8	6	1	10	2	0	0	6	0	7
CPCT02010608T	30	17	11	12	0	8	19	28	6	0	12	71	2	1	10	11	4	22
CPCT02330041T	651	524	213	0	123	55	23	525	160	38	0	218	52	0	521	0	63	42
CPCT02380013T	11	10	0	7	0	9	23	4	7	2	8	30	0	0	8	19	9	14
CPCT02010613T	5	9	2	8	0	28	25	18	3	4	6	35	9	19	4	45	6	5
CPCT02010577T	3	26	2	6	0	3	66	7	12	12	27	44	11	31	9	39	11	4
CPCT02050202T	24	49	6	15	31	0	71	24	11	21	17	35	0	13	10	22	8	36
CPCT02020559T	89	95	22	14	61	82	88	53	482	25	30	4	44	0	8	0	15	2
CPCT02050213T	10	71	24	5	5	54	85	13	0	0	7	36	27	37	3	22	0	22
CPCT02020568T	11	87	32	1	32	56	22	21	5	3	15	0	30	12	2	4	5	3
CPCT02030364T	4	20	25	4	10	9	73	3	1	18	19	29	14	8	6	28	14	16
CPCT02050192T	7	8	0	0	0	15	149	6	10	12	18	51	0	11	4	11	7	22
CPCT02010596T	0	9	0	15	0	26	66	8	5	4	2	23	15	31	4	0	6	7
CPCT02030365T	8	11	1	5	2	21	67	8	4	11	11	0	4	32	5	3	8	9
DRUP01010036T	7	31	18	12	0	94	115	10	20	13	17	0	30	44	2	2	2	34
CPCT02230043T	120	121	19	5	194	9	24	35	38	16	28	33	29	39	16	8	11	0
CPCT02080135T	164	112	64	15	22	233	141	65	31	19	83	60	83	1	35	22	34	15
CPCT02050229T	2	59	7	2	0	29	43	2	3	1	2	0	3	45	4	0	1	17
CPCT02010632T	6	13	9	5	10	15	53	4	10	5	16	0	24	11	1	0	7	8
CPCT02020579T	30	42	19	7	0	37	60	19	3	0	9	17	21	20	4	1	2	12
CPCT02020587T	20	21	76	9	0	426	140	60	29	0	58	160	56	0	12	17	10	0
CPCT02070040T	527	394	7	6	147	0	133	40	48	17	25	0	12	73	102	11	23	100
CPCT02070050T	351	555	14	0	46	21	38	33	17	15	16	124	43	32	70	18	22	93
CPCT02300004T	25	118	30	8	0	14	41	23	21	6	22	14	29	30	3	18	7	31
CPCT02020424T	3	19	13	6	0	5	17	26	1	10	11	18	13	28	2	10	3	4
CPCT02020433T	3	9	20	6	0	0	16	9	1	5	5	64	10	14	6	11	11	16
CPCT02010466T	12	16	1	4	0	4	21	10	12	12	11	29	22	28	0	25	5	0
CPCT02010454T	10	20	13	7	0	15	14	4	1	4	1	0	21	20	6	38	5	0
CPCT02140036T	199	277	18	0	39	0	16	36	28	2	13	85	107	2	48	16	5	15
CPCT02010350T	10	83	14	4	0	13	17	3	9	8	12	39	0	21	3	18	0	7
CPCT02100039T	534	507	6	6	142	46	36	98	27	47	49	39	84	44	453	70	34	25
CPCT02050106T	200	255	75	1	82	232	14	26	14	19	110	0	78	19	12	67	29	6
CPCT02020415T	9	54	7	4	7	22	26	19	3	0	11	0	19	9	2	0	2	11
CPCT02180014T	47	176	44	11	57	51	10	14	14	10	25	4	44	31	10	24	12	23
CPCT02090006T	11	34	16	0	0	5	28	12	7	8	17	36	24	24	2	19	8	14
CPCT02020444T	4	18	48	16	2	306	59	52	4	14	43	126	64	30	6	27	19	0
CPCT02030314T	17	17	23	2	0	0	18	28	14	12	13	37	11	0	12	19	7	1
CPCT02190010T	57	92	12	21	5	8	27	19	11	5	1	29	13	14	4	31	13	2
DRUP01010013T	14	72	31	0	86	21	14	11	0	11	10	0	33	23	3	13	12	0
CPCT02080086T	18	55	2461	124	0	53	20	289	71	397	9	67	70	54	56	0	0	28
CPCT02010438T	1	4	18	5	0	19	19	4	9	15	1	34	11	10	6	17	0	6
CPCT02190012T	44	194	88	10	13	122	23	81	17	19	85	64	84	30	14	25	16	26
CPCT02010486T	2	51	13	4	0	0	28	3	14	3	6	17	12	41	4	28	11	0
CPCT02060077T	37	89	11	13	86	10	15	29	10	7	27	59	38	36	10	29	23	1
CPCT02020491T	201	744	3872	241	296	0	54	111	98	850	31	178	116	3	77	27	52	51
CPCT02010538T	14	4	11	1	3	56	40	30	10	6	18	0	41	12	6	0	1	10
CPCT02170001T	16	163	26	17	23	74	10	13	41	24	22	13	5	21	14	19	11	24
CPCT02170002T	44	61	10	6	55	25	27	27	8	7	9	18	21	13	9	0	0	15
CPCT02050142T	7	103	4	5	15	44	28	5	14	13	19	51	14	18	14	9	10	17
CPCT02080071T	448	508	144	15	119	24	41	118	50	29	12	72	23	0	487	10	30	25
CPCT02020499T	9	106	8	0	3	56	48	12	8	22	28	12	14	0	6	11	0	25
CPCT02340008T	57	224	11	6	71	29	26	20	13	14	12	20	28	11	10	17	6	0
CPCT02020505T	26	32	63	8	29	351	11	47	31	17	42	0	60	32	8	3	9	27
CPCT02080158T	13	43	53	0	50	7	74	28	7	16	13	76	26	37	17	0	2	51
CPCT02010571T	4	0	24	26	17	17	146	20	8	0	18	0	22	8	12	31	4	0
CPCT02380010T	362	471	23	14	133	15	37	26	27	7	13	0	28	64	45	23	29	23
CPCT02110047T	988	637	31	47	439	22	75	25	47	5	2	21	0	69	58	0	38	0
CPCT02030425T	110	219	189	32	128	44	44	46	34	33	41	0	44	54	27	9	3	11
CPCT02080168T	0	26	6	0	0	41	21	5	3	16	18	24	22	12	2	9	3	10
CPCT02020641T	8	10	13	2	37	40	90	12	10	10	28	29	24	6	6	9	4	0
CPCT02230065T	21	48	1	16	43	0	74	46	19	5	13	69	22	21	11	0	11	22
CPCT02330074T	462	580	45	5	160	372	132	52	57	12	202	84	82	0	10	0	42	0
CPCT02010697T	19	26	15	7	0	5	76	2	4	1	2	16	10	35	2	7	0	26
CPCT02090028T	525	362	26	13	117	394	116	76	35	84	83	12	93	49	715	40	17	146
CPCT02450008T	135	112	22	25	165	36	74	9	29	15	16	67	34	46	14	26	23	23
CPCT02010688T	2	20	3	9	0	30	22	8	3	13	15	14	0	32	2	3	2	10
CPCT02020646T	10	56	29	7	0	72	25	4	4	14	29	0	23	28	14	13	3	19
CPCT02010704T	12	10	10	2	0	0	118	22	6	0	14	22	10	9	8	6	1	45
CPCT02010705T	7	49	0	12	18	0	69	30	6	7	4	19	27	45	2	14	5	0
CPCT02250003T	0	2	0	0	2	348	42	28	107	218	340	0	0	69	62	4	3205	0
CPCT02010698T	6	59	7	8	63	91	32	10	7	8	22	0	16	24	6	0	5	1
WIDE01010622T	57	202	131	25	20	54	22	47	3	17	81	0	71	58	28	21	12	80
WIDE01010631T	170	262	8	16	90	1	15	24	75	17	26	0	58	17	38	49	23	54
WIDE01010635T	130	49	11	52	229	51	0	17	76	24	0	9	3	129	61	107	15	0
WIDE01010636T	96	276	410	58	9	52	27	85	26	48	28	35	47	5	14	23	7	32
WIDE01010658T	16	37	404	39	48	77	20	84	10	110	16	2	45	7	19	15	22	16
WIDE01010504T	15	56	5	1	0	6	13	26	10	2	9	5	20	27	4	2	21	22
WIDE01010493T	5	142	6	5	35	6	29	7	0	2	16	33	11	7	4	0	20	10
WIDE01010304T	3	19	8	0	5	12	10	10	6	16	0	6	15	22	8	9	3	0
WIDE01010568T	22	36	16	2	7	114	18	9	28	24	52	0	35	0	12	9	2	7
WIDE01010464T	60	291	31	41	122	0	36	242	19	30	60	0	25	109	15	15	22	78
WIDE01010467T	6	13	19	1	0	2	7	7	1	4	0	8	21	17	4	13	7	5
WIDE01010486T	12	11	24	0	8	20	5	9	4	10	3	0	22	23	2	12	8	3
WIDE01010516T	241	371	24	24	191	38	16	6	14	0	5	18	68	36	10	18	18	0
WIDE01010510T	186	248	0	0	0	0	5	2	7	0	13	561	0	0	2	0	0	0
WIDE01010583T	15	54	4	1	15	80	5	41	3	13	35	2	28	38	13	4	3	0
WIDE01010566T	519	244	21	18	37	33	18	11	99	0	20	34	7	29	17	150	12	43
WIDE01010578T	18242	204	0	2342	2013	0	23	0	220	0	0	0	162	161	31	750	0	0
WIDE01010599T	108	335	30	13	164	19	26	30	14	13	37	51	0	33	7	0	25	0
WIDE01010604T	97	258	0	0	209	0	42	43	31	99	49	113	0	0	12	20	18	39
WIDE01010614T	436	553	14	30	61	0	22	15	34	45	17	19	8	37	132	14	35	15
WIDE01010662T	46	174	8	17	166	0	41	37	11	9	7	21	56	91	11	0	9	0
WIDE01010672T	137	79	0	13	95	0	20	1	18	6	28	45	2	24	5	13	15	1
WIDE01010686T	1	6	1	11	0	14	22	17	2	4	3	7	5	20	10	9	5	0
WIDE01010532T	228	219	35	1	104	97	4	42	13	13	45	45	5	42	9	10	30	37
WIDE01010703T	9	7	20	7	5	6	17	24	8	0	23	0	13	44	6	2	1	16
WIDE01010712T	42	14	5	1	10	58	19	27	1	1	0	44	41	4	14	8	0	22
WIDE01010721T	40	117	23	0	0	38	27	37	22	12	21	35	61	8	7	27	23	48
WIDE01010663T	46	82	3	0	30	43	13	14	1	10	30	49	1	30	10	22	9	11
