hdp.1	hdp.2	hdp.3	hdp.4	hdp.5
1	0.00920306122371774	0.000852067969088487	0.00810536015156356	0.0395157526806232	0.00312347177270512
2	0.0147937502480505	0.000634424831639948	0.0358014746047264	0.0225625390713724	0.000931817189115211
3	0.00637227600977799	0.000625065629419365	0.00287216363808732	0.0287016812498319	1.54160932022737e-05
4	0.0053603330607443	0.000713859368533273	0.00926154897199515	0.0237516477692972	0.000936099437226953
5	0.0021734900249127	0.00108887873699129	0.00384978273180583	0.0235260487895721	0.00290850291749564
6	0.00256111947633191	0.000808757873379826	0.00207110786965814	0.0110342039500766	1.1133845090531e-05
7	0.00506734971440056	0.0098361664687303	0.00784427716629908	0.0137660214892088	0.00989199313812563
8	0.00190513117393017	0.00835266720029878	0.00628806206200884	0.00981954415616339	0.0169816831119268
9	0.00467029692257777	0.00313098957187331	0.00285761722776518	0.0132363890355825	0.00646533819910912
10	0.00209366676550857	0.0349067856317065	0.00102928393037988	0.00431359007516813	0.0327377868142729
11	0.00989691484650032	0.00427849524610299	0.0185429111580498	0.0341748365681881	0.0097027177715866
12	0.00644216005247906	0.00220307302725373	0.00297524251123209	0.0275955521929658	0.00944406998563734
13	0.00689761004140148	0.0019850355909902	0.00800880208304596	0.0215450403787164	0.00143369666781145
14	0.00508812233339242	0.00258493279356193	0.0112659439943139	0.0278415429127586	0.00941238134961044
15	0.00310103561135365	0.0027851836260665	0.0117040919052236	0.0198275890661455	0.0118404160289686
16	0.00721920732648896	0.00213277798378856	0.00401179964677303	0.0303703643647709	0.00383603785849911
17	0.00531139359580156	0.00214144863434713	0.00870978858046598	0.0161645077833184	0.00488090639776432
18	0.00387560667912611	0.00200379715251559	0.010415480590825	0.0129188429628412	0.00735690225597395
19	0.00333025664708331	0.00209514108297026	0.013391726302769	0.0140320968445502	0.0134359816754039
20	0.0135571603664758	0.0518347301578101	0.00498314873604234	0.0100579801047865	0.0808813894353513
21	0.0120357035923356	0.0254930093164316	0.00150078826495935	0.00780770245159081	0.0408997517152545
22	0.0058716352570223	0.0345102524567607	0.0039403215960522	0.00870045528859164	0.0576339208863226
23	0.00248043642309533	0.0282711661845115	0.0051276096385518	0.00424086772504711	0.0402437113045355
24	0.004767109708111	0.0260917079290732	0.00345928685470995	0.00658960308706376	0.0298258580982879
25	0.00317924245835279	0.0253295852085732	0.00585568255519234	0.00335333566487084	0.0338777212616188
26	0.00312521301392199	0.0202632730833693	0.00276532276227303	0.0042428331939693	0.0533216970377977
27	0.00306389251779206	0.0157455757745601	0.00393756279409456	0.00293911308951937	0.0164309860047567
28	0.0013501170592107	0.0157707952052346	0.00103655713554094	0.00284249800781298	0.0328097285825502
29	0.012456039601141	0.0731822837870148	0.000674401678555431	0.000587429524119436	0.00319284419211535
30	0.00803171249814886	0.0458369959557359	0.000192363736501307	0.00069387195043677	0.00460598606899044
31	0.00230985332673837	0.0437143167296568	0.000165528117458752	0.000529939558145388	0.00162297203435048
32	0.00757457731331486	0.0511712056812864	7.57416537462775e-05	0.000288862510658062	0.0160430143258328
33	0.00568585100570772	0.0533783629380567	0.000327294232247987	0.000823838582916562	0.0185609762155375
34	0.0048937057520001	0.0593345329446478	0.00219349835650643	0.000932676424482814	0.00862359124742744
35	0.00296835222713084	0.0287735774188686	7.74972549920521e-05	0.000262328680208502	0.00829728394131265
36	0.00232749629618013	0.0220942888874916	0.000883067426624646	0.000989429339611041	0.00573050442313407
37	0.00118228530311756	0.0221555346750684	0.000269610191315392	0.00023038981022292	0.00202550335685429
38	0.0021101748070915	0.00107030745897363	0.000976866693184605	0.000915171466894563	2.74063879151532e-05
39	0.000219763303572774	0.000352824857050839	0.00131018012970382	0.000509056450847123	6.85159697878831e-06
40	0.00791017204199453	0.00235617670692462	0.00843716878701497	0.0112950585285935	0.00225074960753196
41	0.0109558369305388	0.00858450313340146	0.000244028573162676	0.00629994210465606	0.0126403399762421
42	0.0114914884881516	0.00639532668726922	0.0012534992894831	0.000420610349348588	0.00254022957988577
43	0.0109897128075371	0.0018801246426027	0.0026191062585178	0.0174929805120071	0.00370157526779039
44	0.00334401334840242	0.00164998164421315	0.00311819861267374	0.00895449214678466	0.00737660059728797
45	0.00586338123623083	0.0031031610992887	0.00359622375188037	0.0139246716837718	0.00686701307199059
46	0.00593880235121285	0.00129420052689268	0.00646713338907785	0.00712353500395735	0.00407926955124609
47	0.00527263408983497	0.00251705650849918	0.00251953858786458	0.00282161490051472	0.00253766023101872
48	0.0050790773022751	0.00497200604942266	0.00316108544310623	0.00910804440633073	0.00426597556891807
49	0.00486481667922997	0.00046120406566177	0.00234949606720241	0.0111938368791007	0.00106199753171219
50	0.000598003806341688	0.000608100971946383	0.000538718782274848	0.00214973163364495	0.000927534941003468
51	0.00452750236288541	0.00186914312635226	0.0025965342425007	0.00542475564614729	0.00604996013227008
52	0.0494944790574514	0.0128509948250321	0.00361152256273641	0.0112806246161961	0.0313306400847543
53	0.0550933877108223	0.0116559476991537	0.00215186552696378	0.01711855868233	0.0173919224810318
54	0.0536332858245653	0.0159204737817663	0.00194570778067424	0.014296022468258	0.0231010156636071
55	0.0231852348774474	0.00486593378313229	0.00168462479540975	0.00529933416055007	0.0104743788813226
56	0.0319837115153701	0.00604490685682128	0.00490339427944858	0.00892679131916255	0.0156362007552173
57	0.030343534408846	0.00752472404129387	0.00403562566367997	0.00867711534514064	0.0076472386779501
58	0.0172214641133404	0.00661063541879814	0.00153439548880704	0.00681507922498121	0.0123662760970906
59	0.0232330738062846	0.00738868114169265	0.00264243067506881	0.00725417726637914	0.0161749075676745
60	0.0310727083622654	0.0142286179957379	0.00096257108304044	0.00862638167858662	0.0227601487139124
61	0.0386604921088466	0.0113281833762399	0.00151408067439165	0.00366873200597847	0.00106713622944628
62	0.0361634788606617	0.00941956328793274	0.00310189660110583	0.0031105388320766	0.00175572172581451
63	0.0332408676654169	0.00933502248330096	0.00275955435817977	0.00262678779360267	0.00348917576144795
64	0.0188932472411451	0.00585214966348725	0.00146015863612857	0.00629214164987112	0.00122044071184667
65	0.0247845201893005	0.00678075672145447	0.00219174275526066	0.00185306866820194	0.000662035558075421
66	0.0235009855644743	0.00768076436437792	0.00365039659032142	0.00233866233379043	0.00167778481018079
67	0.0177749305991614	0.00557914775708779	0.000685186086208047	0.00336273306315506	0.00199638406969444
68	0.0133536299704595	0.00608270461586261	0.00023098696390835	0.00192093876692131	0.00188590206841148
69	0.0181615282979817	0.00751405247137562	0.00258499743431418	0.00160142722525785	0.000991768662679608
70	0.0114359114148224	0.00192849784896559	0.0159095092893878	0.0240699308928843	0.00610220355923334
71	0.0103435949383318	0.000272332971593923	0.105359649963208	0.0448665575585731	4.02531322503813e-05
72	0.0150139262526629	0.0119563072735826	0.0114405009181795	0.0355173132629474	0.0376606592435323
73	0.00152045941329457	0.0305416505773297	0.0015634883094513	0.00759377344359123	0.00339667920223431
74	0.0142853369590495	0.00532663761895414	0.0147821624894225	0.033529425710864	0.0445687818973956
75	0.00629038924517599	0.00506424254684659	0.0018634453223008	0.00857835053180061	0.0139815400848399
76	0.00397599620700231	0.000761679379543783	0.00328999673458168	0.00317011710878047	1.88418916916679e-05
77	0.0013578552037027	5.32558419376184e-05	0.00230485363552414	0.00202283604635608	0.00116048923828227
78	0.0101640355943641	0.000253416436902437	0.00547095508218973	0.00853492595280098	6.6803070543186e-05
79	0.0129039234043379	2.53489019271366e-05	0.0207133358981832	0.0095902599222092	1.28467443352281e-05
80	0.010099344706411	0.00257149328519613	0.0104769266344271	0.00709884380062234	0.00471304227178401
81	0.0163834058689802	0.0142056780437849	0.00422698619946941	0.00321434015952974	0.0206661293872702
82	0.0129300955285975	0.0025008686785423	0.020425918894232	0.0326447190122634	0.0108477909166666
83	0.012085537242864	0.00336961686068499	0.0159403577112778	0.0188492154892218	0.0188119159548857
84	0.00688392212358897	0.00080226861726042	0.0123325971512109	0.0120611614619207	0.0106884912869098
85	0.010730295812412	0.000110537062822341	0.123438079191661	0.0393307529183221	0.00118618272695273
86	0.00617321654169047	9.94123435196953e-05	0.144320454409794	0.0221498520186164	0.000102773954681825
87	0.00430708561599998	8.78658618030009e-05	0.10942461924771	0.0116189923753318	1.02773954681825e-05
88	0.0119325627241955	0.000180769332346823	0.0894054982421416	0.0120450691851203	2.82628375375018e-05
89	0	0	0	0	0
