MutationType	ID83A	ID83B	ID83C	ID83D	ID83E	ID83F	ID83G	ID83H	ID83I	ID83J	ID83K	ID83L	ID83M
1:Del:C:0	0.004621172281262874	0.01780867259949446	0.0014286125815124251	0.010456782679393655	0.001253842643054668	0.05067656501894817	0.03840313958702609	0.023999651024641935	0.14396603521192447	0.026838494439143688	0.04008672672556713	0.13470183946192266	0.020947158002818468
1:Del:C:1	0.0016874304119482986	0.005543453030331875	0.0012125001138520019	0.00314719432448328	0.003975559282698668	0.013577083989512176	0.02508083628890745	0.0029734825904597527	0.0353149968595244	0.011136613998678513	0.017478857428359335	0.17422958314418793	0.007172040287600794
1:Del:C:2	0.0012888013086194406	0.002983007003495004	0.0007445099695178215	0.0023272223120511626	0.0009963172354036942	0.0008750363888248103	0.012372787686763332	0.004057467741367873	0.003298651967469368	0.005552767025510548	0.0035184112148272106	0.13656176395714284	0.0034731673797432448
1:Del:C:3	0.0021041438373504205	0.002801339805155294	0.0028501768319983967	0.00533154674587422	0.005583204530412331	0.005151606553263264	0.009048697067482863	0.0014284744911128655	0.002152917930216063	0.002342740333842812	0.003433693554979982	0.050412258878350255	0.003942997160484083
1:Del:C:4	0.003258293699109345	0.002853580600931309	0.002864994057890726	0.011264109619078226	0.0015281540492287605	0.008298379713014583	0.0021686373140255453	8.855277315888089e-05	0.004426621382881421	0.001235958161414601	0.003154020915389992	0.025826536277309062	0.006344373001265922
1:Del:C:5	0.017136539949569853	0.010924448559962911	0.002956935949187027	0.03538289716932923	0.005385611804595101	0.004224785586120561	0.0022584379633190112	0.00264551169166225	0.005418172121571843	0.0016902880413545063	0.003435608169820625	0.016899086153134703	0.021888193998020142
1:Del:T:0	0.00206277849705657	0.01146048714290373	0.004949552882881108	0.008824582569213818	0.01941581073915586	0.13532456021755934	0.023585664022393756	0.013855476132011973	0.04847332820296288	0.011583573562820675	0.02656314601728809	0.03633536950685084	0.010063382033840752
1:Del:T:1	0.004797574261010596	0.011494804343528812	0.0005308349938422907	0.01163587466161604	0.003379484404576942	0.1996281957998872	0.008027461229357869	0.010238712062855483	0.006220960767241195	0.0034876613994129003	0.016704644225537777	0.02714966577477753	0.010139457972545642
1:Del:T:2	0.0025300271849846468	0.009934109080058989	0.003871877769837481	0.008480951563542475	0.006336883498224779	0.07590726032853126	0.027356268288567662	0.011106217260239646	0.02684507086800295	0.012138211722485722	0.025688858977810015	0.01717470872681588	0.00865580622048583
1:Del:T:3	0.010530727244913577	0.011131521345887449	0.0067829686155164385	0.015444355685613118	0.013864836951252074	0.10679520519450307	0.017288786124299804	0.008274174996186047	0.034746013826224956	0.011509816034304095	0.018716658476914744	0.02633088960312307	0.015245312807383015
1:Del:T:4	0.029443758256966247	0.014851368321687914	0.006868986341869459	0.033690599877154455	0.016456389267113992	0.09482846491038799	0.0163325123116374	0.0	0.02810367116588168	0.012295881744939834	0.01836062721675262	0.01053615645683749	0.021997652341378852
1:Del:T:5	0.7747372269630433	0.11597129285681383	0.0011271245847456375	0.47604850932955745	0.23768277090333867	0.06909419869748262	0.029006285563973506	0.03013733250012979	0.011017683194950223	0.01565975275191549	0.006362975894689953	0.0054699666827729395	0.3586458255723119
1:Ins:C:0	0.003688144371357753	0.0023818440463537626	0.0013891099257650147	0.004044657324120635	0.38430225700139997	0.008188839647110625	0.0031666851125191895	0.0020565601975567915	0.0012749409412444379	0.0043531538851675575	0.0024427800078188964	0.0010711365176666737	0.0034541514755255776
1:Ins:C:1	0.0006186764435369696	0.003566914735274622	0.000846164504182525	0.0019226989762682932	0.015537116760388017	0.004325518466575886	0.004668483891291544	0.00338192408089526	0.007153143276227638	0.0005713641400325286	0.00543332987697795	0.0026805168783175758	0.002555790225160308
1:Ins:C:2	0.0005492770947148529	0.0009778771183300706	0.00048559893795754763	0.0008187687654208275	0.0017700822470942512	0.0023288257750755294	0.004609476207115222	0.0012928068815745064	0.006192610067664646	0.0006456475709273945	0.0035905757552245634	0.0055397847550921146	0.0010281693420984084
1:Ins:C:3	0.000626347367415292	0.0014997045512791373	0.0019764461027807555	0.0008539967588876607	0.0006755694363528164	0.00146874798265344	0.0011225380735777435	0.0060688523156568405	0.0011484925077184017	5.284498995024478e-05	0.002230879136186559	0.007079859306104481	0.00085094733749429
1:Ins:C:4	0.0015157336083211704	0.002824312404009106	0.0029203215008601546	0.002694978345771233	0.000554436943057226	0.0068450806639157235	0.002071479096048279	0.0031449943911866286	0.002188628081348725	0.0002029318214772502	0.002952321086486336	0.0027170207689050587	0.002019247708922194
1:Ins:C:5	0.0064940059628133895	0.025364000004483387	0.03131895162165165	0.0216180005739443	0.004390958434960339	0.011622436880134045	0.007864390045724576	0.0031935995307867415	0.008701829855999677	0.002120279744704021	0.011939612459973431	0.005540523391173338	0.01995183328646817
1:Ins:T:0	0.0016107027863472467	0.009613442772242707	0.004765189605532214	0.005651050179731101	0.02125021992251277	0.008181065185490298	0.0031750836868013723	0.01590516502968967	0.014295563537161797	0.006242145975702443	0.007468112799397204	0.02154440788552165	0.00785414636367932
1:Ins:T:1	0.00026406958902953193	0.0056709571745523135	0.0036188522943120917	0.0021730345004107223	0.007412433140561916	0.0011709208739921451	0.007295934353460325	0.00724104728119682	0.08255852045956999	0.003543867150438018	0.03872136562305968	0.043903685013065116	0.002540512772684451
1:Ins:T:2	0.0008623182843075484	0.0064225810341304165	0.0041655244838329965	0.003484876775328303	0.004089174328546505	0.004632546228822321	0.0028752553672529756	0.0019228626578114928	0.02155399391107494	0.0030103786658582975	0.015217768140573754	0.05304698500782251	0.0038095243524730905
1:Ins:T:3	0.0011961112307108124	0.004868636846222216	0.005173823558725417	0.0030924630619847448	0.0033402221913638643	0.010223248925176448	0.007091700875594143	0.004393088396464009	0.014281817617011257	0.001978437849320471	0.010630769219715149	0.024148572022095322	0.0031547208103680146
1:Ins:T:4	0.0010915288720570971	0.008397177966544404	0.0178744990658015	0.004964893638534704	0.0006983255748491501	0.01780103876546491	0.0063808773687924255	0.0030873035895638166	0.01086956626852043	0.002181328862789087	0.008572028559574391	0.010421758932061494	0.005180560032458743
1:Ins:T:5	0.04613664300983572	0.443837628364563	0.8044006696343422	0.10810287767089903	0.13569810446305525	0.06270857287870267	0.1121891681169458	0.14555757052958	0.05734664479552049	0.07915502381278201	0.26874304524855686	0.012865653323533479	0.2390721233934164
2:Del:R:0	0.0035690314444946124	0.005217317697824911	0.0014118596902835635	0.007165167571820348	0.0016417242474562955	0.005439573535695672	0.031932825260446406	0.0019586398989122245	0.02052394661179278	0.006765092729474418	0.022449688477208837	0.01624785621650517	0.006130124053688632
2:Del:R:1	0.004984553623071406	0.012268343362229643	0.006052269844803959	0.010794657106598606	0.006933554254937917	0.005398407065076754	0.07035039512440562	0.0023568355355973836	0.02338033871492371	0.006755319262156263	0.023082328503369352	0.008854490568628534	0.009913891091709957
2:Del:R:2	0.0013434021792272687	0.0035489963174769913	0.0023386869457317516	0.003351601973554352	0.0006082437511940953	0.003160973865451524	0.014927155831246637	0.0042348114459309725	0.009584243759745733	0.001257529868016718	0.007837828136398457	0.009336941791698337	0.0031858938114987722
2:Del:R:3	0.002300064111022948	0.003916833255643724	0.00037782800318382216	0.010290519325208152	0.00019184943353138805	0.0007795422068011249	0.0015606198742898413	0.0012728705289191567	0.0013345044946476746	1.3550117291742935e-05	0.0014749309772014384	0.005855612434097566	0.006756832409992058
2:Del:R:4	0.0019068706320194905	0.0016189106074489246	0.0002529096661601216	0.00699457574482949	0.00043355327827157455	0.00021612807067867835	0.0002779048397860606	0.0017022223591629882	0.003210478631226579	0.00014242170913348674	0.0010753929118436645	0.0016333142829421377	0.003932266712363344
2:Del:R:5	0.005602890667505562	0.006177753084252799	0.00012770326808094978	0.029137930607853094	2.371114362631488e-09	6.863395380740656e-05	0.0005140241142410673	0.0043956559734547795	0.0028271932454855177	0.00026369589291817873	0.0004278579414184769	0.00042374005523043934	0.0185293792303014
3:Del:R:0	0.0006693757175889914	0.0016492278457735665	3.003838850418106e-05	0.0011731454518303507	0.0007893354902807914	0.0021303803253977095	0.006040287705836818	0.0024949293705867604	0.013367594023729907	0.005934939539292828	0.010919413411756977	0.0012321655551932053	0.0012810228582384297
3:Del:R:1	0.0044281326129566876	0.009177913150342647	0.007251656245207414	0.009407175859669223	0.0043847116647521035	0.0033317621019887155	0.0683665913157165	0.00581722588831326	0.010631344139382009	0.003253641055925982	0.014342842152691446	0.002296758898592088	0.008971811639203225
3:Del:R:2	0.0014279976260877447	0.003498006935114972	0.0008258873402155586	0.003737363899417687	0.00111259086017526	0.00016042085258163752	0.018144035539589824	0.0007941796602972317	0.002267524946582853	0.0002479833220058936	0.004746455709094519	4.3606320332401085e-10	0.0029827804228989407
3:Del:R:3	0.0004951145956329128	0.0004712571127311094	8.710950060162758e-05	0.0009686265657728654	0.00010581410282611614	0.0004013552542305021	0.004606592934578657	0.001348155272353324	0.0005636437390568716	4.395038413349539e-06	0.001006346654103254	0.0002270630815110053	0.0006963821699719119
3:Del:R:4	0.0002438273575171479	0.0007515361570154511	6.613183246372501e-05	0.0010500554669670237	0.0001322170315491178	4.8470225738128644e-05	0.0011004528501143795	0.0004963419404657543	0.0005309285657131113	0.00041779279530601343	0.0004352896495947789	0.0	0.0007787409929005662
3:Del:R:5	0.00044382812959156584	0.0004749460460607224	5.8716678076962125e-05	0.0016326781616953668	0.0002333405718081849	7.475632746448469e-05	0.00067379437830823	0.0007875692799058242	0.0003946421039477599	0.0003562820794053323	0.0002219592898472911	0.0	0.0012799700582036167
4:Del:R:0	0.0005606709834410139	0.0011944814699654672	4.182839358691126e-05	0.0013719944549666252	0.00034612187708262356	0.00204823013744317	0.005494234402613074	0.005166935759916669	0.009263104792917148	0.004370680177235044	0.009786112946021603	0.00030903312657756034	0.0011153713854582747
4:Del:R:1	0.003726586394623155	0.004485848334625188	0.0019842029943356464	0.006991214925656095	0.00383397038676776	0.0008606769082689425	0.04927656894549728	0.00593560019719007	0.009771021320648287	0.004337201929447474	0.009101132615760434	0.00035292323478643085	0.005370331712765619
4:Del:R:2	0.0008096862299498752	0.002513935090682935	1.8517898633945152e-05	0.002613705228577601	0.0007022631769450526	0.00011079394345870242	0.011358057651959826	0.002350945929210866	0.00410392286372371	8.962486521340906e-05	0.0030170520272804423	0.0005304401326065999	0.0026650878777581964
4:Del:R:3	0.0005843878710220452	0.0015944316756213084	0.00045773713569360555	0.0017206322465790436	1.5143931705097203e-07	6.901639280840754e-06	0.0023964488906494806	0.0023886048216809285	0.0012405030058289413	0.0003685617477822234	0.0008762631109857466	0.00020761636635143076	0.0014918455937004181
4:Del:R:4	0.00028058358662065076	0.00044526424432991265	6.084232014472946e-05	0.0008618658863633755	2.2985616660662344e-05	0.00016244718430794336	0.0012105314334257854	7.132091574021615e-05	0.0004110854930166852	0.00027950495956247323	0.00047943144530563584	2.2577419590348314e-05	0.0006906360612629214
4:Del:R:5	0.0002687122808303233	0.0006669413847353667	2.0751087692616466e-09	0.000842182036051069	0.0	1.800989149581156e-05	0.00036893038406203614	0.0001663697322728197	0.00024656365276989336	1.0597651926218532e-05	0.000151168513277824	5.825946510773505e-09	0.0007652768777372288
5:Del:R:0	0.0006714792035200093	0.003455653383571189	0.0021185606357175856	0.00041944056043575985	0.00459117900896672	0.00641471478692603	0.022143435913021675	0.12415094256401062	0.04688653963724846	0.06912173729389906	0.05278147555305623	0.005078710975649301	0.0012848202705208677
5:Del:R:1	0.0020856387844469283	0.00550058506327332	0.0007212062085454818	0.004968310314646942	0.002623461391631281	0.0014650085442553973	0.014099236713373103	0.004131306363779004	0.007863864164537517	0.010853922003880143	0.004558661559319122	0.00012166961932489783	0.00511347087471222
5:Del:R:2	0.0003234117140436865	0.0012638368435727897	0.000273220138878969	0.0012192442745435983	0.0002503352441635798	0.0005869942213985269	0.002225262845022371	0.0032399037496361415	0.0016796697483005118	0.002373813679732848	0.0011371534736463217	0.0	0.001277239709161222
5:Del:R:3	0.00024085166562144876	0.0006298872370163621	0.00010749099187705724	0.0008550538231520477	3.028584819730895e-07	0.00013571077751402426	0.00018233235560728646	0.0007685285327954716	0.00036095275869271856	0.0004914365708282276	0.0004155610568403745	3.197602447329473e-05	0.0006801793948216073
5:Del:R:4	0.00012025030506313428	0.0001404707000200389	2.3938916929182596e-05	0.00037872836556413603	0.0	6.380161378787718e-05	0.0004553737131314506	4.671484752662325e-05	0.00011863569171271848	5.36669340078788e-10	0.00011061489084585929	2.957011244753005e-09	0.00025486503333400635
5:Del:R:5	5.141655067845807e-05	7.646693550537264e-05	3.12645518363297e-10	0.00026446784296368264	2.3909614321704354e-05	2.12455252089061e-05	0.00011397355463691028	0.0001026604244430196	4.985881438078543e-05	1.0509878174858045e-07	6.351784326408705e-05	1.0955311182430094e-05	0.0001223847057275229
2:Ins:R:0	0.002728365027601285	0.011633298241631564	0.000774276481824927	0.007418150546436663	0.021845054365694522	0.0014568862789019477	0.0012709945527603849	0.02210899951867759	0.010955012499180157	0.003051697425544262	0.00707274758053245	0.009050007506739349	0.00872503327060258
2:Ins:R:1	0.0007457587918906939	0.004747447948902845	0.0018791410489211557	0.002877911925443186	0.001243164441548288	0.0025087819949840195	0.007588506265019532	0.005646855503946426	0.011799547928676475	8.230343082686886e-05	0.013495436614030042	0.004634507255395874	0.0028238770669759107
2:Ins:R:2	0.00031037140831131183	0.003093399897334166	0.0015077805217151763	0.0012578808197577019	0.00011033301339921308	0.0015847812740321387	0.0045485927036497745	0.0021815609631812547	0.0046492615857584955	0.0009126698822365143	0.00700089978199685	0.0012953266873591929	0.0014254605281530531
2:Ins:R:3	0.0005295145781929022	0.0016822089435299858	0.0008139520674558298	0.0009814026937965536	0.0005117937575414544	0.0011924221070626117	0.000940336696421582	0.002661915653734468	0.0005991840423666872	0.0003654473627102561	0.0013507723852490016	0.0020131481599673863	0.001276977228371834
2:Ins:R:4	0.001910792721027974	0.006506201236152265	0.00270629751146771	0.00244771653888165	0.0015744441670540255	7.912143022565488e-05	0.001211360484303441	0.0010138917318545282	0.0036099570820806548	0.0007068905887535948	0.00420151364596677	0.000275475854286924	0.003955435965835931
2:Ins:R:5	0.012643436744983774	0.0445561263221316	0.015736978375352918	0.01452436765364837	0.000587413976645621	0.0007035115614255006	0.001833713277883362	0.004639007326961746	0.014562111074337736	0.0020814898965181784	0.010817704091855517	0.0003027965737177851	0.028834058637730777
3:Ins:R:0	0.0010242940466559957	0.005078325140857487	0.0006205612602570909	0.00417858568354859	0.0064119442779337985	0.0013735304170404562	0.0010536532502737827	0.011062426790595055	0.002962647954991553	0.0020998087334737647	0.0056495293384068645	0.00020087136581423693	0.004363500583567656
3:Ins:R:1	0.00044563925970578564	0.004412349543126765	0.0032680957291449887	0.0018389260058575018	0.001936613224024768	0.0049223400000119	0.007761554876924493	0.0017809153575217352	0.0033877774703432806	0.0008181054487067741	0.007352818047511391	0.0011990422573217073	0.001734463552620582
3:Ins:R:2	0.0004206395962683018	0.0005311802670985344	0.0004026704352509114	0.0007295951113729871	0.0003274083678206807	0.0007507738250569673	0.0007835465475181991	0.0008849864248622907	0.0014707767367961111	0.000834983841086796	0.0011081993539119464	2.7816035874650426e-09	0.00038044139168050603
3:Ins:R:3	7.41528509388445e-05	0.000322882817908976	2.867924042448067e-05	0.0001638849054666025	0.0002164487925256253	0.00010867536080215956	0.00016954126788419898	0.0004767886039932989	0.0002961015338928874	0.0	0.00022234665329719404	2.0669512789677214e-05	0.000212355320527422
3:Ins:R:4	0.00020410560346647343	0.00021295388342558398	2.334335003979504e-06	0.0006950599864103423	0.0008942656219096534	0.0003148006104850687	0.0004612082523817662	8.473405523545808e-06	3.317471198348798e-05	0.00022977859363891185	0.00016664850081440363	3.5960582067673383e-10	0.00032836785655263154
3:Ins:R:5	0.0008316428269972676	0.003832931901561096	0.0014431216892262454	0.0020450100555899553	0.001435984596319031	6.928774106427227e-06	0.0030734735491569154	0.00014984499794081784	0.0006918299097895186	0.0003597163079211896	0.0016281630475714337	0.0	0.002391288915387122
4:Ins:R:0	0.001808236595334165	0.010180300105421338	8.062061155214906e-05	0.006815330527551851	0.004857814544520806	0.00034455297514796257	0.0007170181363471784	0.024625570201314985	0.004801613437011838	0.001124405355531053	0.004742823457793293	0.0024515141586016398	0.008642519871086734
4:Ins:R:1	0.0005153148092313132	0.005577202024433063	0.0024281148690170084	0.002129546534961264	0.0015219985706062288	0.0025432507330697264	0.009166868612810504	0.005042183456826024	0.009584492374415277	0.0002116757235489789	0.011690952278004261	0.0009537522978176835	0.002391569332248764
4:Ins:R:2	0.000195236102972558	0.0009507900188509665	0.00010548638170803315	0.0008227734410138509	0.0002506206182889059	0.00011930217217980044	0.0006520932921557687	0.0003085832805663813	0.0004922750500554685	0.0009288695094545573	0.0004775756880371773	6.121303659512023e-09	0.0007410747227339698
4:Ins:R:3	5.458534788886027e-05	0.000929265715289489	0.0003471470403479593	0.0003892787532834063	0.00010880923485274253	0.00016949349389921764	0.00034534453092994967	0.00012650760705582798	0.0005318973999438015	1.0431426926515997e-06	0.0003982438423383883	2.2769416849293122e-05	0.0006234954121464398
4:Ins:R:4	0.0001930839632950665	0.0014573137502884492	0.0006948259971613879	0.0006691684542602161	0.0005429575274320086	0.0003951768749696072	0.000767316883939202	0.0006520366014444789	0.00073991999925056	0.0005091381218880997	0.000521604600653518	9.7120935294015e-10	0.0009470721090247025
4:Ins:R:5	0.0007565040576992032	0.0030290756766771666	0.0009285608473874162	0.0011074273248232202	0.0008195563597837463	0.000933191915397913	0.002248216423207623	0.0008621373694040812	0.0006222564401105046	0.000309390407637693	0.0010006243776297197	0.00021653230663224221	0.001855873396852985
5:Ins:R:0	0.003258219491552694	0.012722999715841113	1.9659818590866964e-08	0.010794103972466046	8.72103801619062e-09	3.3520157529665086e-08	0.00026624918481466865	0.32536421850323677	0.005961379672598763	5.322126371254398e-07	0.003545818448235423	6.862970625377329e-05	0.013111013780461178
5:Ins:R:1	0.00093140706208942	0.016946131540462376	0.007490540055150632	0.00562170164019335	0.006288923516403883	0.016079870309622494	0.0335700888838619	0.020503090370912105	0.01161315851873951	0.009630467010429128	0.023649422085145488	0.001787199075533863	0.007169558790919837
5:Ins:R:2	0.0002934733684742241	0.001218054346286408	0.0003159106615566998	0.0007399700946393751	0.00042789451672433645	0.0001022187749913428	0.00048726341856308863	0.0007335266453446821	0.0010795264440821484	0.0006543665679419064	0.0009808073948079255	0.0002813695043007236	0.0008502432041066754
5:Ins:R:3	0.00018922792347954244	0.0008434673679221305	5.436672330688452e-05	0.0004044605008311919	0.00013165564725568403	0.00016789973793493118	0.00020307950751885073	0.000494270250583213	0.0005932029899850022	0.00043342947741621175	0.0004335752811311977	0.0005987623190597446	0.0005507769654138884
5:Ins:R:4	6.198024103468924e-05	0.0006051813006448015	0.00020213265306523454	0.00027729628025269904	0.000390768880943142	8.276310950531495e-05	0.0002494979026560884	0.00030544496556558445	0.00039649544604117184	9.423841547686606e-06	0.000557158605006407	2.799636131811667e-09	0.00033508920310850956
5:Ins:R:5	5.593290651631833e-05	0.0005476193341928592	0.00017056920179438605	0.00032741428830377115	0.00011739151506425572	0.00031502502125462683	0.00019912076618538776	3.284971390193903e-07	0.00023684575520263707	0.00010290010365054059	0.00022611578176508828	3.4676745563899658e-09	0.00023175789296345784
2:Del:M:1	0.003435121121292468	0.009774387219222263	0.006178629979258403	0.00966373970528366	0.0014553122120560147	0.006117038914235309	0.050514851748012006	0.0017400512978201733	0.028342885572928935	0.0032383012607169804	0.024386431390885265	0.013184338053688406	0.009632248211928526
3:Del:M:1	0.00030574606000300264	0.0017861926579280406	0.00020553570736637995	0.0009417733092413982	5.983936382108368e-05	0.0020253654944826847	0.008611105851014145	0.001791087956444244	0.009526322438188118	0.004816031092195772	0.009769395831099245	0.0007202366038018226	0.0010572294828853047
3:Del:M:2	0.0015705574355524732	0.007520195448014419	0.002895040773000801	0.006549054896895541	0.0005698248048065579	0.0030170070969484184	0.04361246505752206	0.0008946080300665926	0.006513239707564935	0.0033707403857260944	0.012569331440972746	0.001494125964018167	0.005100713791543967
4:Del:M:1	0.0006053856778635236	0.002529110584000591	0.00010763922596197517	0.0020780553319491445	0.0002983083923209051	0.0008571507827582536	0.009915320469881408	0.0036670594780298417	0.007909826953109586	0.0059220131274196315	0.007697954993927851	0.00011179999828527797	0.0018800608924175323
4:Del:M:2	0.00046357234162314854	0.003383186463834136	0.0011345915059791877	0.002664998938853387	0.00011052535810449627	0.0031624942964117507	0.021543669736129232	0.0005850768574464382	0.00813595297748492	0.008869331143796445	0.008897801420243923	0.0022436814315005904	0.002118659902989748
4:Del:M:3	0.0019396875229722354	0.0032997492181311826	0.0011314291208145732	0.003917456386116101	0.0005498324871587102	0.0014577980408648729	0.036652749902568754	0.005993036362342536	0.006564267819630914	0.006469211155781522	0.007904983544722199	0.001127543112525018	0.003568802327499725
5:Del:M:1	0.0007771792575658764	0.00911413055844605	0.0016687543323496356	0.003911421035300009	0.007938810028135776	0.0020498816829058342	0.02008839596004691	0.04638452971354127	0.049938685062807055	0.10168186604976653	0.05196560943961231	0.011229549531126395	0.0035170572493461805
5:Del:M:2	0.0006474536856876512	0.006751104414042856	0.0009257030217850116	0.0034803644108978913	0.005187977786117699	0.0027159428492450387	0.01066510349323373	0.008986883299658075	0.01667904557720476	0.19244784042239188	0.02022749096417101	0.018761185621842744	0.0037005231267539782
5:Del:M:3	0.0009993179048024103	0.0035345605510519818	0.0006506976690434385	0.002221088569222047	0.0029992828516697046	0.0038428788498276844	0.004499120742257219	0.0038645254050788933	0.009033534693880938	0.15364809431135654	0.007604522317096546	0.012363602614495903	0.00292816514695005
5:Del:M:4	0.0011636728726807633	0.0014885473932372405	0.0006146874081969145	0.0014536674486953416	1.5677945402785553e-05	0.0005905334928820594	0.004804829207132571	0.0006813618565502111	0.004558587295468897	0.08559332557022571	0.003478056663971074	0.006511288203764707	0.002380407332821051
5:Del:M:5	0.0019196347727847751	0.005280134800414089	0.002672551233736158	0.0041941591464274095	0.0037219728135096373	0.0009254515921929851	0.008264109262963757	0.01154810283871484	0.012965227343229344	0.0712457300722599	0.005261625349849055	0.0019186893341695565	0.0049571427761839005
